1,right,0,0,0,0,0,0,0,0,0,0,0,0,0,0,0,0,0,0,0,0,0,0,0,0,0,0,0,0,0,0,0,0,0,0,0,0,0,0,0,0,0,0,0,0,0,0,0,0,0,0,0,0,0,0,0,0,0,0,0,0,0,0,0
1,left,0,0,0,0,0,0,0,0,0,0,0,0,0,0,0,0,0,0,0,0,0,0,0,0,0,0,0,0,0,0,0,0,0,0,0,0,0,0,0,0,0,0,0,0,0,0,0,0,0,0,0,0,0,0,0,0,0,0,0,0,0,0,0
2,right,0,0,0,0,0,0,0,0,0,0,0,0,0,0,0,0,0,0,0,0,0,0,0,0,0,0,0,0,0,0,0,0,0,0,0,0,0,0,0,0,0,0,0,0,0,0,0,0,0,0,0,0,0,0,0,0,0,0,0,0,0,0,0
2,left,0,0,0,0,0,0,0,0,0,0,0,0,0,0,0,0,0,0,0,0,0,0,0,0,0,0,0,0,0,0,0,0,0,0,0,0,0,0,0,0,0,0,0,0,0,0,0,0,0,0,0,0,0,0,0,0,0,0,0,0,0,0,0
3,right,0,0,0,0,0,0,0,0,0,0,0,0,0,0,0,0,0,0,0,0,0,0,0,0,0,0,0,0,0,0,0,0,0,0,0,0,0,0,0,0,0,0,0,0,0,0,0,0,0,0,0,0,0,0,0,0,0,0,0,0,0,0,0
3,left,0,0,0,0,0,0,0,0,0,0,0,0,0,0,0,0,0,0,0,0,0,0,0,0,0,0,0,0,0,0,0,0,0,0,0,0,0,0,0,0,0,0,0,0,0,0,0,0,0,0,0,0,0,0,0,0,0,0,0,0,0,0,0
4,right,0,0,0,0,0,0,0,0,0,0,0,0,0,0,0,0,0,0,0,0,0,0,0,0,0,0,0,0,0,0,0,0,0,0,0,0,0,0,0,0,0,0,0,0,0,0,0,0,0,0,0,0,0,0,0,0,0,0,0,0,0,0,0
4,left,0,0,0,0,0,0,0,0,0,0,0,0,0,0,0,0,0,0,0,0,0,0,0,0,0,0,0,0,0,0,0,0,0,0,0,0,0,0,0,0,0,0,0,0,0,0,0,0,0,0,0,0,0,0,0,0,0,0,0,0,0,0,0
5,right,0.46929508447647095,0.9392101764678955,-9.553689750418926e-08,0.49051740765571594,0.9038872718811035,-0.0022527689579874277,0.5229268074035645,0.877022385597229,-0.012851091101765633,0.5492938160896301,0.8709380626678467,-0.02404620312154293,0.5641821622848511,0.8772250413894653,-0.03434082493185997,0.525173544883728,0.8764950633049011,-0.029072606936097145,0.5674591660499573,0.8737315535545349,-0.04536097124218941,0.5635673403739929,0.8832054734230042,-0.05211080238223076,0.5510395765304565,0.8864280581474304,-0.05436067655682564,0.5178502202033997,0.9037805199623108,-0.036536820232868195,0.5659489035606384,0.907060444355011,-0.04888639599084854,0.5587928891181946,0.9156633019447327,-0.04846774786710739,0.5428262948989868,0.9169265627861023,-0.04776725918054581,0.5109157562255859,0.9356522560119629,-0.04334727302193642,0.5577192306518555,0.9380315542221069,-0.05164605379104614,0.5496390461921692,0.9449060559272766,-0.043274927884340286,0.5338587164878845,0.9449887275695801,-0.03741029277443886,0.5046178102493286,0.9673641920089722,-0.05021658167243004,0.5462303757667542,0.968034565448761,-0.05322897434234619,0.5386427640914917,0.9715737104415894,-0.04441710188984871,0.5236117839813232,0.9712028503417969,-0.03818994387984276
5,left,0,0,0,0,0,0,0,0,0,0,0,0,0,0,0,0,0,0,0,0,0,0,0,0,0,0,0,0,0,0,0,0,0,0,0,0,0,0,0,0,0,0,0,0,0,0,0,0,0,0,0,0,0,0,0,0,0,0,0,0,0,0,0
6,right,0.47813576459884644,0.8735833764076233,6.5777634006281e-08,0.4917672872543335,0.8374859690666199,0.00015068514039739966,0.5180336236953735,0.8100656867027283,-0.009518429636955261,0.5440381765365601,0.8023653626441956,-0.019616523757576942,0.5615612268447876,0.8087084293365479,-0.028989752754569054,0.5184516310691833,0.7905300855636597,-0.03190472349524498,0.5569306015968323,0.772318959236145,-0.044912733137607574,0.5683844089508057,0.781279444694519,-0.04704359918832779,0.5685936212539673,0.7892120480537415,-0.046821657568216324,0.514103353023529,0.8101558685302734,-0.03955600783228874,0.5640119314193726,0.8126211166381836,-0.05068446695804596,0.5671539306640625,0.8308979868888855,-0.04682241007685661,0.5588247179985046,0.8396864533424377,-0.043969251215457916,0.5112037658691406,0.8382893800735474,-0.04580896347761154,0.5595822334289551,0.8450191020965576,-0.0539100207388401,0.5589774250984192,0.8607969880104065,-0.04398612678050995,0.5483449101448059,0.8675954937934875,-0.037366535514593124,0.5091511607170105,0.8689844012260437,-0.051848847419023514,0.5495695471763611,0.8711628317832947,-0.05516400188207626,0.5494720935821533,0.883147656917572,-0.04649190604686737,0.5407170057296753,0.8882187604904175,-0.040348660200834274
6,left,0,0,0,0,0,0,0,0,0,0,0,0,0,0,0,0,0,0,0,0,0,0,0,0,0,0,0,0,0,0,0,0,0,0,0,0,0,0,0,0,0,0,0,0,0,0,0,0,0,0,0,0,0,0,0,0,0,0,0,0,0,0,0
7,right,0,0,0,0,0,0,0,0,0,0,0,0,0,0,0,0,0,0,0,0,0,0,0,0,0,0,0,0,0,0,0,0,0,0,0,0,0,0,0,0,0,0,0,0,0,0,0,0,0,0,0,0,0,0,0,0,0,0,0,0,0,0,0
7,left,0,0,0,0,0,0,0,0,0,0,0,0,0,0,0,0,0,0,0,0,0,0,0,0,0,0,0,0,0,0,0,0,0,0,0,0,0,0,0,0,0,0,0,0,0,0,0,0,0,0,0,0,0,0,0,0,0,0,0,0,0,0,0
8,right,0,0,0,0,0,0,0,0,0,0,0,0,0,0,0,0,0,0,0,0,0,0,0,0,0,0,0,0,0,0,0,0,0,0,0,0,0,0,0,0,0,0,0,0,0,0,0,0,0,0,0,0,0,0,0,0,0,0,0,0,0,0,0
8,left,0,0,0,0,0,0,0,0,0,0,0,0,0,0,0,0,0,0,0,0,0,0,0,0,0,0,0,0,0,0,0,0,0,0,0,0,0,0,0,0,0,0,0,0,0,0,0,0,0,0,0,0,0,0,0,0,0,0,0,0,0,0,0
9,right,0.49500805139541626,0.691337525844574,-3.076285679526336e-07,0.5231338739395142,0.651003360748291,0.0003955060674343258,0.5359975099563599,0.6119352579116821,-0.006478076800704002,0.5440526604652405,0.5788373351097107,-0.01620512455701828,0.5496642589569092,0.5594423413276672,-0.024090928956866264,0.5108487606048584,0.5582668781280518,-0.008564124815165997,0.5539145469665527,0.541739821434021,-0.02482813596725464,0.5608974695205688,0.5702124834060669,-0.03323707729578018,0.555266261100769,0.5899158120155334,-0.03683243319392204,0.5052772760391235,0.5726381540298462,-0.015654247254133224,0.561663031578064,0.5893823504447937,-0.028960280120372772,0.5603489875793457,0.6191801428794861,-0.029788458719849586,0.5491119623184204,0.6274057626724243,-0.029892360791563988,0.5054028630256653,0.5936459302902222,-0.023687362670898438,0.5578044056892395,0.6166654229164124,-0.034065037965774536,0.5529083013534546,0.6400283575057983,-0.030127445235848427,0.5409878492355347,0.6428123712539673,-0.027046209201216698,0.5096416473388672,0.615691065788269,-0.03224368020892143,0.5502127408981323,0.6342443823814392,-0.035163361579179764,0.5459964871406555,0.6526385545730591,-0.030323198065161705,0.5346221923828125,0.655167818069458,-0.02664732187986374
9,left,0,0,0,0,0,0,0,0,0,0,0,0,0,0,0,0,0,0,0,0,0,0,0,0,0,0,0,0,0,0,0,0,0,0,0,0,0,0,0,0,0,0,0,0,0,0,0,0,0,0,0,0,0,0,0,0,0,0,0,0,0,0,0
10,right,0.4965517222881317,0.6775962114334106,-2.027735774845496e-07,0.5298781394958496,0.636725127696991,-0.0015217179898172617,0.5394885540008545,0.5962945222854614,-0.009042606689035892,0.5443858504295349,0.5639216899871826,-0.01904834620654583,0.5502532124519348,0.5431274175643921,-0.026598963886499405,0.5108261704444885,0.5411564707756042,-0.010153038427233696,0.5578229427337646,0.5231645107269287,-0.028371144086122513,0.5635142922401428,0.5541623830795288,-0.037039779126644135,0.5572657585144043,0.5738255381584167,-0.0405343733727932,0.5052521228790283,0.5523858070373535,-0.01694304496049881,0.5625502467155457,0.5623753070831299,-0.03284139558672905,0.5597276091575623,0.5948082208633423,-0.03347745165228844,0.5468012094497681,0.6059475541114807,-0.032466303557157516,0.5047171711921692,0.5714009404182434,-0.025250038132071495,0.5587935447692871,0.5920746326446533,-0.03866181522607803,0.5522969365119934,0.6186851263046265,-0.03399085998535156,0.5391026735305786,0.6244590282440186,-0.029408782720565796,0.5080668926239014,0.5936312079429626,-0.034153204411268234,0.549667477607727,0.6111878156661987,-0.039619240909814835,0.5445595979690552,0.6322907209396362,-0.034912265837192535,0.5323505997657776,0.6364399194717407,-0.030952339991927147
10,left,0,0,0,0,0,0,0,0,0,0,0,0,0,0,0,0,0,0,0,0,0,0,0,0,0,0,0,0,0,0,0,0,0,0,0,0,0,0,0,0,0,0,0,0,0,0,0,0,0,0,0,0,0,0,0,0,0,0,0,0,0,0,0
11,right,0.4913613498210907,0.6805111169815063,-1.811711456412013e-07,0.5288444757461548,0.637101948261261,0.002500866074115038,0.5400155782699585,0.5937655568122864,-0.0008315654704347253,0.5450760722160339,0.5601943135261536,-0.006912955082952976,0.5507541298866272,0.5368700623512268,-0.010873142629861832,0.5101836323738098,0.5433015823364258,-0.0010375394485890865,0.5551462173461914,0.5283932089805603,-0.01499229483306408,0.5614281296730042,0.5560417771339417,-0.022471532225608826,0.5554487705230713,0.571020781993866,-0.02641655132174492,0.5039874315261841,0.5531802773475647,-0.008746434934437275,0.5588527917861938,0.5641109347343445,-0.020404396578669548,0.5565841197967529,0.5927857756614685,-0.02180020697414875,0.5433948636054993,0.6008970141410828,-0.022412844002246857,0.5035096406936646,0.5716435313224792,-0.01768239587545395,0.5559467077255249,0.5905354022979736,-0.026763346046209335,0.5494117140769958,0.6146812438964844,-0.02347097545862198,0.5354025363922119,0.6175854206085205,-0.02127677947282791,0.5070832371711731,0.5931620597839355,-0.02706661820411682,0.5489963293075562,0.6109743118286133,-0.03108610399067402,0.5439997315406799,0.6308088898658752,-0.028483234345912933,0.5313189029693604,0.6332678198814392,-0.026563046500086784
11,left,0,0,0,0,0,0,0,0,0,0,0,0,0,0,0,0,0,0,0,0,0,0,0,0,0,0,0,0,0,0,0,0,0,0,0,0,0,0,0,0,0,0,0,0,0,0,0,0,0,0,0,0,0,0,0,0,0,0,0,0,0,0,0
12,right,0.492048442363739,0.6822876930236816,-1.5235302441851672e-07,0.5301761627197266,0.639535665512085,0.0035465487744659185,0.5399742126464844,0.5982794165611267,7.595738134114072e-05,0.5443013310432434,0.5651955008506775,-0.006617436651140451,0.5501922369003296,0.5428541898727417,-0.011275739409029484,0.5089595317840576,0.5459355711936951,-0.0002755800378508866,0.5543190836906433,0.5307254791259766,-0.015057011507451534,0.5624732971191406,0.5571000576019287,-0.02307792380452156,0.5579536557197571,0.5739439725875854,-0.026913072913885117,0.5033731460571289,0.5553315877914429,-0.008514673449099064,0.5585717558860779,0.5683885812759399,-0.020401792600750923,0.5560196042060852,0.5972334146499634,-0.021405257284641266,0.5428024530410767,0.6051416397094727,-0.02155202068388462,0.5035678148269653,0.5738316774368286,-0.018024777993559837,0.5555638670921326,0.595100998878479,-0.027215203270316124,0.5485978126525879,0.6191260814666748,-0.023353157564997673,0.5348848700523376,0.622047483921051,-0.02064589411020279,0.5076301097869873,0.5955196022987366,-0.02794342301785946,0.5485947728157043,0.6149424910545349,-0.031829237937927246,0.543264627456665,0.634734570980072,-0.028612587600946426,0.5309916138648987,0.637366771697998,-0.026140162721276283
12,left,0,0,0,0,0,0,0,0,0,0,0,0,0,0,0,0,0,0,0,0,0,0,0,0,0,0,0,0,0,0,0,0,0,0,0,0,0,0,0,0,0,0,0,0,0,0,0,0,0,0,0,0,0,0,0,0,0,0,0,0,0,0,0
13,right,0.49055367708206177,0.6834074258804321,-1.6703951644103654e-07,0.5282153487205505,0.6413275003433228,0.0023261583410203457,0.5392642021179199,0.5988944172859192,-0.0013202981790527701,0.5441389679908752,0.5651375651359558,-0.007766260299831629,0.5496589541435242,0.5408968925476074,-0.011950965970754623,0.5076336860656738,0.5488596558570862,-0.0013845955254510045,0.5521743893623352,0.5323712825775146,-0.016179868951439857,0.5592430830001831,0.5605944395065308,-0.02406429499387741,0.5538330674171448,0.5772565603256226,-0.028003064915537834,0.5018126964569092,0.5585750937461853,-0.009108996950089931,0.5570072531700134,0.5696521997451782,-0.021494906395673752,0.5547059178352356,0.5983145236968994,-0.0230855792760849,0.5415022373199463,0.6063013672828674,-0.023657657206058502,0.5017048716545105,0.5768622159957886,-0.018136300146579742,0.5539836883544922,0.5972095727920532,-0.02807004377245903,0.5471166968345642,0.6215498447418213,-0.02474088966846466,0.5333636999130249,0.6240342259407043,-0.02229754626750946,0.5057528614997864,0.5982543230056763,-0.027584480121731758,0.5473881363868713,0.6171631813049316,-0.03213964402675629,0.5417776107788086,0.6371645927429199,-0.02942190319299698,0.529098629951477,0.639382541179657,-0.027306703850626945
13,left,0,0,0,0,0,0,0,0,0,0,0,0,0,0,0,0,0,0,0,0,0,0,0,0,0,0,0,0,0,0,0,0,0,0,0,0,0,0,0,0,0,0,0,0,0,0,0,0,0,0,0,0,0,0,0,0,0,0,0,0,0,0,0
14,right,0.48973971605300903,0.6840644478797913,-1.5897565219802345e-07,0.5270825028419495,0.6419593095779419,0.0026716708671301603,0.5380544662475586,0.6004606485366821,-0.0010954488534480333,0.5430514216423035,0.5673032402992249,-0.007725556846708059,0.5486570000648499,0.5440385937690735,-0.012188791297376156,0.5067786574363708,0.549479603767395,-0.002428967971354723,0.5520021319389343,0.5329561829566956,-0.017360199242830276,0.5592696666717529,0.561501145362854,-0.025082822889089584,0.5536655783653259,0.5786113142967224,-0.02875732257962227,0.500849187374115,0.5595769882202148,-0.010234738700091839,0.5559735894203186,0.5707816481590271,-0.02235996164381504,0.5543568134307861,0.5999800562858582,-0.0234579648822546,0.5415194034576416,0.6082637310028076,-0.023752521723508835,0.5007718205451965,0.5784363150596619,-0.01922554522752762,0.5529996752738953,0.5994018316268921,-0.02901551127433777,0.5466379523277283,0.624117374420166,-0.025329098105430603,0.532882034778595,0.6272917985916138,-0.022620104253292084,0.5047212839126587,0.6001980304718018,-0.028578471392393112,0.5466349124908447,0.618862509727478,-0.03291633352637291,0.5416378378868103,0.6386727690696716,-0.02984786406159401,0.5290650725364685,0.6413753628730774,-0.027447447180747986
14,left,0,0,0,0,0,0,0,0,0,0,0,0,0,0,0,0,0,0,0,0,0,0,0,0,0,0,0,0,0,0,0,0,0,0,0,0,0,0,0,0,0,0,0,0,0,0,0,0,0,0,0,0,0,0,0,0,0,0,0,0,0,0,0
15,right,0.4921373128890991,0.6873812675476074,-1.739002613021512e-07,0.522351086139679,0.6471608877182007,0.0009782217675819993,0.5354833602905273,0.6050028800964355,-0.003534967778250575,0.5434030890464783,0.57182776927948,-0.010385286994278431,0.5505110621452332,0.5492312908172607,-0.015117399394512177,0.5087551474571228,0.5542711615562439,-0.006113905925303698,0.5512170791625977,0.5358792543411255,-0.02042647823691368,0.5588741898536682,0.562976062297821,-0.02704559452831745,0.5532791018486023,0.5786988735198975,-0.029818817973136902,0.5032513737678528,0.5682180523872375,-0.012982567772269249,0.5569416284561157,0.582260012626648,-0.02443058043718338,0.5546663999557495,0.608292281627655,-0.025533905252814293,0.5417996048927307,0.6121652722358704,-0.026121245697140694,0.5032450556755066,0.5899413228034973,-0.020780811086297035,0.5541639924049377,0.6121273636817932,-0.030114397406578064,0.5470404028892517,0.6326703429222107,-0.027082592248916626,0.5339099168777466,0.631550669670105,-0.025068100541830063,0.5068252682685852,0.6137453317642212,-0.028927892446517944,0.5479151010513306,0.6301739811897278,-0.03318474814295769,0.5424497723579407,0.647510290145874,-0.030148066580295563,0.5301854610443115,0.648932158946991,-0.0277156513184309
15,left,0,0,0,0,0,0,0,0,0,0,0,0,0,0,0,0,0,0,0,0,0,0,0,0,0,0,0,0,0,0,0,0,0,0,0,0,0,0,0,0,0,0,0,0,0,0,0,0,0,0,0,0,0,0,0,0,0,0,0,0,0,0,0
16,right,0.4855405390262604,0.715144693851471,-2.9820648705936037e-07,0.510114848613739,0.6689425110816956,-0.0031418355647474527,0.5253462791442871,0.6153536438941956,-0.007561127655208111,0.5334847569465637,0.5721629858016968,-0.013250929303467274,0.5393726825714111,0.5343572497367859,-0.01681077666580677,0.5180063843727112,0.5826987624168396,-0.008523690514266491,0.5593507289886475,0.5744343996047974,-0.02403751015663147,0.5646666288375854,0.6016209721565247,-0.03141888976097107,0.5574025511741638,0.6158286929130554,-0.03471188619732857,0.5121262669563293,0.6023514866828918,-0.013713723979890347,0.5661551356315613,0.6198893189430237,-0.02512897364795208,0.5622859001159668,0.6428301334381104,-0.026150699704885483,0.5497415661811829,0.643987774848938,-0.027157342061400414,0.5104164481163025,0.6293059587478638,-0.02042098343372345,0.5619837045669556,0.6533914804458618,-0.030176766216754913,0.5541164875030518,0.6678873300552368,-0.027379948645830154,0.5414283871650696,0.6635512113571167,-0.025726664811372757,0.512182891368866,0.658218264579773,-0.027805831283330917,0.552827000617981,0.6760351061820984,-0.03320556879043579,0.5461457371711731,0.6866116523742676,-0.03148873895406723,0.5332004427909851,0.6834949254989624,-0.030035894364118576
16,left,0,0,0,0,0,0,0,0,0,0,0,0,0,0,0,0,0,0,0,0,0,0,0,0,0,0,0,0,0,0,0,0,0,0,0,0,0,0,0,0,0,0,0,0,0,0,0,0,0,0,0,0,0,0,0,0,0,0,0,0,0,0,0
17,right,0,0,0,0,0,0,0,0,0,0,0,0,0,0,0,0,0,0,0,0,0,0,0,0,0,0,0,0,0,0,0,0,0,0,0,0,0,0,0,0,0,0,0,0,0,0,0,0,0,0,0,0,0,0,0,0,0,0,0,0,0,0,0
17,left,0,0,0,0,0,0,0,0,0,0,0,0,0,0,0,0,0,0,0,0,0,0,0,0,0,0,0,0,0,0,0,0,0,0,0,0,0,0,0,0,0,0,0,0,0,0,0,0,0,0,0,0,0,0,0,0,0,0,0,0,0,0,0
18,right,0.4826136529445648,0.7772805690765381,-3.763148868074495e-07,0.5174384713172913,0.7236770391464233,-0.005941035691648722,0.5410219430923462,0.665105402469635,-0.015915043652057648,0.5508607029914856,0.6180996298789978,-0.026342516764998436,0.544301450252533,0.5790585279464722,-0.03518066927790642,0.5281269550323486,0.6476120948791504,-0.02357366494834423,0.5776305794715881,0.6647229194641113,-0.04285041242837906,0.5782362818717957,0.6975387334823608,-0.05347922816872597,0.565931499004364,0.7120057344436646,-0.05923963338136673,0.5179421901702881,0.6801509261131287,-0.029482638463377953,0.5749449729919434,0.7126054167747498,-0.04198901355266571,0.5759181380271912,0.7404448986053467,-0.04202268645167351,0.565818190574646,0.7515196800231934,-0.04451849311590195,0.5120525360107422,0.7159301042556763,-0.036217447370290756,0.5678260922431946,0.7474029064178467,-0.04715625196695328,0.5691308975219727,0.7664686441421509,-0.04141029343008995,0.5598182082176208,0.7707749605178833,-0.03871295973658562,0.5114063024520874,0.750906765460968,-0.04357542097568512,0.5573103427886963,0.7718368172645569,-0.04749670252203941,0.556321918964386,0.7839223146438599,-0.04066945239901543,0.5453406572341919,0.7845517992973328,-0.036902546882629395
18,left,0,0,0,0,0,0,0,0,0,0,0,0,0,0,0,0,0,0,0,0,0,0,0,0,0,0,0,0,0,0,0,0,0,0,0,0,0,0,0,0,0,0,0,0,0,0,0,0,0,0,0,0,0,0,0,0,0,0,0,0,0,0,0
19,right,0.4795021116733551,0.8208935856819153,-1.9709042931026488e-07,0.5035952925682068,0.7804284691810608,-0.009896277450025082,0.5386145710945129,0.7319719195365906,-0.021654803305864334,0.5564978718757629,0.6914647817611694,-0.03219568356871605,0.5554255247116089,0.651577889919281,-0.04055246710777283,0.53398197889328,0.7297715544700623,-0.03679991513490677,0.5868029594421387,0.7561171054840088,-0.056185003370046616,0.5743804574012756,0.7692047953605652,-0.06335483491420746,0.5562226176261902,0.7649357318878174,-0.06654730439186096,0.523012101650238,0.7634309530258179,-0.04115062952041626,0.5808722376823425,0.793963611125946,-0.05538448318839073,0.5662057995796204,0.8009815812110901,-0.05303970351815224,0.5473902821540833,0.7946341633796692,-0.05277927592396736,0.5158756375312805,0.8003143072128296,-0.04575672745704651,0.57137531042099,0.8265078663825989,-0.05690748244524002,0.556612491607666,0.8291881680488586,-0.04807800427079201,0.5388143658638,0.822262704372406,-0.04324722662568092,0.5123602151870728,0.8366729021072388,-0.05100236460566521,0.5602142214775085,0.8529914021492004,-0.05629754438996315,0.5470024943351746,0.8534723520278931,-0.04893714189529419,0.5279591083526611,0.8473662734031677,-0.044731512665748596
19,left,0,0,0,0,0,0,0,0,0,0,0,0,0,0,0,0,0,0,0,0,0,0,0,0,0,0,0,0,0,0,0,0,0,0,0,0,0,0,0,0,0,0,0,0,0,0,0,0,0,0,0,0,0,0,0,0,0,0,0,0,0,0,0
20,right,0.4807843565940857,0.8355488777160645,-2.066447706283725e-07,0.5063486695289612,0.795494556427002,-0.012047328986227512,0.5425742864608765,0.7501583695411682,-0.023170161992311478,0.5614196062088013,0.710716962814331,-0.03227908909320831,0.5625061988830566,0.6717422604560852,-0.039221327751874924,0.5353019833564758,0.7564861178398132,-0.037465594708919525,0.5883520245552063,0.791162371635437,-0.05625199154019356,0.5756605863571167,0.7975165843963623,-0.06333580613136292,0.5567116141319275,0.7875508666038513,-0.0669194832444191,0.523686408996582,0.7920392751693726,-0.04063193500041962,0.5815175175666809,0.8283341526985168,-0.05442230775952339,0.5662182569503784,0.827557384967804,-0.0527142733335495,0.5471144914627075,0.8170273900032043,-0.053628984838724136,0.5155935287475586,0.8289318680763245,-0.04406815767288208,0.5714430809020996,0.858600914478302,-0.055076614022254944,0.556136965751648,0.8552625775337219,-0.04702669754624367,0.5387029051780701,0.8450626730918884,-0.043275754898786545,0.5107406377792358,0.8636094331741333,-0.04829999804496765,0.555388331413269,0.8822760581970215,-0.05391629412770271,0.5413784980773926,0.8775113821029663,-0.04738716408610344,0.5223866105079651,0.8685093522071838,-0.0441860593855381
20,left,0,0,0,0,0,0,0,0,0,0,0,0,0,0,0,0,0,0,0,0,0,0,0,0,0,0,0,0,0,0,0,0,0,0,0,0,0,0,0,0,0,0,0,0,0,0,0,0,0,0,0,0,0,0,0,0,0,0,0,0,0,0,0
21,right,0.4789299964904785,0.8513513803482056,-1.8026599946097122e-07,0.5043690204620361,0.8104669451713562,-0.01093072909861803,0.5428799390792847,0.7659739255905151,-0.022832421585917473,0.5627479553222656,0.7292073369026184,-0.032869961112737656,0.5654604434967041,0.6904366612434387,-0.040760643780231476,0.5387429594993591,0.7756156921386719,-0.03987525776028633,0.5913277268409729,0.8120415210723877,-0.059740521013736725,0.5773575901985168,0.8194321393966675,-0.06726274639368057,0.5571261048316956,0.8099827766418457,-0.07053875178098679,0.526520311832428,0.8116738200187683,-0.043369702994823456,0.583760142326355,0.8505282998085022,-0.05829755589365959,0.5684483647346497,0.849717915058136,-0.05627267062664032,0.5486798286437988,0.8371927738189697,-0.05636563524603844,0.5170688629150391,0.8498690724372864,-0.046778853982686996,0.5705389380455017,0.8822354674339294,-0.05701015889644623,0.5554874539375305,0.8773328065872192,-0.04751034080982208,0.5376433730125427,0.864665150642395,-0.042545270174741745,0.5100560188293457,0.885341465473175,-0.05087485536932945,0.5560417771339417,0.905097246170044,-0.05426947399973869,0.5442805886268616,0.8987287282943726,-0.04587739333510399,0.5262589454650879,0.8885068297386169,-0.04137896001338959
21,left,0,0,0,0,0,0,0,0,0,0,0,0,0,0,0,0,0,0,0,0,0,0,0,0,0,0,0,0,0,0,0,0,0,0,0,0,0,0,0,0,0,0,0,0,0,0,0,0,0,0,0,0,0,0,0,0,0,0,0,0,0,0,0
22,right,0.48175710439682007,0.8517972230911255,-1.24239221577227e-07,0.5072526335716248,0.8117179274559021,-0.012016314081847668,0.5443225502967834,0.7684063911437988,-0.026361076161265373,0.5615975856781006,0.7317072749137878,-0.03857356682419777,0.5643585324287415,0.6913182735443115,-0.048524197190999985,0.537563145160675,0.7802637219429016,-0.04626503959298134,0.5923016667366028,0.814789891242981,-0.06755263358354568,0.5786277055740356,0.8193544149398804,-0.07547679543495178,0.5582205057144165,0.8083946108818054,-0.07842276245355606,0.5243950486183167,0.815633237361908,-0.0493851862847805,0.5853808522224426,0.855529248714447,-0.06611306965351105,0.568192183971405,0.8516656160354614,-0.0627567246556282,0.5463882088661194,0.8393605351448059,-0.06115404888987541,0.5153542757034302,0.8531871438026428,-0.052306562662124634,0.574045717716217,0.8859165906906128,-0.06266837567090988,0.5578126907348633,0.8787471652030945,-0.050499074161052704,0.5378695130348206,0.8681759834289551,-0.04334178939461708,0.5090926289558411,0.8884700536727905,-0.056121278554201126,0.5589144229888916,0.9089677333831787,-0.059230051934719086,0.5464621782302856,0.9006147384643555,-0.04915162920951843,0.5262876749038696,0.890758752822876,-0.043265748769044876
22,left,0,0,0,0,0,0,0,0,0,0,0,0,0,0,0,0,0,0,0,0,0,0,0,0,0,0,0,0,0,0,0,0,0,0,0,0,0,0,0,0,0,0,0,0,0,0,0,0,0,0,0,0,0,0,0,0,0,0,0,0,0,0,0
23,right,0.4821862578392029,0.8492971658706665,-1.1066509131296698e-07,0.5062999129295349,0.809756875038147,-0.012551109306514263,0.5429168939590454,0.767100989818573,-0.027238216251134872,0.5602983236312866,0.732254147529602,-0.039624784141778946,0.5639984607696533,0.6927322149276733,-0.04969799146056175,0.5364254713058472,0.780156135559082,-0.047630153596401215,0.5919398665428162,0.8143441677093506,-0.0693698599934578,0.5784435868263245,0.8193669319152832,-0.07752218097448349,0.5578690767288208,0.8081782460212708,-0.08056474477052689,0.523762047290802,0.8160009384155273,-0.050485771149396896,0.5851284861564636,0.8536864519119263,-0.06781423836946487,0.5679743885993958,0.8504650592803955,-0.06454259902238846,0.5456959009170532,0.8381525874137878,-0.06278666108846664,0.5150412321090698,0.8535981178283691,-0.05315796658396721,0.573279619216919,0.884757936000824,-0.06372267752885818,0.5573948621749878,0.878206729888916,-0.05146470665931702,0.5372591018676758,0.8677411675453186,-0.04415873438119888,0.5090522170066833,0.8889906406402588,-0.05677025392651558,0.5582873225212097,0.9086830615997314,-0.06024971976876259,0.5465641021728516,0.9004064202308655,-0.05037996172904968,0.5264945030212402,0.8908759355545044,-0.0445450134575367
23,left,0,0,0,0,0,0,0,0,0,0,0,0,0,0,0,0,0,0,0,0,0,0,0,0,0,0,0,0,0,0,0,0,0,0,0,0,0,0,0,0,0,0,0,0,0,0,0,0,0,0,0,0,0,0,0,0,0,0,0,0,0,0,0
24,right,0.4817963242530823,0.8522692918777466,-1.0836541264325206e-07,0.5053890943527222,0.8124241232872009,-0.012357261963188648,0.5424171686172485,0.7698513269424438,-0.02720792219042778,0.5594803094863892,0.7351197004318237,-0.03962242603302002,0.5633934140205383,0.695323646068573,-0.049753110855817795,0.5351689457893372,0.7832369804382324,-0.04872995242476463,0.5910840034484863,0.8166642785072327,-0.07029275596141815,0.5775083303451538,0.821247398853302,-0.07813041657209396,0.5569740533828735,0.8103609681129456,-0.08087696135044098,0.5225990414619446,0.8194370269775391,-0.05152278020977974,0.584675669670105,0.856296718120575,-0.06918618083000183,0.5672397017478943,0.8524885773658752,-0.06566192209720612,0.5447139739990234,0.840158224105835,-0.06341569870710373,0.5141494870185852,0.8573721051216125,-0.05392971634864807,0.5722272992134094,0.8870212435722351,-0.06426218897104263,0.5561928153038025,0.8802616596221924,-0.05122027173638344,0.5359759330749512,0.8701825141906738,-0.043227668851614,0.508396565914154,0.8930990695953369,-0.05723775178194046,0.5570781230926514,0.9100161790847778,-0.06000130623579025,0.5448991656303406,0.9017412066459656,-0.049129318445920944,0.5247616767883301,0.8928187489509583,-0.04255115985870361
24,left,0,0,0,0,0,0,0,0,0,0,0,0,0,0,0,0,0,0,0,0,0,0,0,0,0,0,0,0,0,0,0,0,0,0,0,0,0,0,0,0,0,0,0,0,0,0,0,0,0,0,0,0,0,0,0,0,0,0,0,0,0,0,0
25,right,0.4817330241203308,0.8529799580574036,-1.0272206907302461e-07,0.5048728585243225,0.8135627508163452,-0.012384927831590176,0.5422011017799377,0.7717885971069336,-0.027293438091874123,0.5595282316207886,0.7374996542930603,-0.03969305381178856,0.5633597373962402,0.6977869272232056,-0.04977914318442345,0.535060703754425,0.7843858599662781,-0.049569468945264816,0.5911469459533691,0.8167970776557922,-0.07116994261741638,0.5774770379066467,0.8215218782424927,-0.07871617376804352,0.5569567680358887,0.8108816146850586,-0.08124662190675735,0.5220085978507996,0.8204789161682129,-0.05236511304974556,0.5844632983207703,0.8567745089530945,-0.07064470648765564,0.5668501853942871,0.8526971936225891,-0.06693382561206818,0.5442798137664795,0.8404986262321472,-0.0643317922949791,0.5132373571395874,0.8584328889846802,-0.054729022085666656,0.5714783072471619,0.8878844976425171,-0.06537660956382751,0.5556210279464722,0.8806226849555969,-0.05208393186330795,0.5354255437850952,0.870543897151947,-0.04374297335743904,0.5073152780532837,0.8943449854850769,-0.05799874663352966,0.5562525391578674,0.9106472730636597,-0.06079694628715515,0.5444296598434448,0.9017145037651062,-0.0498427115380764,0.5243666768074036,0.892831563949585,-0.04313986748456955
25,left,0,0,0,0,0,0,0,0,0,0,0,0,0,0,0,0,0,0,0,0,0,0,0,0,0,0,0,0,0,0,0,0,0,0,0,0,0,0,0,0,0,0,0,0,0,0,0,0,0,0,0,0,0,0,0,0,0,0,0,0,0,0,0
26,right,0.4803914427757263,0.8607286214828491,-1.2647429059597926e-07,0.5049374103546143,0.8214887380599976,-0.011972072534263134,0.5444962382316589,0.7805586457252502,-0.025777101516723633,0.5653247237205505,0.7482222318649292,-0.03704608976840973,0.5714856386184692,0.7099716663360596,-0.04611501097679138,0.5341309905052185,0.7929109930992126,-0.04819090664386749,0.5898355841636658,0.8227686882019043,-0.06993360817432404,0.5764943957328796,0.827564537525177,-0.07801495492458344,0.5552961230278015,0.8170650005340576,-0.08084439486265182,0.5208673477172852,0.8285454511642456,-0.051033977419137955,0.5828749537467957,0.863303542137146,-0.06960434466600418,0.5648130774497986,0.8602696657180786,-0.0663355216383934,0.5416250228881836,0.8485335111618042,-0.06390876322984695,0.5121700167655945,0.8661431074142456,-0.053447213023900986,0.5708522200584412,0.8936136960983276,-0.06413768976926804,0.5540664792060852,0.8874948620796204,-0.05058089643716812,0.5334204435348511,0.8779938817024231,-0.04191439971327782,0.5058754086494446,0.9014723300933838,-0.056782059371471405,0.5543239116668701,0.916520357131958,-0.05925153195858002,0.5416391491889954,0.908416748046875,-0.0478120781481266,0.5219755172729492,0.9000966548919678,-0.040717657655477524
26,left,0,0,0,0,0,0,0,0,0,0,0,0,0,0,0,0,0,0,0,0,0,0,0,0,0,0,0,0,0,0,0,0,0,0,0,0,0,0,0,0,0,0,0,0,0,0,0,0,0,0,0,0,0,0,0,0,0,0,0,0,0,0,0
27,right,0.47787797451019287,0.884052574634552,-1.6315635775754345e-07,0.5031281113624573,0.8465579152107239,-0.007565631996840239,0.5416613221168518,0.813940167427063,-0.01914106495678425,0.5692139863967896,0.7968267202377319,-0.029752666130661964,0.5894692540168762,0.7902326583862305,-0.03800148889422417,0.5329375267028809,0.8137466907501221,-0.039082106202840805,0.5867815613746643,0.8421372771263123,-0.058878879994153976,0.5744908452033997,0.8516243100166321,-0.06565792113542557,0.5554913282394409,0.8444605469703674,-0.06764179468154907,0.5211576223373413,0.847968339920044,-0.04422225058078766,0.5813360810279846,0.8806976079940796,-0.05970720946788788,0.5649909973144531,0.8848840594291687,-0.056069280952215195,0.5432001352310181,0.8760361671447754,-0.05359368026256561,0.512594997882843,0.8859490156173706,-0.04901563748717308,0.56984943151474,0.9125596880912781,-0.058235544711351395,0.553503692150116,0.9133304953575134,-0.04525917023420334,0.5329357385635376,0.9055737853050232,-0.037209074944257736,0.5057916641235352,0.9233419895172119,-0.05455183982849121,0.5524575710296631,0.9398526549339294,-0.057542942464351654,0.5391089916229248,0.9369245767593384,-0.046901751309633255,0.5192541480064392,0.9290825128555298,-0.040134456008672714
27,left,0,0,0,0,0,0,0,0,0,0,0,0,0,0,0,0,0,0,0,0,0,0,0,0,0,0,0,0,0,0,0,0,0,0,0,0,0,0,0,0,0,0,0,0,0,0,0,0,0,0,0,0,0,0,0,0,0,0,0,0,0,0,0
28,right,0.48316481709480286,0.9026475548744202,-1.0605680245134863e-07,0.509796679019928,0.8637135624885559,-0.012192956171929836,0.5498636364936829,0.8341456651687622,-0.027691563591361046,0.5797014832496643,0.8286998271942139,-0.040975820273160934,0.5986505150794983,0.838784396648407,-0.0520758330821991,0.534117579460144,0.8380097150802612,-0.04755749925971031,0.5880311727523804,0.8697580099105835,-0.06854826956987381,0.5752077698707581,0.8754943609237671,-0.07582392543554306,0.5565423369407654,0.8651426434516907,-0.07846253365278244,0.5215193033218384,0.8739345073699951,-0.050744879990816116,0.5831745266914368,0.9070178866386414,-0.06754222512245178,0.5670583248138428,0.9091235399246216,-0.0639725923538208,0.5451571345329285,0.9008774161338806,-0.06173880025744438,0.5140929222106934,0.9121922254562378,-0.0535757839679718,0.5729658603668213,0.938535213470459,-0.06310027092695236,0.5574496388435364,0.9375820755958557,-0.04995311424136162,0.5365006923675537,0.9306843876838684,-0.04194066300988197,0.5096250772476196,0.9496489763259888,-0.05757293105125427,0.5567631125450134,0.9635111093521118,-0.05983075872063637,0.5436127781867981,0.9598575830459595,-0.04899735003709793,0.5233156681060791,0.9533836245536804,-0.04260258376598358
28,left,0,0,0,0,0,0,0,0,0,0,0,0,0,0,0,0,0,0,0,0,0,0,0,0,0,0,0,0,0,0,0,0,0,0,0,0,0,0,0,0,0,0,0,0,0,0,0,0,0,0,0,0,0,0,0,0,0,0,0,0,0,0,0
29,right,0,0,0,0,0,0,0,0,0,0,0,0,0,0,0,0,0,0,0,0,0,0,0,0,0,0,0,0,0,0,0,0,0,0,0,0,0,0,0,0,0,0,0,0,0,0,0,0,0,0,0,0,0,0,0,0,0,0,0,0,0,0,0
29,left,0,0,0,0,0,0,0,0,0,0,0,0,0,0,0,0,0,0,0,0,0,0,0,0,0,0,0,0,0,0,0,0,0,0,0,0,0,0,0,0,0,0,0,0,0,0,0,0,0,0,0,0,0,0,0,0,0,0,0,0,0,0,0
30,right,0,0,0,0,0,0,0,0,0,0,0,0,0,0,0,0,0,0,0,0,0,0,0,0,0,0,0,0,0,0,0,0,0,0,0,0,0,0,0,0,0,0,0,0,0,0,0,0,0,0,0,0,0,0,0,0,0,0,0,0,0,0,0
30,left,0,0,0,0,0,0,0,0,0,0,0,0,0,0,0,0,0,0,0,0,0,0,0,0,0,0,0,0,0,0,0,0,0,0,0,0,0,0,0,0,0,0,0,0,0,0,0,0,0,0,0,0,0,0,0,0,0,0,0,0,0,0,0
31,right,0,0,0,0,0,0,0,0,0,0,0,0,0,0,0,0,0,0,0,0,0,0,0,0,0,0,0,0,0,0,0,0,0,0,0,0,0,0,0,0,0,0,0,0,0,0,0,0,0,0,0,0,0,0,0,0,0,0,0,0,0,0,0
31,left,0,0,0,0,0,0,0,0,0,0,0,0,0,0,0,0,0,0,0,0,0,0,0,0,0,0,0,0,0,0,0,0,0,0,0,0,0,0,0,0,0,0,0,0,0,0,0,0,0,0,0,0,0,0,0,0,0,0,0,0,0,0,0
32,right,0,0,0,0,0,0,0,0,0,0,0,0,0,0,0,0,0,0,0,0,0,0,0,0,0,0,0,0,0,0,0,0,0,0,0,0,0,0,0,0,0,0,0,0,0,0,0,0,0,0,0,0,0,0,0,0,0,0,0,0,0,0,0
32,left,0,0,0,0,0,0,0,0,0,0,0,0,0,0,0,0,0,0,0,0,0,0,0,0,0,0,0,0,0,0,0,0,0,0,0,0,0,0,0,0,0,0,0,0,0,0,0,0,0,0,0,0,0,0,0,0,0,0,0,0,0,0,0
33,right,0,0,0,0,0,0,0,0,0,0,0,0,0,0,0,0,0,0,0,0,0,0,0,0,0,0,0,0,0,0,0,0,0,0,0,0,0,0,0,0,0,0,0,0,0,0,0,0,0,0,0,0,0,0,0,0,0,0,0,0,0,0,0
33,left,0,0,0,0,0,0,0,0,0,0,0,0,0,0,0,0,0,0,0,0,0,0,0,0,0,0,0,0,0,0,0,0,0,0,0,0,0,0,0,0,0,0,0,0,0,0,0,0,0,0,0,0,0,0,0,0,0,0,0,0,0,0,0
34,right,0,0,0,0,0,0,0,0,0,0,0,0,0,0,0,0,0,0,0,0,0,0,0,0,0,0,0,0,0,0,0,0,0,0,0,0,0,0,0,0,0,0,0,0,0,0,0,0,0,0,0,0,0,0,0,0,0,0,0,0,0,0,0
34,left,0,0,0,0,0,0,0,0,0,0,0,0,0,0,0,0,0,0,0,0,0,0,0,0,0,0,0,0,0,0,0,0,0,0,0,0,0,0,0,0,0,0,0,0,0,0,0,0,0,0,0,0,0,0,0,0,0,0,0,0,0,0,0
35,right,0,0,0,0,0,0,0,0,0,0,0,0,0,0,0,0,0,0,0,0,0,0,0,0,0,0,0,0,0,0,0,0,0,0,0,0,0,0,0,0,0,0,0,0,0,0,0,0,0,0,0,0,0,0,0,0,0,0,0,0,0,0,0
35,left,0,0,0,0,0,0,0,0,0,0,0,0,0,0,0,0,0,0,0,0,0,0,0,0,0,0,0,0,0,0,0,0,0,0,0,0,0,0,0,0,0,0,0,0,0,0,0,0,0,0,0,0,0,0,0,0,0,0,0,0,0,0,0
36,right,0,0,0,0,0,0,0,0,0,0,0,0,0,0,0,0,0,0,0,0,0,0,0,0,0,0,0,0,0,0,0,0,0,0,0,0,0,0,0,0,0,0,0,0,0,0,0,0,0,0,0,0,0,0,0,0,0,0,0,0,0,0,0
36,left,0,0,0,0,0,0,0,0,0,0,0,0,0,0,0,0,0,0,0,0,0,0,0,0,0,0,0,0,0,0,0,0,0,0,0,0,0,0,0,0,0,0,0,0,0,0,0,0,0,0,0,0,0,0,0,0,0,0,0,0,0,0,0
