1,right,0,0,0,0,0,0,0,0,0,0,0,0,0,0,0,0,0,0,0,0,0,0,0,0,0,0,0,0,0,0,0,0,0,0,0,0,0,0,0,0,0,0,0,0,0,0,0,0,0,0,0,0,0,0,0,0,0,0,0,0,0,0,0
1,left,0,0,0,0,0,0,0,0,0,0,0,0,0,0,0,0,0,0,0,0,0,0,0,0,0,0,0,0,0,0,0,0,0,0,0,0,0,0,0,0,0,0,0,0,0,0,0,0,0,0,0,0,0,0,0,0,0,0,0,0,0,0,0
2,right,0,0,0,0,0,0,0,0,0,0,0,0,0,0,0,0,0,0,0,0,0,0,0,0,0,0,0,0,0,0,0,0,0,0,0,0,0,0,0,0,0,0,0,0,0,0,0,0,0,0,0,0,0,0,0,0,0,0,0,0,0,0,0
2,left,0,0,0,0,0,0,0,0,0,0,0,0,0,0,0,0,0,0,0,0,0,0,0,0,0,0,0,0,0,0,0,0,0,0,0,0,0,0,0,0,0,0,0,0,0,0,0,0,0,0,0,0,0,0,0,0,0,0,0,0,0,0,0
3,right,0,0,0,0,0,0,0,0,0,0,0,0,0,0,0,0,0,0,0,0,0,0,0,0,0,0,0,0,0,0,0,0,0,0,0,0,0,0,0,0,0,0,0,0,0,0,0,0,0,0,0,0,0,0,0,0,0,0,0,0,0,0,0
3,left,0,0,0,0,0,0,0,0,0,0,0,0,0,0,0,0,0,0,0,0,0,0,0,0,0,0,0,0,0,0,0,0,0,0,0,0,0,0,0,0,0,0,0,0,0,0,0,0,0,0,0,0,0,0,0,0,0,0,0,0,0,0,0
4,right,0,0,0,0,0,0,0,0,0,0,0,0,0,0,0,0,0,0,0,0,0,0,0,0,0,0,0,0,0,0,0,0,0,0,0,0,0,0,0,0,0,0,0,0,0,0,0,0,0,0,0,0,0,0,0,0,0,0,0,0,0,0,0
4,left,0,0,0,0,0,0,0,0,0,0,0,0,0,0,0,0,0,0,0,0,0,0,0,0,0,0,0,0,0,0,0,0,0,0,0,0,0,0,0,0,0,0,0,0,0,0,0,0,0,0,0,0,0,0,0,0,0,0,0,0,0,0,0
5,right,0.26123541593551636,0.8612635135650635,-9.317348315107665e-08,0.30941829085350037,0.8111552000045776,0.001981588313356042,0.3366626799106598,0.7544049620628357,-0.0018959330627694726,0.3474450409412384,0.7121508121490479,-0.009602907113730907,0.3538267910480499,0.6821340918540955,-0.016263458877801895,0.32314372062683105,0.6917562484741211,0.001610050443559885,0.35509583353996277,0.6684756278991699,-0.012352514080703259,0.36913084983825684,0.6904103755950928,-0.022752953693270683,0.3743216395378113,0.7095951437950134,-0.02896122634410858,0.3065226376056671,0.7054543495178223,-0.007098801899701357,0.3522505760192871,0.7212962508201599,-0.01872449368238449,0.3578338623046875,0.7565733790397644,-0.024097859859466553,0.3509793281555176,0.7766396403312683,-0.027784520760178566,0.2924230098724365,0.7306371331214905,-0.017102470621466637,0.34228312969207764,0.764564573764801,-0.027531398460268974,0.3425982594490051,0.7959660291671753,-0.024524135515093803,0.3308112323284149,0.8115158677101135,-0.02198515087366104,0.27998340129852295,0.7628726959228516,-0.027639586478471756,0.32742342352867126,0.7985710501670837,-0.03165930509567261,0.32842347025871277,0.8221215009689331,-0.026780692860484123,0.3181943893432617,0.8325484395027161,-0.022574743255972862
5,left,0,0,0,0,0,0,0,0,0,0,0,0,0,0,0,0,0,0,0,0,0,0,0,0,0,0,0,0,0,0,0,0,0,0,0,0,0,0,0,0,0,0,0,0,0,0,0,0,0,0,0,0,0,0,0,0,0,0,0,0,0,0,0
6,right,0.29698944091796875,0.7170195579528809,-5.079421683262808e-08,0.32552191615104675,0.6607858538627625,-2.3468404833693057e-05,0.34254106879234314,0.6069283485412598,-0.009872948750853539,0.3477386236190796,0.5738266110420227,-0.02368393912911415,0.3453827500343323,0.5580413341522217,-0.03691603243350983,0.3073769509792328,0.5478569269180298,-0.015299617312848568,0.3167845606803894,0.4854918122291565,-0.03788507729768753,0.33929145336151123,0.4780007600784302,-0.05297233909368515,0.3544369041919708,0.48171496391296387,-0.061731547117233276,0.2962113320827484,0.5682356357574463,-0.026873242110013962,0.34601926803588867,0.5605735778808594,-0.05299555882811546,0.3570241332054138,0.5982155203819275,-0.06099444255232811,0.3498193919658661,0.6212175488471985,-0.06308160722255707,0.2919629216194153,0.6001930236816406,-0.03892556577920914,0.35230809450149536,0.6202555298805237,-0.059365414083004,0.3548906743526459,0.6510466933250427,-0.0561455674469471,0.3418682813644409,0.661361813545227,-0.051044587045907974,0.29319506883621216,0.6360944509506226,-0.05143916606903076,0.34607505798339844,0.6565802693367004,-0.06028006598353386,0.34789150953292847,0.6781787872314453,-0.05337134003639221,0.33484724164009094,0.6851099133491516,-0.046509675681591034
6,left,0,0,0,0,0,0,0,0,0,0,0,0,0,0,0,0,0,0,0,0,0,0,0,0,0,0,0,0,0,0,0,0,0,0,0,0,0,0,0,0,0,0,0,0,0,0,0,0,0,0,0,0,0,0,0,0,0,0,0,0,0,0,0
7,right,0.28743913769721985,0.6756526231765747,-2.749355587639002e-07,0.3236408531665802,0.6341221928596497,0.002117100404575467,0.33872926235198975,0.5847870707511902,-0.004029696807265282,0.34521058201789856,0.5460006594657898,-0.013307958841323853,0.3556528091430664,0.5202788710594177,-0.020675621926784515,0.310419499874115,0.5271121859550476,-0.01480569876730442,0.3475216031074524,0.48247748613357544,-0.03310311585664749,0.3756752610206604,0.5055018067359924,-0.04001356288790703,0.38728639483451843,0.5317037105560303,-0.04187433421611786,0.3010471761226654,0.5355040431022644,-0.023507898673415184,0.3672005236148834,0.548989474773407,-0.0420432984828949,0.3698623478412628,0.5911737680435181,-0.041106514632701874,0.35465770959854126,0.6069693565368652,-0.03817501664161682,0.298880398273468,0.5578947067260742,-0.032709475606679916,0.36247357726097107,0.5843062996864319,-0.04751439392566681,0.35828468203544617,0.6169758439064026,-0.04141572117805481,0.3432055413722992,0.6219232678413391,-0.035738617181777954,0.3019101023674011,0.5844762325286865,-0.04210634529590607,0.3507291376590729,0.6081312298774719,-0.04748592525720596,0.34668684005737305,0.6315432786941528,-0.041155047714710236,0.3323828876018524,0.6345986723899841,-0.03564795106649399
7,left,0,0,0,0,0,0,0,0,0,0,0,0,0,0,0,0,0,0,0,0,0,0,0,0,0,0,0,0,0,0,0,0,0,0,0,0,0,0,0,0,0,0,0,0,0,0,0,0,0,0,0,0,0,0,0,0,0,0,0,0,0,0,0
8,right,0.28698229789733887,0.6761572957038879,-1.8158898740239238e-07,0.33227095007896423,0.6298286318778992,0.00228470959700644,0.3452660143375397,0.5775943398475647,-0.0012993605341762304,0.34851980209350586,0.5380324125289917,-0.008100579492747784,0.35563281178474426,0.506248950958252,-0.012342656962573528,0.31081435084342957,0.5246238112449646,-0.0054884678684175014,0.34881791472435,0.4892639219760895,-0.024384142830967903,0.3682596981525421,0.5150923728942871,-0.032811056822538376,0.3722003400325775,0.5406176447868347,-0.03539791703224182,0.30152058601379395,0.531735360622406,-0.01351108681410551,0.36494237184524536,0.5416834354400635,-0.03168318048119545,0.3667435646057129,0.5806706547737122,-0.032734934240579605,0.35231152176856995,0.5950111150741577,-0.030718637630343437,0.2992694675922394,0.5509016513824463,-0.022933267056941986,0.35988885164260864,0.5766899585723877,-0.037962596863508224,0.3555941581726074,0.6085324883460999,-0.03362034261226654,0.34174785017967224,0.6128814220428467,-0.02850712090730667,0.3024871349334717,0.5756939053535461,-0.03266309201717377,0.34963729977607727,0.5985573530197144,-0.03908225893974304,0.3453710377216339,0.6212075352668762,-0.03493065387010574,0.3315407931804657,0.6228615045547485,-0.030695289373397827
8,left,0,0,0,0,0,0,0,0,0,0,0,0,0,0,0,0,0,0,0,0,0,0,0,0,0,0,0,0,0,0,0,0,0,0,0,0,0,0,0,0,0,0,0,0,0,0,0,0,0,0,0,0,0,0,0,0,0,0,0,0,0,0,0
9,right,0.29194146394729614,0.6730849742889404,-1.749649243265594e-07,0.33154135942459106,0.6305096745491028,0.0038579420652240515,0.3447217345237732,0.5803822875022888,0.00072013697354123,0.3493521213531494,0.5425000786781311,-0.00599962193518877,0.3565504848957062,0.5125322341918945,-0.010306662879884243,0.3145652413368225,0.5243195295333862,-0.004764928016811609,0.3507174253463745,0.4857516884803772,-0.024058952927589417,0.3708840012550354,0.51146399974823,-0.032576583325862885,0.37441888451576233,0.5375721454620361,-0.03466915339231491,0.30576515197753906,0.5301926732063293,-0.013583393767476082,0.36710891127586365,0.5400969982147217,-0.031461410224437714,0.3688250184059143,0.5799631476402283,-0.03230228275060654,0.3538358807563782,0.5942498445510864,-0.029782734811306,0.3034936189651489,0.548906147480011,-0.02363191545009613,0.36209994554519653,0.5762794017791748,-0.03861328214406967,0.3573853373527527,0.609377920627594,-0.03408433124423027,0.3431846499443054,0.6137076020240784,-0.02853529527783394,0.30628830194473267,0.5738717913627625,-0.0337778776884079,0.35155439376831055,0.5980951189994812,-0.04009654000401497,0.3471219837665558,0.6220902800559998,-0.03525077924132347,0.3333950340747833,0.6238735914230347,-0.03017893061041832
9,left,0,0,0,0,0,0,0,0,0,0,0,0,0,0,0,0,0,0,0,0,0,0,0,0,0,0,0,0,0,0,0,0,0,0,0,0,0,0,0,0,0,0,0,0,0,0,0,0,0,0,0,0,0,0,0,0,0,0,0,0,0,0,0
10,right,0.2960144877433777,0.6859275102615356,-1.6149465409398545e-07,0.3349044919013977,0.6407536268234253,0.004963260143995285,0.3472379744052887,0.5897171497344971,0.0018351591425016522,0.3504643142223358,0.5519295334815979,-0.00515750190243125,0.35484474897384644,0.5243061184883118,-0.009915236383676529,0.3140469491481781,0.5334768295288086,-0.0046662758104503155,0.3462916314601898,0.4922085702419281,-0.022284217178821564,0.36867010593414307,0.5153033137321472,-0.029843660071492195,0.374539315700531,0.5416569709777832,-0.03178452327847481,0.30505314469337463,0.5422621965408325,-0.014549722895026207,0.3671611547470093,0.5487805008888245,-0.0315786637365818,0.3700275421142578,0.5872761607170105,-0.03236185014247894,0.3546348810195923,0.6009217500686646,-0.03013264760375023,0.30353912711143494,0.5633842945098877,-0.025358861312270164,0.36375024914741516,0.5887868404388428,-0.039412982761859894,0.3592485189437866,0.6204783320426941,-0.03522587940096855,0.34414076805114746,0.6242692470550537,-0.030391521751880646,0.3074914216995239,0.5900682210922241,-0.03620191663503647,0.35471460223197937,0.6122897267341614,-0.041961174458265305,0.3503761291503906,0.6357587575912476,-0.037079326808452606,0.3361315429210663,0.6380612850189209,-0.032318878918886185
10,left,0,0,0,0,0,0,0,0,0,0,0,0,0,0,0,0,0,0,0,0,0,0,0,0,0,0,0,0,0,0,0,0,0,0,0,0,0,0,0,0,0,0,0,0,0,0,0,0,0,0,0,0,0,0,0,0,0,0,0,0,0,0,0
11,right,0.3073848485946655,0.730486273765564,-1.0202137445958215e-07,0.3401251435279846,0.6904141902923584,0.0011027087457478046,0.35763463377952576,0.6492182612419128,-0.005374248139560223,0.3660746216773987,0.619978129863739,-0.01586315967142582,0.36555245518684387,0.5978013873100281,-0.024886101484298706,0.3235487639904022,0.5837743878364563,-0.0066333068534731865,0.3454551696777344,0.5362226366996765,-0.030007444322109222,0.3726121187210083,0.5593324303627014,-0.04566963016986847,0.38575518131256104,0.5924285054206848,-0.05168459564447403,0.3108499348163605,0.6009150147438049,-0.016910646110773087,0.34886816143989563,0.5746657252311707,-0.038866546005010605,0.3694614768028259,0.6065263748168945,-0.046543918550014496,0.37458932399749756,0.6371731758117676,-0.04681764170527458,0.3047170341014862,0.6285775303840637,-0.028575915843248367,0.3588159680366516,0.6395865678787231,-0.04672280699014664,0.3673919141292572,0.674069344997406,-0.04517815262079239,0.3614688217639923,0.6944566965103149,-0.0389900766313076,0.3056028187274933,0.6610158681869507,-0.04047339782118797,0.353326678276062,0.6736909747123718,-0.04652002826333046,0.3588242530822754,0.6944772601127625,-0.039491668343544006,0.35218170285224915,0.7057190537452698,-0.031533341854810715
11,left,0,0,0,0,0,0,0,0,0,0,0,0,0,0,0,0,0,0,0,0,0,0,0,0,0,0,0,0,0,0,0,0,0,0,0,0,0,0,0,0,0,0,0,0,0,0,0,0,0,0,0,0,0,0,0,0,0,0,0,0,0,0,0
12,right,0,0,0,0,0,0,0,0,0,0,0,0,0,0,0,0,0,0,0,0,0,0,0,0,0,0,0,0,0,0,0,0,0,0,0,0,0,0,0,0,0,0,0,0,0,0,0,0,0,0,0,0,0,0,0,0,0,0,0,0,0,0,0
12,left,0,0,0,0,0,0,0,0,0,0,0,0,0,0,0,0,0,0,0,0,0,0,0,0,0,0,0,0,0,0,0,0,0,0,0,0,0,0,0,0,0,0,0,0,0,0,0,0,0,0,0,0,0,0,0,0,0,0,0,0,0,0,0
13,right,0.26998069882392883,0.9054741859436035,-5.482036726789374e-07,0.3128986954689026,0.830267071723938,-0.008375636301934719,0.34222912788391113,0.7589936256408691,-0.021699832752346992,0.3552030026912689,0.7039067149162292,-0.035119738429784775,0.34792041778564453,0.6646389961242676,-0.04658908769488335,0.31247439980506897,0.7344434261322021,-0.03672013431787491,0.3770553469657898,0.7671686410903931,-0.0621386356651783,0.36835455894470215,0.7987223267555237,-0.07654381543397903,0.3466978073120117,0.7991335391998291,-0.08605540543794632,0.2954553961753845,0.7767024636268616,-0.045150578022003174,0.37437620759010315,0.8249409794807434,-0.0642765462398529,0.35951241850852966,0.8452283143997192,-0.0653938502073288,0.33757874369621277,0.8410561084747314,-0.07012902945280075,0.285988450050354,0.8242679238319397,-0.054108016192913055,0.3632148504257202,0.8673638105392456,-0.07025079429149628,0.3510652184486389,0.8803101778030396,-0.0630362331867218,0.3323526382446289,0.8724867105484009,-0.06045524775981903,0.28214824199676514,0.8705050945281982,-0.06409376114606857,0.3457552492618561,0.8990896940231323,-0.07236406952142715,0.335740327835083,0.9061257243156433,-0.0657138004899025,0.3151625990867615,0.8969056606292725,-0.0627865195274353
13,left,0,0,0,0,0,0,0,0,0,0,0,0,0,0,0,0,0,0,0,0,0,0,0,0,0,0,0,0,0,0,0,0,0,0,0,0,0,0,0,0,0,0,0,0,0,0,0,0,0,0,0,0,0,0,0,0,0,0,0,0,0,0,0
14,right,0.26535627245903015,0.9156352281570435,-3.7932827012809867e-07,0.30420079827308655,0.8455307483673096,-0.006083635147660971,0.3344784080982208,0.7814925909042358,-0.015385930426418781,0.34829941391944885,0.7310431599617004,-0.025206521153450012,0.35164007544517517,0.6812538504600525,-0.0329781100153923,0.3098594546318054,0.7671248316764832,-0.030450187623500824,0.3751657009124756,0.7887447476387024,-0.05050458014011383,0.36524534225463867,0.8109917640686035,-0.059648025780916214,0.34315037727355957,0.8096215128898621,-0.06568571925163269,0.2984011173248291,0.8092010021209717,-0.038679737597703934,0.3738439977169037,0.8379061818122864,-0.05157087370753288,0.35805246233940125,0.8510668277740479,-0.05095319077372551,0.3368304669857025,0.8449835181236267,-0.05528130754828453,0.2931143343448639,0.8547407388687134,-0.04742156341671944,0.36687740683555603,0.8767678737640381,-0.05822976678609848,0.3497112989425659,0.8848564028739929,-0.05082153528928757,0.32997071743011475,0.8788436651229858,-0.04933919757604599,0.2920568287372589,0.8975524306297302,-0.0571783147752285,0.35311973094940186,0.9082107543945312,-0.06317132711410522,0.34062251448631287,0.9086077213287354,-0.05825931578874588,0.32029226422309875,0.9029780030250549,-0.05706450715661049
14,left,0,0,0,0,0,0,0,0,0,0,0,0,0,0,0,0,0,0,0,0,0,0,0,0,0,0,0,0,0,0,0,0,0,0,0,0,0,0,0,0,0,0,0,0,0,0,0,0,0,0,0,0,0,0,0,0,0,0,0,0,0,0,0
15,right,0.2667505145072937,0.9063518643379211,-2.8451594857870077e-07,0.30268096923828125,0.8431163430213928,-0.00669575110077858,0.3340264856815338,0.7824774980545044,-0.016343766823410988,0.34880080819129944,0.7346920967102051,-0.026046648621559143,0.3502731919288635,0.689822793006897,-0.03351806104183197,0.31199124455451965,0.7762503623962402,-0.03301464021205902,0.37559717893600464,0.7923799753189087,-0.05387324094772339,0.3644740879535675,0.8139642477035522,-0.06224256008863449,0.3435976505279541,0.8162408471107483,-0.06688345968723297,0.30033713579177856,0.817070484161377,-0.04047468304634094,0.3742339313030243,0.8388323783874512,-0.05478977411985397,0.3591654896736145,0.8491365909576416,-0.05263674259185791,0.33807164430618286,0.8464206457138062,-0.05470925569534302,0.2942465543746948,0.8598880767822266,-0.04858316108584404,0.3659023642539978,0.8798065185546875,-0.05995221063494682,0.3495224416255951,0.8843058347702026,-0.05167483910918236,0.33060935139656067,0.8788710832595825,-0.04889349266886711,0.2919425964355469,0.9000754356384277,-0.05756758525967598,0.3520977795124054,0.9110732674598694,-0.06234736740589142,0.3393382728099823,0.9111079573631287,-0.05631006509065628,0.3190210163593292,0.906101644039154,-0.05447706952691078
15,left,0,0,0,0,0,0,0,0,0,0,0,0,0,0,0,0,0,0,0,0,0,0,0,0,0,0,0,0,0,0,0,0,0,0,0,0,0,0,0,0,0,0,0,0,0,0,0,0,0,0,0,0,0,0,0,0,0,0,0,0,0,0,0
16,right,0.272381067276001,0.8978517055511475,-2.1328851573798602e-07,0.3047184348106384,0.8364559412002563,-0.008942986838519573,0.33662712574005127,0.7797327041625977,-0.020955277606844902,0.3519572615623474,0.7357609868049622,-0.032258544117212296,0.35204070806503296,0.6924847364425659,-0.04099549353122711,0.3109356760978699,0.7765007019042969,-0.041297122836112976,0.3768438696861267,0.7941440343856812,-0.06347983330488205,0.3670225739479065,0.8128292560577393,-0.07099311798810959,0.345465749502182,0.8121276497840881,-0.0747295618057251,0.2993011772632599,0.8197212815284729,-0.04805051162838936,0.37425103783607483,0.8406433463096619,-0.06500351428985596,0.3601042926311493,0.8487472534179688,-0.0617370679974556,0.3374883532524109,0.8441544771194458,-0.06245427951216698,0.2943345904350281,0.8637771010398865,-0.0551438108086586,0.3658386766910553,0.8817391395568848,-0.06774288415908813,0.35002613067626953,0.8848692774772644,-0.05710572376847267,0.3296404778957367,0.8777716159820557,-0.05246106535196304,0.29326820373535156,0.9037283658981323,-0.0632573813199997,0.3524992763996124,0.9129619598388672,-0.06851638853549957,0.34017863869667053,0.9116057753562927,-0.060895852744579315,0.3189964294433594,0.9055516719818115,-0.05777955800294876
16,left,0,0,0,0,0,0,0,0,0,0,0,0,0,0,0,0,0,0,0,0,0,0,0,0,0,0,0,0,0,0,0,0,0,0,0,0,0,0,0,0,0,0,0,0,0,0,0,0,0,0,0,0,0,0,0,0,0,0,0,0,0,0,0
17,right,0.2740533947944641,0.8960898518562317,-2.4098164885799633e-07,0.3062427043914795,0.838869571685791,-0.009939580224454403,0.33620548248291016,0.7835923433303833,-0.022441845387220383,0.35095179080963135,0.7397515773773193,-0.03401968255639076,0.35190320014953613,0.694716215133667,-0.043144144117832184,0.31178000569343567,0.7789028286933899,-0.042840417474508286,0.3758237957954407,0.7965585589408875,-0.06533771008253098,0.36498188972473145,0.8149192929267883,-0.07326183468103409,0.34296178817749023,0.8122472763061523,-0.07753477990627289,0.2996642589569092,0.821161150932312,-0.049428775906562805,0.3733232021331787,0.843957245349884,-0.06610172986984253,0.3570815324783325,0.8527527451515198,-0.06285950541496277,0.33447426557540894,0.8463882803916931,-0.06407303363084793,0.29430726170539856,0.8649786710739136,-0.05637478455901146,0.3665213882923126,0.8827163577079773,-0.06958115845918655,0.3494153618812561,0.8882537484169006,-0.0586128905415535,0.3287449777126312,0.8822432160377502,-0.05403202772140503,0.2926954925060272,0.9050312042236328,-0.06437951326370239,0.35257959365844727,0.9137647747993469,-0.07149301469326019,0.3392106294631958,0.9140092730522156,-0.06410370767116547,0.31737467646598816,0.9088097810745239,-0.06097733974456787
17,left,0,0,0,0,0,0,0,0,0,0,0,0,0,0,0,0,0,0,0,0,0,0,0,0,0,0,0,0,0,0,0,0,0,0,0,0,0,0,0,0,0,0,0,0,0,0,0,0,0,0,0,0,0,0,0,0,0,0,0,0,0,0,0
18,right,0.2708668112754822,0.8938496708869934,-2.2115949604994967e-07,0.3032105267047882,0.8386681079864502,-0.009943276643753052,0.3340916037559509,0.7839931845664978,-0.02235799841582775,0.34942367672920227,0.7411787509918213,-0.03366700932383537,0.3510980010032654,0.6966862678527832,-0.04253700375556946,0.31086331605911255,0.7787368893623352,-0.043638911098241806,0.3744141459465027,0.7974836230278015,-0.06558462232351303,0.3650895953178406,0.8156083226203918,-0.0730975940823555,0.3436254858970642,0.8123258948326111,-0.07715000957250595,0.2992096543312073,0.820232093334198,-0.05006813257932663,0.37316662073135376,0.8449375033378601,-0.06678556650876999,0.3576608896255493,0.8539738655090332,-0.06329122185707092,0.33489495515823364,0.8474862575531006,-0.06409866362810135,0.2939274311065674,0.8636910319328308,-0.05674205720424652,0.36622825264930725,0.883461594581604,-0.07002158463001251,0.3494951128959656,0.8885127305984497,-0.05918656662106514,0.32874807715415955,0.8822633028030396,-0.05446729436516762,0.29246261715888977,0.9037653803825378,-0.06441003829240799,0.3525804877281189,0.9137817025184631,-0.07166019827127457,0.33961185812950134,0.9135312438011169,-0.0644579753279686,0.31787988543510437,0.9082762598991394,-0.06128396466374397
18,left,0,0,0,0,0,0,0,0,0,0,0,0,0,0,0,0,0,0,0,0,0,0,0,0,0,0,0,0,0,0,0,0,0,0,0,0,0,0,0,0,0,0,0,0,0,0,0,0,0,0,0,0,0,0,0,0,0,0,0,0,0,0,0
19,right,0.2717931270599365,0.8962439298629761,-2.0699023650649906e-07,0.3052464425563812,0.8429521918296814,-0.010069080628454685,0.33573439717292786,0.7870028614997864,-0.02188117615878582,0.35053080320358276,0.7440720200538635,-0.032647617161273956,0.3533436059951782,0.7003329992294312,-0.04073355719447136,0.31199824810028076,0.7818036675453186,-0.042277250438928604,0.37492835521698,0.7982268333435059,-0.06490213423967361,0.36621102690696716,0.8159822821617126,-0.07284381240606308,0.34480565786361694,0.8151979446411133,-0.07670551538467407,0.29983019828796387,0.821434497833252,-0.04829992353916168,0.37300100922584534,0.8480935096740723,-0.06570649147033691,0.35796022415161133,0.8567641973495483,-0.06248371675610542,0.33513402938842773,0.8507684469223022,-0.06281984597444534,0.29392173886299133,0.8647462129592896,-0.05476871132850647,0.365871787071228,0.8872705698013306,-0.0690515860915184,0.3500016927719116,0.8915780186653137,-0.05920371040701866,0.32949402928352356,0.8850075602531433,-0.05445548892021179,0.2917683720588684,0.9053598046302795,-0.062123481184244156,0.35102009773254395,0.9179261922836304,-0.07031261920928955,0.33854129910469055,0.9174195528030396,-0.06379760056734085,0.3169972896575928,0.9117999076843262,-0.06060780584812164
19,left,0,0,0,0,0,0,0,0,0,0,0,0,0,0,0,0,0,0,0,0,0,0,0,0,0,0,0,0,0,0,0,0,0,0,0,0,0,0,0,0,0,0,0,0,0,0,0,0,0,0,0,0,0,0,0,0,0,0,0,0,0,0,0
20,right,0.27375528216362,0.8937631845474243,-1.8078925734243967e-07,0.30699875950813293,0.8395856618881226,-0.010483686812222004,0.3375307619571686,0.7849650382995605,-0.02333296462893486,0.3517071008682251,0.7438080310821533,-0.03476788476109505,0.35376015305519104,0.7008655667304993,-0.043524421751499176,0.312156617641449,0.7841570377349854,-0.045985788106918335,0.37545445561408997,0.7991809248924255,-0.06884846836328506,0.36816713213920593,0.8142486214637756,-0.07676603645086288,0.3462730348110199,0.8139576315879822,-0.0804310292005539,0.30028659105300903,0.8248192667961121,-0.05180305242538452,0.3743053376674652,0.8489832878112793,-0.06938521564006805,0.36007964611053467,0.8550974130630493,-0.0658009871840477,0.33612534403800964,0.8495317101478577,-0.06594506651163101,0.29526057839393616,0.8681146502494812,-0.05781591683626175,0.36786043643951416,0.8878270387649536,-0.07149683684110641,0.35279610753059387,0.8895723819732666,-0.060985393822193146,0.3317522406578064,0.8828226923942566,-0.05600391700863838,0.2940790057182312,0.908128023147583,-0.06477580219507217,0.35270124673843384,0.9183588624000549,-0.07263614982366562,0.340965211391449,0.9158661961555481,-0.06582996249198914,0.31970643997192383,0.9098554849624634,-0.06250032782554626
20,left,0,0,0,0,0,0,0,0,0,0,0,0,0,0,0,0,0,0,0,0,0,0,0,0,0,0,0,0,0,0,0,0,0,0,0,0,0,0,0,0,0,0,0,0,0,0,0,0,0,0,0,0,0,0,0,0,0,0,0,0,0,0,0
21,right,0.27174416184425354,0.8933585286140442,-1.9021561570298218e-07,0.30465537309646606,0.8404640555381775,-0.010378741659224033,0.335847944021225,0.7864288091659546,-0.0232307817786932,0.3514246642589569,0.7452192902565002,-0.03470975533127785,0.3552562892436981,0.7018938064575195,-0.04354575648903847,0.31193244457244873,0.7829025387763977,-0.04604731500148773,0.3758530616760254,0.7998678684234619,-0.0684860497713089,0.36787164211273193,0.8171243071556091,-0.07574474066495895,0.34639114141464233,0.8153119087219238,-0.0792316198348999,0.30045920610427856,0.8229941725730896,-0.05199721083045006,0.37457120418548584,0.8484529256820679,-0.06970128417015076,0.35985255241394043,0.8567155599594116,-0.06600712984800339,0.3359606862068176,0.8506362438201904,-0.06603941321372986,0.2953694462776184,0.8662536144256592,-0.05806450918316841,0.3674992620944977,0.8874293565750122,-0.07172271609306335,0.3516925871372223,0.8908759951591492,-0.06102973222732544,0.3302575945854187,0.8838475942611694,-0.056044768542051315,0.29419079422950745,0.9063204526901245,-0.06505052000284195,0.35244980454444885,0.9180377721786499,-0.07304570823907852,0.3400563895702362,0.9166713953018188,-0.06634870916604996,0.3184301257133484,0.9102322459220886,-0.06316585093736649
21,left,0,0,0,0,0,0,0,0,0,0,0,0,0,0,0,0,0,0,0,0,0,0,0,0,0,0,0,0,0,0,0,0,0,0,0,0,0,0,0,0,0,0,0,0,0,0,0,0,0,0,0,0,0,0,0,0,0,0,0,0,0,0,0
22,right,0.27139806747436523,0.8943427205085754,-1.9247212890149967e-07,0.3031807541847229,0.8411184549331665,-0.01047296728938818,0.3338920474052429,0.7865244150161743,-0.0233570896089077,0.3493158519268036,0.7446210384368896,-0.034899815917015076,0.35211291909217834,0.7007554769515991,-0.04376257210969925,0.30980798602104187,0.7814886569976807,-0.04576902091503143,0.3733156621456146,0.8009572625160217,-0.06792361289262772,0.3644629716873169,0.8213146924972534,-0.07466776669025421,0.3438519537448883,0.8193265795707703,-0.07791073620319366,0.2975800633430481,0.8216800689697266,-0.051567789167165756,0.3708151578903198,0.8474573493003845,-0.0691571831703186,0.356673926115036,0.8585690855979919,-0.06518558412790298,0.3342053294181824,0.8532853722572327,-0.06499910354614258,0.29199081659317017,0.8646302223205566,-0.05748354643583298,0.3632655441761017,0.8862544298171997,-0.07111754268407822,0.3480984568595886,0.8916909098625183,-0.05999576300382614,0.32761311531066895,0.8852298259735107,-0.05467263236641884,0.2905622124671936,0.9046457409858704,-0.0642666220664978,0.3492998778820038,0.9159392714500427,-0.07153018563985825,0.33758658170700073,0.9160701036453247,-0.06415899097919464,0.3164508640766144,0.9103921055793762,-0.06063920632004738
22,left,0,0,0,0,0,0,0,0,0,0,0,0,0,0,0,0,0,0,0,0,0,0,0,0,0,0,0,0,0,0,0,0,0,0,0,0,0,0,0,0,0,0,0,0,0,0,0,0,0,0,0,0,0,0,0,0,0,0,0,0,0,0,0
23,right,0.2698556184768677,0.8941878080368042,-1.9231372050398932e-07,0.3028196394443512,0.8412047028541565,-0.010929947718977928,0.33278414607048035,0.7861515283584595,-0.02379545569419861,0.3478313684463501,0.7444987893104553,-0.035298798233270645,0.3506295382976532,0.7000986933708191,-0.04414912685751915,0.3082369267940521,0.7812202572822571,-0.04518933221697807,0.37202104926109314,0.7980192303657532,-0.06821569800376892,0.36421579122543335,0.8191524147987366,-0.07607321441173553,0.3433167636394501,0.8192689418792725,-0.07973027974367142,0.2961558401584625,0.8211399912834167,-0.05070459470152855,0.3697013258934021,0.8468204736709595,-0.0682489424943924,0.3563082218170166,0.8579980731010437,-0.06447503715753555,0.33411598205566406,0.8529672026634216,-0.06443975865840912,0.2907969355583191,0.8640956282615662,-0.05657549947500229,0.36293691396713257,0.8854990005493164,-0.07034197449684143,0.34834539890289307,0.8910698294639587,-0.05925639346241951,0.32814040780067444,0.8852572441101074,-0.053787052631378174,0.289638876914978,0.9043410420417786,-0.06343159079551697,0.34891265630722046,0.9147522449493408,-0.0707017332315445,0.337539404630661,0.9143209457397461,-0.06315694749355316,0.31668606400489807,0.9091265797615051,-0.059319984167814255
23,left,0,0,0,0,0,0,0,0,0,0,0,0,0,0,0,0,0,0,0,0,0,0,0,0,0,0,0,0,0,0,0,0,0,0,0,0,0,0,0,0,0,0,0,0,0,0,0,0,0,0,0,0,0,0,0,0,0,0,0,0,0,0,0
24,right,0.27170905470848083,0.8945966958999634,-2.1152412443825597e-07,0.3038933277130127,0.8412991762161255,-0.010699223726987839,0.3342284560203552,0.7863749861717224,-0.022838488221168518,0.3491479456424713,0.7443716526031494,-0.03375479206442833,0.35146334767341614,0.7006509900093079,-0.04192312806844711,0.30997908115386963,0.7813845276832581,-0.04359165206551552,0.3739757239818573,0.7996158003807068,-0.06659145653247833,0.36348992586135864,0.8190436959266663,-0.074466772377491,0.34217149019241333,0.8173245787620544,-0.07824912667274475,0.2976008355617523,0.8213145136833191,-0.04924892261624336,0.371589720249176,0.8470004796981812,-0.06727626174688339,0.35566601157188416,0.8566818833351135,-0.06356330960988998,0.3335607647895813,0.8517341017723083,-0.06327347457408905,0.29208633303642273,0.8640408515930176,-0.055399272590875626,0.36413881182670593,0.8854650259017944,-0.06953128427267075,0.34757643938064575,0.8898563981056213,-0.05879306048154831,0.3276273310184479,0.8839064240455627,-0.05331786349415779,0.2908986508846283,0.9041093587875366,-0.06259049475193024,0.3498516380786896,0.9148134589195251,-0.06991446018218994,0.3371924161911011,0.9133471250534058,-0.06293675303459167,0.31628137826919556,0.908025860786438,-0.05947393551468849
24,left,0,0,0,0,0,0,0,0,0,0,0,0,0,0,0,0,0,0,0,0,0,0,0,0,0,0,0,0,0,0,0,0,0,0,0,0,0,0,0,0,0,0,0,0,0,0,0,0,0,0,0,0,0,0,0,0,0,0,0,0,0,0,0
25,right,0.2713455557823181,0.895430326461792,-2.0774506026555173e-07,0.30386319756507874,0.8418466448783875,-0.010456526651978493,0.3340437710285187,0.7866772413253784,-0.022833652794361115,0.3490495979785919,0.7444295287132263,-0.03400750830769539,0.35120075941085815,0.7002617716789246,-0.04256686940789223,0.3100205361843109,0.7808077335357666,-0.04379583150148392,0.3737994432449341,0.798178493976593,-0.06648345291614532,0.3646680414676666,0.8189035654067993,-0.07420482486486435,0.34362420439720154,0.8182231187820435,-0.07790645956993103,0.297958642244339,0.8206417560577393,-0.04956553876399994,0.3713059723377228,0.8466218709945679,-0.06686404347419739,0.3566455543041229,0.8574462532997131,-0.06308696419000626,0.3346787095069885,0.8523289561271667,-0.06303232163190842,0.29246318340301514,0.8635083436965942,-0.05574649199843407,0.36418551206588745,0.8853558897972107,-0.06942303478717804,0.34871676564216614,0.8906602263450623,-0.05865055322647095,0.328787624835968,0.8848405480384827,-0.05335541442036629,0.29107558727264404,0.9037237167358398,-0.0629061907529831,0.35017240047454834,0.9145064353942871,-0.07012710720300674,0.33820149302482605,0.9136831760406494,-0.0629783645272255,0.31732648611068726,0.9085627198219299,-0.05943043902516365
25,left,0,0,0,0,0,0,0,0,0,0,0,0,0,0,0,0,0,0,0,0,0,0,0,0,0,0,0,0,0,0,0,0,0,0,0,0,0,0,0,0,0,0,0,0,0,0,0,0,0,0,0,0,0,0,0,0,0,0,0,0,0,0,0
26,right,0.27248382568359375,0.8953885436058044,-2.053248380207151e-07,0.30444473028182983,0.8417107462882996,-0.011055998504161835,0.33430030941963196,0.7869230508804321,-0.02367069013416767,0.34909728169441223,0.7449743747711182,-0.034911058843135834,0.35166001319885254,0.7006306052207947,-0.04344674199819565,0.3096994459629059,0.7810479402542114,-0.04496288672089577,0.3732937276363373,0.7984592914581299,-0.06761318445205688,0.3641577363014221,0.8199401497840881,-0.07492364943027496,0.3436049818992615,0.8194767236709595,-0.07838080823421478,0.29784470796585083,0.8209867477416992,-0.05044155940413475,0.37111032009124756,0.8465828895568848,-0.06797315180301666,0.35628843307495117,0.8577770590782166,-0.06390825659036636,0.33435580134391785,0.8526236414909363,-0.06362062692642212,0.2925722002983093,0.8637443780899048,-0.056323446333408356,0.3636465072631836,0.8855522274971008,-0.07005832344293594,0.3480110168457031,0.8910027146339417,-0.058999352157115936,0.3282023072242737,0.8849023580551147,-0.05355449393391609,0.2914940416812897,0.9038058519363403,-0.06324341893196106,0.34977683424949646,0.9147771000862122,-0.07030275464057922,0.33780163526535034,0.9138941168785095,-0.06301299482584,0.31719473004341125,0.9083276987075806,-0.05946871638298035
26,left,0,0,0,0,0,0,0,0,0,0,0,0,0,0,0,0,0,0,0,0,0,0,0,0,0,0,0,0,0,0,0,0,0,0,0,0,0,0,0,0,0,0,0,0,0,0,0,0,0,0,0,0,0,0,0,0,0,0,0,0,0,0,0
27,right,0.2711394727230072,0.8950299620628357,-1.920899137530796e-07,0.30372539162635803,0.8415142893791199,-0.010982424952089787,0.33332327008247375,0.787032425403595,-0.02402709424495697,0.34819895029067993,0.7450180649757385,-0.0358155220746994,0.351431280374527,0.6995567083358765,-0.04514626786112785,0.3092292249202728,0.7807132601737976,-0.045272208750247955,0.37217777967453003,0.7990574836730957,-0.06790169328451157,0.3649534583091736,0.8199927806854248,-0.07553000003099442,0.34471556544303894,0.8194984197616577,-0.0793149545788765,0.29716676473617554,0.8209256529808044,-0.0511506125330925,0.3704600930213928,0.8476843237876892,-0.06817972660064697,0.3572388291358948,0.8587834239006042,-0.06442315131425858,0.3357362449169159,0.8533674478530884,-0.0646604597568512,0.2914218604564667,0.8643997311592102,-0.05740481615066528,0.3626531958580017,0.8863694667816162,-0.07131028920412064,0.34818780422210693,0.8922687768936157,-0.060670170933008194,0.3286086320877075,0.8866939544677734,-0.05560712888836861,0.28993451595306396,0.9051066040992737,-0.06467088311910629,0.3480381965637207,0.9158174395561218,-0.0726587101817131,0.33723756670951843,0.9147984385490417,-0.0658341497182846,0.31738126277923584,0.9094136357307434,-0.0625280812382698
27,left,0,0,0,0,0,0,0,0,0,0,0,0,0,0,0,0,0,0,0,0,0,0,0,0,0,0,0,0,0,0,0,0,0,0,0,0,0,0,0,0,0,0,0,0,0,0,0,0,0,0,0,0,0,0,0,0,0,0,0,0,0,0,0
28,right,0.2737503945827484,0.8934341669082642,-1.939799005867826e-07,0.3070497512817383,0.8390535116195679,-0.011566579341888428,0.3361852765083313,0.7849828004837036,-0.02439136616885662,0.34950757026672363,0.7432204484939575,-0.03583132475614548,0.35127905011177063,0.698974072933197,-0.04455376788973808,0.3098503053188324,0.7794588208198547,-0.04482153058052063,0.3727509379386902,0.8003631830215454,-0.06767558306455612,0.3632567822933197,0.8209789991378784,-0.07520383596420288,0.3428521156311035,0.8189279437065125,-0.07895653694868088,0.2969207167625427,0.8201264142990112,-0.050296004861593246,0.3706478178501129,0.8471615314483643,-0.06843714416027069,0.35587430000305176,0.8576785922050476,-0.0647815391421318,0.33446624875068665,0.8524225354194641,-0.06472264975309372,0.29091212153434753,0.8631688356399536,-0.056283384561538696,0.3623500466346741,0.8856444358825684,-0.07079276442527771,0.3469712734222412,0.8906473517417908,-0.060066185891628265,0.32768765091896057,0.8847182989120483,-0.05465295910835266,0.28915807604789734,0.9032921195030212,-0.0633668527007103,0.3473266661167145,0.9149404764175415,-0.07099156081676483,0.33592960238456726,0.9133177995681763,-0.06411615759134293,0.3160441219806671,0.9074434041976929,-0.060820918530225754
28,left,0,0,0,0,0,0,0,0,0,0,0,0,0,0,0,0,0,0,0,0,0,0,0,0,0,0,0,0,0,0,0,0,0,0,0,0,0,0,0,0,0,0,0,0,0,0,0,0,0,0,0,0,0,0,0,0,0,0,0,0,0,0,0
29,right,0.2691386342048645,0.8952445983886719,-1.9555004371341056e-07,0.3014128804206848,0.8413072824478149,-0.010100279003381729,0.33220359683036804,0.7885788083076477,-0.02329184114933014,0.3482363224029541,0.7473002672195435,-0.03552284836769104,0.3517095446586609,0.7007322311401367,-0.04533985257148743,0.3098723292350769,0.7820602655410767,-0.045061275362968445,0.3730376660823822,0.7998477816581726,-0.0679449513554573,0.36589282751083374,0.8205576539039612,-0.07542633265256882,0.34504473209381104,0.8202240467071533,-0.0789790228009224,0.29776421189308167,0.8231978416442871,-0.0516887791454792,0.371410608291626,0.8490709662437439,-0.06864923238754272,0.3580799698829651,0.8600003719329834,-0.06434149295091629,0.33704206347465515,0.8545424342155457,-0.06433150172233582,0.2919791638851166,0.867108166217804,-0.0586770698428154,0.36342960596084595,0.8880622982978821,-0.07262983173131943,0.34842562675476074,0.8944724798202515,-0.06101890653371811,0.3287055194377899,0.8893270492553711,-0.05536887049674988,0.29002827405929565,0.9078697562217712,-0.06666527688503265,0.34864962100982666,0.9179879426956177,-0.0747002512216568,0.33761653304100037,0.9165458083152771,-0.06711644679307938,0.31769195199012756,0.9112277030944824,-0.06325118243694305
29,left,0,0,0,0,0,0,0,0,0,0,0,0,0,0,0,0,0,0,0,0,0,0,0,0,0,0,0,0,0,0,0,0,0,0,0,0,0,0,0,0,0,0,0,0,0,0,0,0,0,0,0,0,0,0,0,0,0,0,0,0,0,0,0
30,right,0.27057695388793945,0.8961385488510132,-1.6734388452732674e-07,0.30325356125831604,0.8424639105796814,-0.010759253986179829,0.3339269161224365,0.7878372669219971,-0.023847881704568863,0.3488197922706604,0.7463846802711487,-0.03559638187289238,0.35207629203796387,0.7023396492004395,-0.04458406940102577,0.3096747100353241,0.7822340130805969,-0.04671817272901535,0.3739791512489319,0.7994818091392517,-0.06985027343034744,0.36714988946914673,0.8203786015510559,-0.07682327181100845,0.3463268280029297,0.8212336301803589,-0.07964002341032028,0.29712381958961487,0.8222842812538147,-0.05252410098910332,0.3713575005531311,0.8484432101249695,-0.07123715430498123,0.3584212362766266,0.8598649501800537,-0.06725236773490906,0.3357595205307007,0.8554913401603699,-0.06642444431781769,0.2911974787712097,0.866117000579834,-0.05851438269019127,0.36307311058044434,0.8878644108772278,-0.07332552969455719,0.34879615902900696,0.8931655883789062,-0.06226465851068497,0.32854321599006653,0.8866783976554871,-0.05628964304924011,0.2896040081977844,0.9072209596633911,-0.06536456197500229,0.34839922189712524,0.9180930256843567,-0.07340279221534729,0.3375462293624878,0.9173855781555176,-0.06599097698926926,0.3170810043811798,0.9116681218147278,-0.061903491616249084
30,left,0,0,0,0,0,0,0,0,0,0,0,0,0,0,0,0,0,0,0,0,0,0,0,0,0,0,0,0,0,0,0,0,0,0,0,0,0,0,0,0,0,0,0,0,0,0,0,0,0,0,0,0,0,0,0,0,0,0,0,0,0,0,0
31,right,0.27073994278907776,0.8955773711204529,-2.080270604665202e-07,0.30402299761772156,0.8420337438583374,-0.011143242008984089,0.3345847427845001,0.7881147861480713,-0.023682957515120506,0.35013073682785034,0.7464642524719238,-0.03493127599358559,0.35370180010795593,0.7018245458602905,-0.04355448856949806,0.3108185827732086,0.7825171947479248,-0.04409561678767204,0.37422510981559753,0.8019793033599854,-0.06695792824029922,0.3646053373813629,0.8220177888870239,-0.07488775998353958,0.3435180187225342,0.8208264112472534,-0.07876918464899063,0.2987261414527893,0.82279372215271,-0.04976469650864601,0.3720046281814575,0.8503637313842773,-0.06720840185880661,0.3565216362476349,0.8599981665611267,-0.06365879625082016,0.3343619704246521,0.8542882204055786,-0.06377636641263962,0.29293951392173767,0.8662574291229248,-0.05593258887529373,0.36407819390296936,0.8888397216796875,-0.06989380717277527,0.3475937843322754,0.8930709362030029,-0.05936082825064659,0.3275434374809265,0.8868287801742554,-0.05421016365289688,0.29115089774131775,0.9067541360855103,-0.0631730780005455,0.3492685854434967,0.9182156324386597,-0.07077711820602417,0.33663585782051086,0.9164290428161621,-0.06385954469442368,0.3157922625541687,0.9107848405838013,-0.06045054644346237
31,left,0,0,0,0,0,0,0,0,0,0,0,0,0,0,0,0,0,0,0,0,0,0,0,0,0,0,0,0,0,0,0,0,0,0,0,0,0,0,0,0,0,0,0,0,0,0,0,0,0,0,0,0,0,0,0,0,0,0,0,0,0,0,0
32,right,0.2703801393508911,0.8968710899353027,-1.9082366975453624e-07,0.30367863178253174,0.8440483212471008,-0.010408741421997547,0.33486631512641907,0.7898164987564087,-0.02335670404136181,0.35049933195114136,0.7481702566146851,-0.03501944988965988,0.35445427894592285,0.7032359838485718,-0.04393807426095009,0.3108871579170227,0.7833042740821838,-0.046020522713661194,0.37491655349731445,0.799776554107666,-0.06889448314905167,0.3677826225757599,0.8212720155715942,-0.07588917762041092,0.3470406234264374,0.8224412202835083,-0.07874597609043121,0.2987138032913208,0.822943389415741,-0.05186045542359352,0.37202733755111694,0.8499780893325806,-0.06955777108669281,0.35866522789001465,0.8609070181846619,-0.06513456255197525,0.33606836199760437,0.8555114269256592,-0.06440548598766327,0.2928011417388916,0.8665059208869934,-0.057952746748924255,0.3641175925731659,0.8890156745910645,-0.07188723236322403,0.34990349411964417,0.8942351937294006,-0.060501813888549805,0.32999879121780396,0.8876140117645264,-0.05468565225601196,0.29117465019226074,0.9074602127075195,-0.0649324432015419,0.3501041531562805,0.9181288480758667,-0.07229051738977432,0.33903947472572327,0.917019248008728,-0.06455939263105392,0.3184455335140228,0.9111071825027466,-0.06048378720879555
32,left,0,0,0,0,0,0,0,0,0,0,0,0,0,0,0,0,0,0,0,0,0,0,0,0,0,0,0,0,0,0,0,0,0,0,0,0,0,0,0,0,0,0,0,0,0,0,0,0,0,0,0,0,0,0,0,0,0,0,0,0,0,0,0
33,right,0.2700015902519226,0.898627519607544,-1.9530402539658098e-07,0.30266067385673523,0.8459420204162598,-0.010240190662443638,0.3339366912841797,0.7911275029182434,-0.02261338196694851,0.35009634494781494,0.7494478821754456,-0.033768802881240845,0.35432860255241394,0.7050518989562988,-0.04214852303266525,0.31110909581184387,0.7838391065597534,-0.044607698917388916,0.3753117620944977,0.8006749153137207,-0.06746669113636017,0.36744847893714905,0.8222166299819946,-0.0746411606669426,0.34640130400657654,0.8232046961784363,-0.0776686742901802,0.29889652132987976,0.8231038451194763,-0.05052020028233528,0.3727281987667084,0.8490570187568665,-0.068466916680336,0.35903942584991455,0.8605422377586365,-0.06447552889585495,0.3365647494792938,0.856338620185852,-0.06382276117801666,0.2929280400276184,0.8662819266319275,-0.05675235018134117,0.3640960156917572,0.8886014223098755,-0.07076336443424225,0.34932172298431396,0.8940550684928894,-0.059947118163108826,0.32945650815963745,0.8877256512641907,-0.05438706651329994,0.2913256883621216,0.9072030186653137,-0.06388121098279953,0.3499477803707123,0.9184983372688293,-0.07120602577924728,0.338106632232666,0.9180401563644409,-0.06390850245952606,0.3172128200531006,0.912513792514801,-0.06011590734124184
33,left,0,0,0,0,0,0,0,0,0,0,0,0,0,0,0,0,0,0,0,0,0,0,0,0,0,0,0,0,0,0,0,0,0,0,0,0,0,0,0,0,0,0,0,0,0,0,0,0,0,0,0,0,0,0,0,0,0,0,0,0,0,0,0
34,right,0.27226316928863525,0.9002878069877625,-1.7994415202338132e-07,0.3048282265663147,0.8473154902458191,-0.01129661314189434,0.3348429501056671,0.7929935455322266,-0.02396565116941929,0.35025420784950256,0.7510516047477722,-0.03526300564408302,0.3542434573173523,0.7064172029495239,-0.043804559856653214,0.31080392003059387,0.7869552373886108,-0.04486099258065224,0.37515392899513245,0.8037330508232117,-0.06749584525823593,0.36809512972831726,0.8229007124900818,-0.07486053556203842,0.3474358320236206,0.8237012028694153,-0.07809765636920929,0.29865363240242004,0.8265020251274109,-0.05009480193257332,0.3719885051250458,0.8533020615577698,-0.06758389621973038,0.3587811589241028,0.862334668636322,-0.06374892592430115,0.33665731549263,0.8574369549751282,-0.06349056959152222,0.2928897440433502,0.8698883652687073,-0.05573811009526253,0.3640560209751129,0.892225444316864,-0.06987721472978592,0.34952953457832336,0.8962092399597168,-0.05940401181578636,0.32974404096603394,0.8899806141853333,-0.05414456129074097,0.29154452681541443,0.9105188250541687,-0.06238531693816185,0.3500621020793915,0.9223111271858215,-0.0704316794872284,0.3383532762527466,0.9205842614173889,-0.06365341693162918,0.3173661231994629,0.9146121740341187,-0.060170602053403854
34,left,0,0,0,0,0,0,0,0,0,0,0,0,0,0,0,0,0,0,0,0,0,0,0,0,0,0,0,0,0,0,0,0,0,0,0,0,0,0,0,0,0,0,0,0,0,0,0,0,0,0,0,0,0,0,0,0,0,0,0,0,0,0,0
35,right,0.271801233291626,0.9000958800315857,-1.9076003354712157e-07,0.30481842160224915,0.8471553921699524,-0.011557879857718945,0.3346664011478424,0.7935398817062378,-0.024732546880841255,0.35056251287460327,0.7516371011734009,-0.03652523458003998,0.3545975685119629,0.7059395909309387,-0.045689962804317474,0.311489999294281,0.7880974411964417,-0.04538765922188759,0.3757360279560089,0.8060544729232788,-0.06863526254892349,0.36756831407546997,0.8258970975875854,-0.0764084905385971,0.3466896414756775,0.8260182738304138,-0.07987593114376068,0.29979658126831055,0.8282623887062073,-0.05073573812842369,0.3728303611278534,0.8547407984733582,-0.06814589351415634,0.3589356541633606,0.8646647930145264,-0.06405364722013474,0.3373882472515106,0.859856367111206,-0.06370408833026886,0.29420021176338196,0.8717412352561951,-0.05660907179117203,0.3647169768810272,0.8935269117355347,-0.07083426415920258,0.34986940026283264,0.8980805277824402,-0.06009422987699509,0.33054426312446594,0.89247727394104,-0.054641254246234894,0.2927365005016327,0.9119932055473328,-0.06352435052394867,0.35022735595703125,0.9230157136917114,-0.07128366827964783,0.3385321795940399,0.921444296836853,-0.06417284160852432,0.3182501494884491,0.9161264896392822,-0.060514599084854126
35,left,0,0,0,0,0,0,0,0,0,0,0,0,0,0,0,0,0,0,0,0,0,0,0,0,0,0,0,0,0,0,0,0,0,0,0,0,0,0,0,0,0,0,0,0,0,0,0,0,0,0,0,0,0,0,0,0,0,0,0,0,0,0,0
36,right,0.2726620137691498,0.9011611938476562,-1.9160670206019859e-07,0.3043166995048523,0.8486385345458984,-0.010851110331714153,0.33510613441467285,0.7945139408111572,-0.02364589087665081,0.35064905881881714,0.7525838613510132,-0.035057324916124344,0.3549933135509491,0.7081484794616699,-0.0436783991754055,0.3122625946998596,0.7897519469261169,-0.04658517241477966,0.3772836923599243,0.8054642677307129,-0.06967142969369888,0.368950754404068,0.826778769493103,-0.07655957341194153,0.34713655710220337,0.8280389904975891,-0.07924877852201462,0.2997703552246094,0.8291922211647034,-0.05206277593970299,0.37345296144485474,0.854735791683197,-0.07003604620695114,0.3594321608543396,0.8653118014335632,-0.0655822604894638,0.336719274520874,0.8605570197105408,-0.06471087038516998,0.29376980662345886,0.8723992109298706,-0.0578007772564888,0.3652455806732178,0.8939720988273621,-0.07202154397964478,0.35024505853652954,0.8986225128173828,-0.06068239361047745,0.33013230562210083,0.8920076489448547,-0.05480073764920235,0.29207560420036316,0.9129387736320496,-0.06443202495574951,0.3507644534111023,0.9235675930976868,-0.07203497737646103,0.3388803005218506,0.9224340915679932,-0.064363032579422,0.31774425506591797,0.9168305993080139,-0.06027693673968315
36,left,0,0,0,0,0,0,0,0,0,0,0,0,0,0,0,0,0,0,0,0,0,0,0,0,0,0,0,0,0,0,0,0,0,0,0,0,0,0,0,0,0,0,0,0,0,0,0,0,0,0,0,0,0,0,0,0,0,0,0,0,0,0,0
