0.6933828592300415,0.5884085893630981,-0.3012087941169739,0.26290878653526306,0.5895717144012451,-0.33283060789108276
0.6926798820495605,0.5902531147003174,-0.37887346744537354,0.2657291293144226,0.585658609867096,-0.3301214873790741
0.6910892724990845,0.5932715535163879,-0.47078102827072144,0.25374409556388855,0.603728175163269,-0.4273896813392639
0.6930428147315979,0.6980344653129578,-0.51344895362854,0.23709635436534882,0.6902849674224854,-0.45295554399490356
0.6910839676856995,0.6886078119277954,-0.24297425150871277,0.23376193642616272,0.7020108103752136,-0.25284940004348755
0.6844226121902466,0.677559494972229,-0.20321114361286163,0.2346123456954956,0.6993706226348877,-0.2493300437927246
0.6832020282745361,0.6716363430023193,-0.2193821668624878,0.237900048494339,0.6899968981742859,-0.2778457999229431
0.6833646893501282,0.6661144495010376,-0.33110862970352173,0.23829373717308044,0.6764633059501648,-0.33046963810920715
0.6831322312355042,0.6397162079811096,-0.35065820813179016,0.2381066530942917,0.6510298848152161,-0.3338163197040558
0.6827131509780884,0.6141164302825928,-0.3119080662727356,0.23801544308662415,0.6352765560150146,-0.24682815372943878
0.6827250719070435,0.6085871458053589,-0.18475060164928436,0.2374897450208664,0.6287716031074524,-0.17669041454792023
0.6837013959884644,0.6515463590621948,-0.18716852366924286,0.235508531332016,0.6591840386390686,-0.21624751389026642
0.6840593814849854,0.6816686391830444,-0.21276716887950897,0.2356177568435669,0.6836625933647156,-0.16897204518318176
0.6862800717353821,0.6799498200416565,-0.20567376911640167,0.2390330582857132,0.685556173324585,-0.17788979411125183
0.6862664222717285,0.6762532591819763,-0.22129499912261963,0.23930609226226807,0.684016227722168,-0.1903018057346344
0.6852148175239563,0.6570996642112732,-0.2472543716430664,0.2399478703737259,0.6822611689567566,-0.2017037570476532
0.6826988458633423,0.6471649408340454,-0.21415932476520538,0.23939013481140137,0.6603778600692749,-0.2101031094789505
0.6815143823623657,0.6429568529129028,-0.2438761293888092,0.23689286410808563,0.6534544229507446,-0.24768385291099548
0.6801694631576538,0.6366146206855774,-0.19467976689338684,0.23193641006946564,0.6427003145217896,-0.21624036133289337
0.6797890663146973,0.6145833730697632,-0.20210020244121552,0.23157529532909393,0.6364061832427979,-0.2483617514371872
0.6847140789031982,0.6166607737541199,-0.21195654571056366,0.22533360123634338,0.6367154717445374,-0.24816317856311798
0.6875514388084412,0.6506941914558411,-0.36322805285453796,0.2257152795791626,0.6530972123146057,-0.2663326859474182
0.6909006237983704,0.6707828640937805,-0.2772992253303528,0.2273290902376175,0.6633741855621338,-0.2230520248413086
0.6891078948974609,0.6775921583175659,-0.2763881981372833,0.2274206131696701,0.6659421324729919,-0.2331152856349945
0.682762086391449,0.6719008088111877,-0.33778706192970276,0.22756853699684143,0.6609505414962769,-0.30946168303489685
0.680533230304718,0.6556114554405212,-0.1802292913198471,0.22767749428749084,0.6510039567947388,-0.19104622304439545
0.6784530878067017,0.633272111415863,-0.19425871968269348,0.22661757469177246,0.6369069814682007,-0.19484943151474
0.6796956062316895,0.6269983649253845,-0.2384428232908249,0.22706592082977295,0.6376593708992004,-0.20649592578411102
0.6851814985275269,0.6188060641288757,-0.4184548854827881,0.22994105517864227,0.6338557600975037,-0.3255910277366638
0.6877630949020386,0.6247925162315369,-0.3625568747520447,0.2289520800113678,0.6344578266143799,-0.3040215075016022
0.6909199953079224,0.641837477684021,-0.3147932291030884,0.23151235282421112,0.6532577872276306,-0.22942090034484863
0.6920872926712036,0.6556196212768555,-0.25431349873542786,0.23452778160572052,0.6764794588088989,-0.21749596297740936
0.6909272074699402,0.6685569882392883,-0.2570773959159851,0.23459593951702118,0.6789955496788025,-0.2201785147190094
0.6812545657157898,0.6674041152000427,-0.22997716069221497,0.23481163382530212,0.6704474091529846,-0.18881992995738983
0.6791490912437439,0.6581674218177795,-0.18347272276878357,0.23570454120635986,0.6609050035476685,-0.14369100332260132
0.6792325377464294,0.6413649916648865,-0.16372904181480408,0.23537671566009521,0.6523431539535522,-0.11852260679006577
