0.6848210692405701,0.582284688949585,-0.4161732792854309,0.2590683400630951,0.5928007364273071,-0.47945117950439453
0.6847385168075562,0.5829996466636658,-0.34344640374183655,0.2609885632991791,0.5934816002845764,-0.3121756911277771
0.6795827746391296,0.5842186808586121,-0.45994821190834045,0.24993503093719482,0.603387713432312,-0.44007498025894165
0.6796720623970032,0.6441060304641724,-0.2993636727333069,0.24770987033843994,0.6549952030181885,-0.1774696409702301
0.6797651052474976,0.6751874089241028,-0.41109076142311096,0.24259038269519806,0.6902763247489929,-0.3040883541107178
0.6780836582183838,0.6677553653717041,-0.3641754686832428,0.24252906441688538,0.685782790184021,-0.3306538462638855
0.6783294677734375,0.6650051474571228,-0.33010974526405334,0.24310758709907532,0.6838454008102417,-0.2997986078262329
0.676498293876648,0.6600952744483948,-0.18876269459724426,0.23892097175121307,0.6558252573013306,-0.1511445790529251
0.6752263307571411,0.6526715159416199,-0.19245627522468567,0.23656614124774933,0.6382232904434204,-0.14041371643543243
0.674824059009552,0.6461533308029175,-0.15482793748378754,0.23615142703056335,0.6243159770965576,-0.11942672729492188
0.6747193336486816,0.6389344334602356,-0.17586295306682587,0.23631589114665985,0.6227535605430603,-0.10262377560138702
0.6804598569869995,0.6383914351463318,-0.17681898176670074,0.2350587397813797,0.6245825886726379,-0.14709961414337158
0.6828939318656921,0.6623446941375732,-0.4139416217803955,0.23526449501514435,0.6565930843353271,-0.28335514664649963
0.6828380227088928,0.6663806438446045,-0.38811439275741577,0.2356579750776291,0.6656017303466797,-0.2499055415391922
0.6824424266815186,0.6484132409095764,-0.21756966412067413,0.2357707917690277,0.6486013531684875,-0.17097832262516022
0.6824830174446106,0.6445350050926208,-0.23009376227855682,0.23567387461662292,0.6391199231147766,-0.1764846295118332
0.6821666955947876,0.638668417930603,-0.22456331551074982,0.23507937788963318,0.6246261596679688,-0.18108978867530823
0.6815069317817688,0.6357689499855042,-0.20264896750450134,0.23458781838417053,0.619185209274292,-0.18532608449459076
0.6815146207809448,0.6192070245742798,-0.23311546444892883,0.23466487228870392,0.6189132332801819,-0.18706074357032776
0.6920957565307617,0.6182135343551636,-0.3175767660140991,0.23633000254631042,0.6236027479171753,-0.19149833917617798
0.6927364468574524,0.648625373840332,-0.3899381458759308,0.2362596094608307,0.6381514072418213,-0.2565203905105591
0.6923478841781616,0.6573903560638428,-0.3052714467048645,0.23677539825439453,0.6500720977783203,-0.19741082191467285
0.6920418739318848,0.6597864627838135,-0.25014787912368774,0.2386331856250763,0.6571566462516785,-0.16363438963890076
0.6903111934661865,0.6580566763877869,-0.19603386521339417,0.23825892806053162,0.6507270336151123,-0.15137480199337006
0.6899673342704773,0.6522648334503174,-0.18350893259048462,0.23847012221813202,0.6484664082527161,-0.13497081398963928
0.6898431777954102,0.6447756886482239,-0.19900740683078766,0.2390255481004715,0.6461317539215088,-0.14099211990833282
0.6897128820419312,0.6402079463005066,-0.18760354816913605,0.23903751373291016,0.6433686017990112,-0.12787866592407227
0.6894177794456482,0.6328098773956299,-0.19149938225746155,0.23865561187267303,0.6382122039794922,-0.13458575308322906
0.6893777251243591,0.6341421604156494,-0.18423017859458923,0.23871371150016785,0.637933075428009,-0.12342599779367447
0.6888953447341919,0.660210907459259,-0.22747306525707245,0.23895588517189026,0.6443693041801453,-0.1849374920129776
0.6877459287643433,0.6607886552810669,-0.3205145597457886,0.24167796969413757,0.6459453105926514,-0.2579568028450012
0.6847942471504211,0.6549342274665833,-0.2976236641407013,0.23937538266181946,0.6399157047271729,-0.2635954022407532
0.6834041476249695,0.6427355408668518,-0.2739454209804535,0.23930887877941132,0.6333411931991577,-0.257077693939209
0.6828652620315552,0.6351604461669922,-0.2753105163574219,0.23609089851379395,0.625156581401825,-0.24290260672569275
0.6825488209724426,0.6345762610435486,-0.25859007239341736,0.232570081949234,0.6222341656684875,-0.24117541313171387
0.6830322742462158,0.6290924549102783,-0.32548969984054565,0.23196010291576385,0.618883490562439,-0.2843908667564392
