1,right,0,0,0,0,0,0,0,0,0,0,0,0,0,0,0,0,0,0,0,0,0,0,0,0,0,0,0,0,0,0,0,0,0,0,0,0,0,0,0,0,0,0,0,0,0,0,0,0,0,0,0,0,0,0,0,0,0,0,0,0,0,0,0
1,left,0,0,0,0,0,0,0,0,0,0,0,0,0,0,0,0,0,0,0,0,0,0,0,0,0,0,0,0,0,0,0,0,0,0,0,0,0,0,0,0,0,0,0,0,0,0,0,0,0,0,0,0,0,0,0,0,0,0,0,0,0,0,0
2,right,0,0,0,0,0,0,0,0,0,0,0,0,0,0,0,0,0,0,0,0,0,0,0,0,0,0,0,0,0,0,0,0,0,0,0,0,0,0,0,0,0,0,0,0,0,0,0,0,0,0,0,0,0,0,0,0,0,0,0,0,0,0,0
2,left,0,0,0,0,0,0,0,0,0,0,0,0,0,0,0,0,0,0,0,0,0,0,0,0,0,0,0,0,0,0,0,0,0,0,0,0,0,0,0,0,0,0,0,0,0,0,0,0,0,0,0,0,0,0,0,0,0,0,0,0,0,0,0
3,right,0.2472067028284073,0.6423841118812561,2.5668575176496233e-07,0.22704444825649261,0.5833680033683777,-0.002920373808592558,0.2218250185251236,0.5138956308364868,-0.014788283966481686,0.24057093262672424,0.45850062370300293,-0.027631526812911034,0.2672910690307617,0.43184807896614075,-0.03934439271688461,0.20052191615104675,0.48980626463890076,-0.025850098580121994,0.2546893060207367,0.41654109954833984,-0.04352422431111336,0.28822678327560425,0.39941495656967163,-0.052153706550598145,0.3091508448123932,0.394037663936615,-0.05628437548875809,0.2224484384059906,0.5097850561141968,-0.033776115626096725,0.2734616696834564,0.4296794831752777,-0.0485382154583931,0.3043147027492523,0.40459901094436646,-0.0505685992538929,0.32665902376174927,0.3914480209350586,-0.05153921991586685,0.24941149353981018,0.5294026136398315,-0.0416768379509449,0.2954195737838745,0.45224350690841675,-0.05213635042309761,0.3197355270385742,0.42104899883270264,-0.04973064735531807,0.33688557147979736,0.4016406536102295,-0.047700896859169006,0.2799943685531616,0.5458783507347107,-0.049974724650382996,0.31377702951431274,0.4833777844905853,-0.05393437668681145,0.33089494705200195,0.44811442494392395,-0.050531644374132156,0.34451717138290405,0.4178003668785095,-0.04787426069378853
3,left,0,0,0,0,0,0,0,0,0,0,0,0,0,0,0,0,0,0,0,0,0,0,0,0,0,0,0,0,0,0,0,0,0,0,0,0,0,0,0,0,0,0,0,0,0,0,0,0,0,0,0,0,0,0,0,0,0,0,0,0,0,0,0
4,right,0.2363230586051941,0.6038341522216797,3.746208108168503e-07,0.21363241970539093,0.5450038313865662,-0.010388387367129326,0.20872336626052856,0.47821253538131714,-0.02631255052983761,0.23012568056583405,0.4258231520652771,-0.041651006788015366,0.25672513246536255,0.40358132123947144,-0.055639613419771194,0.17685231566429138,0.4548756778240204,-0.03516525775194168,0.24201634526252747,0.3878769874572754,-0.05507965758442879,0.28202179074287415,0.3711850345134735,-0.06571964174509048,0.3093584477901459,0.3595483601093292,-0.07180223613977432,0.19406434893608093,0.4753885865211487,-0.039897434413433075,0.25948721170425415,0.40419673919677734,-0.05632076784968376,0.2986202836036682,0.3825207054615021,-0.05925942584872246,0.3277966380119324,0.3665209710597992,-0.06208821013569832,0.21859632432460785,0.49556422233581543,-0.04506552219390869,0.28060612082481384,0.4237901568412781,-0.05815619230270386,0.3121899664402008,0.39526233077049255,-0.05843862518668175,0.3359374701976776,0.3738281726837158,-0.058632392436265945,0.24947430193424225,0.5117440819740295,-0.05126408487558365,0.29469189047813416,0.4537183940410614,-0.056566301733255386,0.318690687417984,0.42535853385925293,-0.05496472492814064,0.3374945819377899,0.4000145196914673,-0.05417655408382416
4,left,0,0,0,0,0,0,0,0,0,0,0,0,0,0,0,0,0,0,0,0,0,0,0,0,0,0,0,0,0,0,0,0,0,0,0,0,0,0,0,0,0,0,0,0,0,0,0,0,0,0,0,0,0,0,0,0,0,0,0,0,0,0,0
5,right,0.26208457350730896,0.5974469184875488,3.8855762340972433e-07,0.23418410122394562,0.53972989320755,-0.0003080033347941935,0.2322932332754135,0.4749085605144501,-0.010299800895154476,0.257235586643219,0.4232448637485504,-0.021298840641975403,0.2908438742160797,0.39856410026550293,-0.032239701598882675,0.20942449569702148,0.4443665146827698,-0.0270013976842165,0.2676898241043091,0.3829271197319031,-0.045625410974025726,0.30541881918907166,0.3661404848098755,-0.05697273090481758,0.3319120407104492,0.35774749517440796,-0.06326183676719666,0.22728756070137024,0.4590299129486084,-0.03587869927287102,0.28778186440467834,0.3893279433250427,-0.05080419033765793,0.3252947926521301,0.3680933117866516,-0.0554339773952961,0.3527064919471741,0.35788220167160034,-0.05810030922293663,0.25185954570770264,0.47657206654548645,-0.04407557472586632,0.3083304464817047,0.4096819758415222,-0.05526890605688095,0.3404289782047272,0.38462120294570923,-0.05689147487282753,0.36425501108169556,0.3704252541065216,-0.05655903369188309,0.28185325860977173,0.49320146441459656,-0.05232775956392288,0.3235611319541931,0.43673014640808105,-0.05674587935209274,0.3469994366168976,0.4141978919506073,-0.05457759276032448,0.3653155267238617,0.39805763959884644,-0.05189300328493118
5,left,0,0,0,0,0,0,0,0,0,0,0,0,0,0,0,0,0,0,0,0,0,0,0,0,0,0,0,0,0,0,0,0,0,0,0,0,0,0,0,0,0,0,0,0,0,0,0,0,0,0,0,0,0,0,0,0,0,0,0,0,0,0,0
6,right,0.24872955679893494,0.6250327825546265,5.507752689482004e-07,0.22539308667182922,0.5633593201637268,0.0016959768254309893,0.22257280349731445,0.496383935213089,-0.00766731845214963,0.24623964726924896,0.44247087836265564,-0.018523748964071274,0.2768111824989319,0.4154062569141388,-0.028684932738542557,0.18662002682685852,0.4707673490047455,-0.02240445837378502,0.2451014369726181,0.40313124656677246,-0.04154195263981819,0.2838505804538727,0.3759898245334625,-0.053877949714660645,0.31299594044685364,0.35997021198272705,-0.060995180159807205,0.20226159691810608,0.4847840666770935,-0.032518357038497925,0.26373374462127686,0.4099884331226349,-0.0477261058986187,0.3036911189556122,0.3814852833747864,-0.05271299183368683,0.33205920457839966,0.36375075578689575,-0.05627172440290451,0.2282620370388031,0.5005333423614502,-0.042148083448410034,0.28562796115875244,0.4276854395866394,-0.053646184504032135,0.3217320144176483,0.39596712589263916,-0.055001821368932724,0.34661489725112915,0.3751784563064575,-0.055101267993450165,0.2620282471179962,0.5142641067504883,-0.05187181383371353,0.3060864508152008,0.4513196051120758,-0.05615172162652016,0.3311310112476349,0.42439791560173035,-0.05388034135103226,0.34926173090934753,0.40396520495414734,-0.05162520334124565
6,left,0,0,0,0,0,0,0,0,0,0,0,0,0,0,0,0,0,0,0,0,0,0,0,0,0,0,0,0,0,0,0,0,0,0,0,0,0,0,0,0,0,0,0,0,0,0,0,0,0,0,0,0,0,0,0,0,0,0,0,0,0,0,0
7,right,0.2593265473842621,0.5903677940368652,3.545217737155326e-07,0.2359323650598526,0.5275567770004272,-0.0015351726906374097,0.23656830191612244,0.45972323417663574,-0.01209031417965889,0.2628607451915741,0.40843629837036133,-0.023275362327694893,0.2925405502319336,0.3897605538368225,-0.03314125910401344,0.20649012923240662,0.43133434653282166,-0.02524227276444435,0.27509570121765137,0.36942052841186523,-0.041836611926555634,0.31677180528640747,0.360174298286438,-0.050255510956048965,0.34452247619628906,0.35715702176094055,-0.054566409438848495,0.22235554456710815,0.4467645287513733,-0.03221474215388298,0.2908286452293396,0.379548579454422,-0.04470725357532501,0.3298652172088623,0.3642287850379944,-0.045717671513557434,0.35744160413742065,0.3559330403804779,-0.04683356732130051,0.24591414630413055,0.4651946425437927,-0.038870397955179214,0.3098479211330414,0.39963269233703613,-0.04718992859125137,0.34184083342552185,0.3783208727836609,-0.0454208105802536,0.3643040955066681,0.3642958700656891,-0.04436122998595238,0.2773365378379822,0.483294278383255,-0.04589671269059181,0.32327598333358765,0.42794913053512573,-0.04706669971346855,0.3469933271408081,0.4032025933265686,-0.04342791065573692,0.36547595262527466,0.3811946213245392,-0.04106171801686287
7,left,0,0,0,0,0,0,0,0,0,0,0,0,0,0,0,0,0,0,0,0,0,0,0,0,0,0,0,0,0,0,0,0,0,0,0,0,0,0,0,0,0,0,0,0,0,0,0,0,0,0,0,0,0,0,0,0,0,0,0,0,0,0,0
8,right,0.2612932026386261,0.6122097969055176,5.179788900022686e-07,0.23783445358276367,0.5537232160568237,0.0007686324534006417,0.23381668329238892,0.4840049743652344,-0.008415107615292072,0.25686827301979065,0.4280221164226532,-0.01883326657116413,0.2860853970050812,0.3999074101448059,-0.02848559431731701,0.1960737109184265,0.460442453622818,-0.022965440526604652,0.25438541173934937,0.3924766778945923,-0.041732046753168106,0.2937398850917816,0.36487868428230286,-0.05375072360038757,0.32442304491996765,0.34963539242744446,-0.06073223054409027,0.21092544496059418,0.473838210105896,-0.03233656287193298,0.27158913016319275,0.3999873101711273,-0.04720527306199074,0.31197187304496765,0.3706479072570801,-0.05221524089574814,0.3419923782348633,0.3531670570373535,-0.055891938507556915,0.23613688349723816,0.4888113737106323,-0.041279274970293045,0.2932126522064209,0.4161840081214905,-0.052827849984169006,0.32911252975463867,0.3835030794143677,-0.0551953986287117,0.35512813925743103,0.3618323802947998,-0.056157782673835754,0.26996877789497375,0.500796914100647,-0.05034176632761955,0.31368789076805115,0.43880337476730347,-0.05550561845302582,0.3386670649051666,0.4123491644859314,-0.0545845665037632,0.3579283058643341,0.39174744486808777,-0.05332951247692108
8,left,0,0,0,0,0,0,0,0,0,0,0,0,0,0,0,0,0,0,0,0,0,0,0,0,0,0,0,0,0,0,0,0,0,0,0,0,0,0,0,0,0,0,0,0,0,0,0,0,0,0,0,0,0,0,0,0,0,0,0,0,0,0,0
9,right,0.2605026364326477,0.5970383286476135,3.869496367769898e-07,0.24288007616996765,0.53461754322052,-0.00268140179105103,0.24347782135009766,0.4636388123035431,-0.014547229744493961,0.2700061500072479,0.4082680642604828,-0.02722243405878544,0.2987813949584961,0.3853393793106079,-0.03806294500827789,0.19984905421733856,0.4421848654747009,-0.02570268325507641,0.271531343460083,0.3760673999786377,-0.04421206936240196,0.3152054250240326,0.3649599552154541,-0.053506724536418915,0.34485357999801636,0.36178627610206604,-0.05798622965812683,0.21427707374095917,0.45863911509513855,-0.03285680711269379,0.2857813835144043,0.3867453336715698,-0.047165144234895706,0.32671475410461426,0.37090885639190674,-0.04829515144228935,0.35657429695129395,0.36196160316467285,-0.04898388311266899,0.23847690224647522,0.47571462392807007,-0.04010949283838272,0.3059080243110657,0.40512168407440186,-0.04962784796953201,0.34019410610198975,0.38354769349098206,-0.04793635755777359,0.3644515872001648,0.36939990520477295,-0.0465225912630558,0.27118733525276184,0.49017012119293213,-0.047954972833395004,0.319272518157959,0.43241599202156067,-0.04964159056544304,0.3442710340023041,0.40625104308128357,-0.04656952619552612,0.3636643588542938,0.3832663595676422,-0.04452056437730789
9,left,0,0,0,0,0,0,0,0,0,0,0,0,0,0,0,0,0,0,0,0,0,0,0,0,0,0,0,0,0,0,0,0,0,0,0,0,0,0,0,0,0,0,0,0,0,0,0,0,0,0,0,0,0,0,0,0,0,0,0,0,0,0,0
10,right,0.26916590332984924,0.6061898469924927,4.737686936095997e-07,0.2406281977891922,0.5527780055999756,-1.5072685528139118e-05,0.23361912369728088,0.4848533272743225,-0.010212453082203865,0.2561749517917633,0.42848122119903564,-0.021548599004745483,0.2865641117095947,0.3989270329475403,-0.03251421079039574,0.2026541829109192,0.460762083530426,-0.02589143067598343,0.2581673562526703,0.39075061678886414,-0.04509987309575081,0.29701700806617737,0.36660242080688477,-0.0567096546292305,0.3255402743816376,0.354353666305542,-0.06304293870925903,0.21847406029701233,0.47214943170547485,-0.03472886234521866,0.2771962583065033,0.3977983593940735,-0.049323175102472305,0.31623417139053345,0.3697965145111084,-0.053714774549007416,0.3453792631626129,0.35439610481262207,-0.056759048253297806,0.24364882707595825,0.4860900044441223,-0.04307292774319649,0.29931026697158813,0.4129192531108856,-0.05424398556351662,0.3334450423717499,0.383500337600708,-0.056253645569086075,0.3585030436515808,0.36629313230514526,-0.05678678676486015,0.27682289481163025,0.4978223443031311,-0.05151579901576042,0.317768394947052,0.4373096823692322,-0.056880559772253036,0.3419594168663025,0.41207391023635864,-0.05604487285017967,0.36144357919692993,0.39332839846611023,-0.05451323091983795
10,left,0,0,0,0,0,0,0,0,0,0,0,0,0,0,0,0,0,0,0,0,0,0,0,0,0,0,0,0,0,0,0,0,0,0,0,0,0,0,0,0,0,0,0,0,0,0,0,0,0,0,0,0,0,0,0,0,0,0,0,0,0,0,0
11,right,0.25729113817214966,0.6164938807487488,4.72948954666208e-07,0.2326582670211792,0.5600778460502625,-0.0003340542607475072,0.2274714708328247,0.49035215377807617,-0.010066471062600613,0.251526802778244,0.4338143765926361,-0.021122228354215622,0.2817994952201843,0.4046211540699005,-0.03174997493624687,0.1921093463897705,0.46531879901885986,-0.02306630089879036,0.2517413794994354,0.3961876630783081,-0.042763933539390564,0.29251188039779663,0.37078988552093506,-0.055760450661182404,0.32339489459991455,0.3571787178516388,-0.06312636286020279,0.20687298476696014,0.4782121479511261,-0.03186674788594246,0.26837778091430664,0.4056130647659302,-0.04736770689487457,0.30923816561698914,0.3786003589630127,-0.05275821313261986,0.340006947517395,0.3638938069343567,-0.05630643293261528,0.2314908355474472,0.49331462383270264,-0.04045679420232773,0.28945377469062805,0.42139941453933716,-0.05282194912433624,0.32531172037124634,0.39269065856933594,-0.05526243895292282,0.35145899653434753,0.3754827082157135,-0.05560552328824997,0.2643148601055145,0.5056917667388916,-0.04927265644073486,0.30748695135116577,0.4451301097869873,-0.055308930575847626,0.33293581008911133,0.4200008809566498,-0.05467521399259567,0.35276031494140625,0.4012572169303894,-0.05301066115498543
11,left,0,0,0,0,0,0,0,0,0,0,0,0,0,0,0,0,0,0,0,0,0,0,0,0,0,0,0,0,0,0,0,0,0,0,0,0,0,0,0,0,0,0,0,0,0,0,0,0,0,0,0,0,0,0,0,0,0,0,0,0,0,0,0
12,right,0.2668006122112274,0.5829759240150452,3.416898266550561e-07,0.24177879095077515,0.5303129553794861,-0.004832184873521328,0.23678191006183624,0.4635326862335205,-0.01802084408700466,0.2576027810573578,0.40980345010757446,-0.031151147559285164,0.28428006172180176,0.3864744007587433,-0.04295937344431877,0.20431429147720337,0.44108906388282776,-0.03364267572760582,0.2686489224433899,0.3755066394805908,-0.05202516168355942,0.3086521029472351,0.36473485827445984,-0.06094089895486832,0.33650729060173035,0.3612460792064667,-0.0653119832277298,0.2215227484703064,0.45763981342315674,-0.03973862901329994,0.2858187258243561,0.38605523109436035,-0.05404655635356903,0.3237505555152893,0.36902812123298645,-0.055178843438625336,0.3516317307949066,0.360486775636673,-0.05603431910276413,0.24693936109542847,0.47474411129951477,-0.04532898589968681,0.3061400353908539,0.40523794293403625,-0.05505189299583435,0.3385818898677826,0.38212811946868896,-0.05377170443534851,0.3622663915157318,0.36815062165260315,-0.05277395248413086,0.27825331687927246,0.48846518993377686,-0.051455527544021606,0.321303129196167,0.43154215812683105,-0.05428401753306389,0.3450760245323181,0.40718862414360046,-0.051495108753442764,0.36388611793518066,0.38770243525505066,-0.04952923208475113
12,left,0,0,0,0,0,0,0,0,0,0,0,0,0,0,0,0,0,0,0,0,0,0,0,0,0,0,0,0,0,0,0,0,0,0,0,0,0,0,0,0,0,0,0,0,0,0,0,0,0,0,0,0,0,0,0,0,0,0,0,0,0,0,0
13,right,0.24920202791690826,0.611747145652771,5.133384775035665e-07,0.2317778319120407,0.5606759786605835,-0.0035325007047504187,0.22773335874080658,0.4915351867675781,-0.015559587627649307,0.25082144141197205,0.43375498056411743,-0.02814890444278717,0.28103864192962646,0.40443453192710876,-0.040294840931892395,0.1846294403076172,0.46746960282325745,-0.031837984919548035,0.24361178278923035,0.39299753308296204,-0.054568320512771606,0.2855339050292969,0.37194764614105225,-0.0684780478477478,0.31574833393096924,0.3619886338710785,-0.07615691423416138,0.19892355799674988,0.4832640290260315,-0.04012758657336235,0.2598913908004761,0.40320920944213867,-0.059050463140010834,0.3013257384300232,0.37928763031959534,-0.06505438685417175,0.33149969577789307,0.3682429790496826,-0.06878811120986938,0.22412100434303284,0.49898436665534973,-0.04823005571961403,0.2804957628250122,0.4207811951637268,-0.06264539808034897,0.31657084822654724,0.3916832506656647,-0.06542573869228363,0.34259817004203796,0.3759489357471466,-0.06605243682861328,0.25667884945869446,0.5110316276550293,-0.05662679672241211,0.2999461889266968,0.44589757919311523,-0.06394131481647491,0.32546448707580566,0.41952085494995117,-0.06394080817699432,0.34523874521255493,0.401311457157135,-0.06304870545864105
13,left,0,0,0,0,0,0,0,0,0,0,0,0,0,0,0,0,0,0,0,0,0,0,0,0,0,0,0,0,0,0,0,0,0,0,0,0,0,0,0,0,0,0,0,0,0,0,0,0,0,0,0,0,0,0,0,0,0,0,0,0,0,0,0
14,right,0.266755074262619,0.5979418158531189,3.712388263465982e-07,0.23661291599273682,0.5400202870368958,0.002366333268582821,0.2313956916332245,0.47523146867752075,-0.006804127246141434,0.2536824941635132,0.423990935087204,-0.018114246428012848,0.2840718626976013,0.3990935683250427,-0.02920376881957054,0.20463573932647705,0.4451903998851776,-0.021075645461678505,0.2620529234409332,0.3797118067741394,-0.039359334856271744,0.30107223987579346,0.3614199757575989,-0.05075603350996971,0.32954490184783936,0.3526405096054077,-0.05698930472135544,0.2220088690519333,0.4559098780155182,-0.03128252550959587,0.2824970483779907,0.3871879577636719,-0.044920507818460464,0.3208886981010437,0.36738070845603943,-0.04926507547497749,0.3486146628856659,0.3579915761947632,-0.05182717740535736,0.2479141652584076,0.4698215425014496,-0.04089566320180893,0.30289921164512634,0.40221914649009705,-0.0508153960108757,0.3362603485584259,0.38020795583724976,-0.05183804780244827,0.3598552644252777,0.3682688772678375,-0.051275599747896194,0.28005996346473694,0.4834569990634918,-0.050569433718919754,0.32161569595336914,0.4261128306388855,-0.0538204051554203,0.34478822350502014,0.40437716245651245,-0.05107078701257706,0.3624781370162964,0.38916587829589844,-0.04793521761894226
14,left,0,0,0,0,0,0,0,0,0,0,0,0,0,0,0,0,0,0,0,0,0,0,0,0,0,0,0,0,0,0,0,0,0,0,0,0,0,0,0,0,0,0,0,0,0,0,0,0,0,0,0,0,0,0,0,0,0,0,0,0,0,0,0
15,right,0.26316386461257935,0.5961261987686157,4.154818213919498e-07,0.23714828491210938,0.5378105640411377,0.002706566359847784,0.23180781304836273,0.47244226932525635,-0.006112977396696806,0.2526765465736389,0.42017462849617004,-0.01635749451816082,0.2802334427833557,0.3933737277984619,-0.026054268702864647,0.20099857449531555,0.44371795654296875,-0.022340016439557076,0.2586589455604553,0.37704992294311523,-0.03910326585173607,0.29731202125549316,0.3584900498390198,-0.049285225570201874,0.32654187083244324,0.34982526302337646,-0.05481136590242386,0.21792246401309967,0.4542064070701599,-0.03179864585399628,0.2782888114452362,0.3848888576030731,-0.04337936267256737,0.31591421365737915,0.3631472587585449,-0.04643145948648453,0.3438071012496948,0.3523896634578705,-0.04896330460906029,0.24386414885520935,0.4684690833091736,-0.04042055085301399,0.29898351430892944,0.3984031677246094,-0.04831598699092865,0.33156704902648926,0.3741951584815979,-0.048478662967681885,0.3555312752723694,0.36094552278518677,-0.04834697023034096,0.2763892412185669,0.48124346137046814,-0.04902047663927078,0.3168078362941742,0.4222932457923889,-0.051379721611738205,0.33931708335876465,0.39995256066322327,-0.04846539348363876,0.35687825083732605,0.3846171498298645,-0.04573872685432434
15,left,0,0,0,0,0,0,0,0,0,0,0,0,0,0,0,0,0,0,0,0,0,0,0,0,0,0,0,0,0,0,0,0,0,0,0,0,0,0,0,0,0,0,0,0,0,0,0,0,0,0,0,0,0,0,0,0,0,0,0,0,0,0,0
16,right,0.2495686411857605,0.6042335033416748,4.837252163270023e-07,0.2257087081670761,0.5469306111335754,0.001016527763567865,0.2192404568195343,0.4808105230331421,-0.008955777622759342,0.24100233614444733,0.4240536093711853,-0.020626647397875786,0.2704874277114868,0.3960992097854614,-0.03154429420828819,0.1792680025100708,0.4542562961578369,-0.023289499804377556,0.2379920482635498,0.38259804248809814,-0.04384906589984894,0.27913767099380493,0.3623248338699341,-0.0570506751537323,0.3106497526168823,0.3525996804237366,-0.06454667448997498,0.1949237883090973,0.46745240688323975,-0.03318553417921066,0.2556613087654114,0.39119940996170044,-0.04978957772254944,0.2956579625606537,0.3693782687187195,-0.0554795078933239,0.325771301984787,0.35947778820991516,-0.05921216681599617,0.22074663639068604,0.48158174753189087,-0.04276343807578087,0.2764666974544525,0.40526142716407776,-0.05510300397872925,0.31140244007110596,0.3784133195877075,-0.057530470192432404,0.337507426738739,0.3632056713104248,-0.058202825486660004,0.25379785895347595,0.49272358417510986,-0.052444107830524445,0.2970247268676758,0.43075358867645264,-0.05821320042014122,0.321748822927475,0.40678560733795166,-0.057495664805173874,0.34122225642204285,0.3891468942165375,-0.05599277839064598
16,left,0,0,0,0,0,0,0,0,0,0,0,0,0,0,0,0,0,0,0,0,0,0,0,0,0,0,0,0,0,0,0,0,0,0,0,0,0,0,0,0,0,0,0,0,0,0,0,0,0,0,0,0,0,0,0,0,0,0,0,0,0,0,0
17,right,0.25726601481437683,0.578377366065979,2.483589014445897e-07,0.23488487303256989,0.5152765512466431,-0.0026325234211981297,0.230801522731781,0.44649600982666016,-0.013831548392772675,0.25168928503990173,0.39195629954338074,-0.025914093479514122,0.2798576056957245,0.3663538098335266,-0.036683157086372375,0.20058181881904602,0.4218168556690216,-0.026573941111564636,0.2647426128387451,0.35463064908981323,-0.04409549757838249,0.3046607971191406,0.34576094150543213,-0.052720196545124054,0.3309631943702698,0.34494948387145996,-0.0567021369934082,0.21929162740707397,0.43649494647979736,-0.03340373933315277,0.28268030285835266,0.3662417531013489,-0.04613226652145386,0.32033175230026245,0.3525870442390442,-0.04696261137723923,0.34652233123779297,0.3467056453227997,-0.0478905625641346,0.24442699551582336,0.45269209146499634,-0.04011475294828415,0.3017810583114624,0.3870161473751068,-0.0483839213848114,0.3341139554977417,0.366451233625412,-0.04709277302026749,0.35715264081954956,0.3545668423175812,-0.04647926241159439,0.27399691939353943,0.4669284522533417,-0.0473366305232048,0.31556037068367004,0.4132315516471863,-0.04941871389746666,0.3394347131252289,0.39223724603652954,-0.046194326132535934,0.358186274766922,0.37660834193229675,-0.04390968754887581
17,left,0,0,0,0,0,0,0,0,0,0,0,0,0,0,0,0,0,0,0,0,0,0,0,0,0,0,0,0,0,0,0,0,0,0,0,0,0,0,0,0,0,0,0,0,0,0,0,0,0,0,0,0,0,0,0,0,0,0,0,0,0,0,0
18,right,0.2517717480659485,0.5961719155311584,4.6009321863493824e-07,0.2341473400592804,0.5333190560340881,0.0012549121165648103,0.23043733835220337,0.4654250144958496,-0.007652422413229942,0.2527756690979004,0.4100656807422638,-0.018702106550335884,0.2805153429508209,0.3818587064743042,-0.02854006551206112,0.1833169162273407,0.44429266452789307,-0.016848359256982803,0.24229222536087036,0.37576836347579956,-0.035971932113170624,0.28339484333992004,0.3556968569755554,-0.04859953746199608,0.31435826420783997,0.3471147418022156,-0.05573391914367676,0.19821681082248688,0.4550655484199524,-0.026957809925079346,0.25731316208839417,0.38071760535240173,-0.04258278012275696,0.2969330847263336,0.3581291139125824,-0.048124048858881,0.3267909288406372,0.34729188680648804,-0.05142379179596901,0.22337239980697632,0.4673416018486023,-0.03723004087805748,0.27862992882728577,0.39462265372276306,-0.048935603350400925,0.3142751157283783,0.3673650324344635,-0.05115603655576706,0.3404751718044281,0.35122281312942505,-0.051570385694503784,0.2565857768058777,0.47745195031166077,-0.047838740050792694,0.2984861433506012,0.4183451533317566,-0.05317659303545952,0.3234315812587738,0.39550819993019104,-0.05216636136174202,0.34338587522506714,0.37851062417030334,-0.050431013107299805
18,left,0,0,0,0,0,0,0,0,0,0,0,0,0,0,0,0,0,0,0,0,0,0,0,0,0,0,0,0,0,0,0,0,0,0,0,0,0,0,0,0,0,0,0,0,0,0,0,0,0,0,0,0,0,0,0,0,0,0,0,0,0,0,0
19,right,0.2517361640930176,0.5742473602294922,2.4448715407743293e-07,0.23508931696414948,0.5116499066352844,-0.0028840196318924427,0.22931921482086182,0.44492247700691223,-0.015864897519350052,0.24892213940620422,0.38917988538742065,-0.03003876283764839,0.27560681104660034,0.35961294174194336,-0.04265308380126953,0.18277229368686676,0.4230805039405823,-0.028298286721110344,0.24773982167243958,0.34956854581832886,-0.04740798845887184,0.29215067625045776,0.34137850999832153,-0.05696706846356392,0.3205532729625702,0.34328579902648926,-0.06162388250231743,0.19696396589279175,0.4403987228870392,-0.03543505445122719,0.2663293182849884,0.36753663420677185,-0.04823124408721924,0.30820024013519287,0.3537939488887787,-0.04919470474123955,0.3384978175163269,0.3474143445491791,-0.05137256160378456,0.22040048241615295,0.45725226402282715,-0.042683858424425125,0.28690457344055176,0.3863365054130554,-0.05233215540647507,0.32195955514907837,0.370436429977417,-0.05141916498541832,0.3475548326969147,0.36244791746139526,-0.05163447931408882,0.2509216368198395,0.4696725308895111,-0.050368532538414,0.2988069951534271,0.414436012506485,-0.05184561759233475,0.3239186406135559,0.39355525374412537,-0.04850000515580177,0.3432478904724121,0.37745362520217896,-0.04689638316631317
19,left,0,0,0,0,0,0,0,0,0,0,0,0,0,0,0,0,0,0,0,0,0,0,0,0,0,0,0,0,0,0,0,0,0,0,0,0,0,0,0,0,0,0,0,0,0,0,0,0,0,0,0,0,0,0,0,0,0,0,0,0,0,0,0
20,right,0.26215922832489014,0.5872892737388611,3.3502962537568237e-07,0.23355765640735626,0.5308032631874084,-0.0018254377646371722,0.2262793928384781,0.4643985331058502,-0.012342068366706371,0.24795317649841309,0.4111306071281433,-0.024336105212569237,0.2786342203617096,0.38388919830322266,-0.03545268997550011,0.19407397508621216,0.4399426579475403,-0.022498155012726784,0.25041884183883667,0.3704952001571655,-0.04281605780124664,0.2909526228904724,0.3528757691383362,-0.05594503879547119,0.31929251551628113,0.3464657962322235,-0.06285776197910309,0.2119445502758026,0.45051246881484985,-0.031002018600702286,0.2716973125934601,0.37961357831954956,-0.04718954116106033,0.3101748526096344,0.35887497663497925,-0.05339222401380539,0.3395237624645233,0.35290274024009705,-0.05657261982560158,0.23920884728431702,0.46332719922065735,-0.03949560225009918,0.29325804114341736,0.39313873648643494,-0.05119334161281586,0.3253459930419922,0.37229588627815247,-0.053137607872486115,0.34942132234573364,0.36533477902412415,-0.05259702727198601,0.272871732711792,0.47438281774520874,-0.04847143962979317,0.3109425902366638,0.41706374287605286,-0.05301503464579582,0.33231815695762634,0.396557092666626,-0.05098631605505943,0.3507678508758545,0.3849184513092041,-0.04798658937215805
20,left,0,0,0,0,0,0,0,0,0,0,0,0,0,0,0,0,0,0,0,0,0,0,0,0,0,0,0,0,0,0,0,0,0,0,0,0,0,0,0,0,0,0,0,0,0,0,0,0,0,0,0,0,0,0,0,0,0,0,0,0,0,0,0
21,right,0.24733930826187134,0.6063013672828674,4.717227852779615e-07,0.22730745375156403,0.5460042357444763,0.0016517890617251396,0.2213173508644104,0.4792831540107727,-0.0082890959456563,0.24291963875293732,0.4220293164253235,-0.02019328996539116,0.2716665267944336,0.3924889862537384,-0.03145347908139229,0.17405180633068085,0.4591667950153351,-0.023359639570116997,0.23057806491851807,0.38346242904663086,-0.044256485998630524,0.27119866013526917,0.36160680651664734,-0.057518258690834045,0.3012425899505615,0.350616455078125,-0.06504109501838684,0.18948699533939362,0.47255441546440125,-0.03396208584308624,0.24886554479599,0.3915630578994751,-0.05168747529387474,0.28912535309791565,0.36779433488845825,-0.05781249701976776,0.3189568519592285,0.3564870357513428,-0.061602357774972916,0.21552157402038574,0.4856945276260376,-0.04422514885663986,0.2698881924152374,0.4054149389266968,-0.057602301239967346,0.30575990676879883,0.3756559193134308,-0.06041057035326958,0.33220523595809937,0.3587501347064972,-0.06110643222928047,0.24885302782058716,0.495219349861145,-0.054502516984939575,0.29055142402648926,0.42967215180397034,-0.06075964868068695,0.3154628872871399,0.4032488763332367,-0.06025749817490578,0.33502742648124695,0.38384419679641724,-0.0589454211294651
21,left,0,0,0,0,0,0,0,0,0,0,0,0,0,0,0,0,0,0,0,0,0,0,0,0,0,0,0,0,0,0,0,0,0,0,0,0,0,0,0,0,0,0,0,0,0,0,0,0,0,0,0,0,0,0,0,0,0,0,0,0,0,0,0
22,right,0.2622683644294739,0.5745625495910645,2.1899488444887538e-07,0.2364204227924347,0.5165483951568604,-0.0035263204481452703,0.22990262508392334,0.4516821503639221,-0.016448698937892914,0.25023719668388367,0.40051504969596863,-0.029616743326187134,0.2791590094566345,0.380239874124527,-0.04091886058449745,0.19828303158283234,0.427898645401001,-0.029874982312321663,0.26266923546791077,0.36014777421951294,-0.047182872891426086,0.30080071091651917,0.3570482134819031,-0.05529485642910004,0.32353541254997253,0.3592512309551239,-0.05898585170507431,0.21753525733947754,0.44374167919158936,-0.036084894090890884,0.28095364570617676,0.37051281332969666,-0.04742639139294624,0.31750836968421936,0.36045995354652405,-0.04708019271492958,0.343032568693161,0.358110249042511,-0.047934163361787796,0.243301123380661,0.45973849296569824,-0.0420512817800045,0.30229413509368896,0.38926786184310913,-0.04899505525827408,0.3323463499546051,0.37399712204933167,-0.04588021710515022,0.3532254695892334,0.36777251958847046,-0.04476836323738098,0.2746567130088806,0.4724618196487427,-0.0485415980219841,0.315308541059494,0.4175235629081726,-0.04755232110619545,0.33659684658050537,0.39847299456596375,-0.042038775980472565,0.35227423906326294,0.3852522373199463,-0.03912236541509628
22,left,0,0,0,0,0,0,0,0,0,0,0,0,0,0,0,0,0,0,0,0,0,0,0,0,0,0,0,0,0,0,0,0,0,0,0,0,0,0,0,0,0,0,0,0,0,0,0,0,0,0,0,0,0,0,0,0,0,0,0,0,0,0,0
23,right,0.24664434790611267,0.6042201519012451,5.136179765941051e-07,0.22289356589317322,0.5494773387908936,-0.002279120497405529,0.21646630764007568,0.48173388838768005,-0.013836627826094627,0.23912563920021057,0.4239405393600464,-0.026778444647789,0.2691303491592407,0.39365696907043457,-0.03895570710301399,0.1728259176015854,0.4653072953224182,-0.025790467858314514,0.22866004705429077,0.38861411809921265,-0.048192884773015976,0.26893624663352966,0.36618006229400635,-0.06247233226895332,0.29818519949913025,0.35596850514411926,-0.070297472178936,0.18793539702892303,0.47753530740737915,-0.034854307770729065,0.24527879059314728,0.3978686034679413,-0.05401230975985527,0.2855958342552185,0.3725605010986328,-0.060916826128959656,0.3156571090221405,0.36118796467781067,-0.06488510221242905,0.21381764113903046,0.4900597929954529,-0.04395947977900505,0.2667863368988037,0.4112440049648285,-0.057770516723394394,0.3016924560070038,0.3814738988876343,-0.060392867773771286,0.32678309082984924,0.36580508947372437,-0.06077533960342407,0.2474592626094818,0.49915874004364014,-0.05354819819331169,0.28839412331581116,0.4337979555130005,-0.059690020978450775,0.3118134140968323,0.40704092383384705,-0.058866679668426514,0.32971906661987305,0.3887048661708832,-0.057328637689352036
23,left,0,0,0,0,0,0,0,0,0,0,0,0,0,0,0,0,0,0,0,0,0,0,0,0,0,0,0,0,0,0,0,0,0,0,0,0,0,0,0,0,0,0,0,0,0,0,0,0,0,0,0,0,0,0,0,0,0,0,0,0,0,0,0
24,right,0.2611161172389984,0.5662829875946045,2.371204317341835e-07,0.23865309357643127,0.5048900246620178,0.001665156101807952,0.23490527272224426,0.4404861032962799,-0.008770287036895752,0.2580467760562897,0.3902167081832886,-0.02096262201666832,0.2882063090801239,0.369021475315094,-0.03228486329317093,0.1964414417743683,0.4195820093154907,-0.022487612441182137,0.2644001543521881,0.3526362180709839,-0.037173058837652206,0.3057902753353119,0.34635335206985474,-0.04416060447692871,0.33193284273147583,0.34683769941329956,-0.047728635370731354,0.21191838383674622,0.43679890036582947,-0.030928557738661766,0.2809680700302124,0.37006911635398865,-0.038998134434223175,0.3207149803638458,0.35808858275413513,-0.03788118436932564,0.34958571195602417,0.3508632183074951,-0.03944423049688339,0.23518261313438416,0.4543660581111908,-0.03899368271231651,0.3011254668235779,0.38954958319664,-0.04402042180299759,0.3341062664985657,0.37415051460266113,-0.04135078936815262,0.35815683007240295,0.364890992641449,-0.04151034355163574,0.26530155539512634,0.4687257707118988,-0.04718184471130371,0.3109264671802521,0.41787752509117126,-0.04501549154520035,0.33581316471099854,0.39697349071502686,-0.03968428447842598,0.3550282120704651,0.3801818788051605,-0.037519603967666626
24,left,0,0,0,0,0,0,0,0,0,0,0,0,0,0,0,0,0,0,0,0,0,0,0,0,0,0,0,0,0,0,0,0,0,0,0,0,0,0,0,0,0,0,0,0,0,0,0,0,0,0,0,0,0,0,0,0,0,0,0,0,0,0,0
25,right,0.24782198667526245,0.5992298722267151,4.471683610063337e-07,0.23159733414649963,0.5460789203643799,-0.0003179082414135337,0.22899214923381805,0.47744986414909363,-0.010933342389762402,0.25128722190856934,0.4207744896411896,-0.023454325273633003,0.27982306480407715,0.38988175988197327,-0.0352567657828331,0.18247365951538086,0.4595167338848114,-0.02407587319612503,0.23909084498882294,0.3831475079059601,-0.04545370489358902,0.28157514333724976,0.360414981842041,-0.05869481340050697,0.3126562237739563,0.35080718994140625,-0.06583981215953827,0.1957082450389862,0.4707644581794739,-0.03402178734540939,0.25432828068733215,0.3903774917125702,-0.05167857185006142,0.29559850692749023,0.3658754825592041,-0.057100921869277954,0.32627514004707336,0.3565239906311035,-0.060069505125284195,0.22127807140350342,0.48248597979545593,-0.0438968688249588,0.2757801413536072,0.40294814109802246,-0.05753417685627937,0.31201285123825073,0.3768336772918701,-0.05888231098651886,0.3376102149486542,0.3647614121437073,-0.058339040726423264,0.2557673156261444,0.4903678894042969,-0.05398028343915939,0.2973916530609131,0.426169753074646,-0.059887949377298355,0.32233908772468567,0.4036698639392853,-0.05787896737456322,0.341586172580719,0.39052480459213257,-0.05553221330046654
25,left,0,0,0,0,0,0,0,0,0,0,0,0,0,0,0,0,0,0,0,0,0,0,0,0,0,0,0,0,0,0,0,0,0,0,0,0,0,0,0,0,0,0,0,0,0,0,0,0,0,0,0,0,0,0,0,0,0,0,0,0,0,0,0
26,right,0.2590028643608093,0.5662515163421631,2.951412056972913e-07,0.25581443309783936,0.4993707537651062,-0.0008028869633562863,0.253841757774353,0.4372357130050659,-0.011753151193261147,0.2750769257545471,0.3893156051635742,-0.02430119179189205,0.2995337247848511,0.3656238615512848,-0.035460568964481354,0.19166190922260284,0.4198654890060425,-0.0210398081690073,0.2617521286010742,0.35292115807533264,-0.036708757281303406,0.3061380088329315,0.3468221127986908,-0.0456865094602108,0.33434340357780457,0.34902259707450867,-0.050827451050281525,0.20165391266345978,0.4387054443359375,-0.028176190331578255,0.274052232503891,0.3705299198627472,-0.03889233618974686,0.3169078826904297,0.35877856612205505,-0.041091516613960266,0.34866321086883545,0.35395899415016174,-0.044718243181705475,0.22311173379421234,0.45589756965637207,-0.03528128191828728,0.29388004541397095,0.3906105160713196,-0.04279862344264984,0.32931455969810486,0.3763306438922882,-0.0421171560883522,0.3547900915145874,0.36939775943756104,-0.0432700477540493,0.25311124324798584,0.4682686924934387,-0.04264447093009949,0.3045956492424011,0.4185355007648468,-0.042294714599847794,0.3316294550895691,0.3972932696342468,-0.03849269822239876,0.35184428095817566,0.3802531063556671,-0.037260740995407104
26,left,0,0,0,0,0,0,0,0,0,0,0,0,0,0,0,0,0,0,0,0,0,0,0,0,0,0,0,0,0,0,0,0,0,0,0,0,0,0,0,0,0,0,0,0,0,0,0,0,0,0,0,0,0,0,0,0,0,0,0,0,0,0,0
27,right,0.26254090666770935,0.5912513732910156,3.4342269827902783e-07,0.2368859201669693,0.5386174321174622,-0.00037956624873913825,0.22983017563819885,0.47253096103668213,-0.009979868307709694,0.2507672905921936,0.41899946331977844,-0.021096937358379364,0.27958643436431885,0.3899058401584625,-0.031751781702041626,0.20004963874816895,0.4483787715435028,-0.023732176050543785,0.2562219202518463,0.37755274772644043,-0.044250987470149994,0.29758328199386597,0.3577733039855957,-0.056545913219451904,0.32570356130599976,0.3504240810871124,-0.0626877099275589,0.21550124883651733,0.4594317078590393,-0.03264298662543297,0.2772054374217987,0.3858358860015869,-0.048965826630592346,0.3177628815174103,0.3641565144062042,-0.053964123129844666,0.3464547097682953,0.3561301827430725,-0.05634107440710068,0.2414960414171219,0.4727659821510315,-0.04134657233953476,0.298019677400589,0.3991820514202118,-0.05417177826166153,0.33249589800834656,0.37760812044143677,-0.05565489083528519,0.3566490411758423,0.3694898188114166,-0.05458151921629906,0.2751462459564209,0.48420223593711853,-0.05020051822066307,0.3156954050064087,0.4223073124885559,-0.05587704852223396,0.3392007350921631,0.40107691287994385,-0.054055847227573395,0.3579666018486023,0.38895538449287415,-0.05112427845597267
27,left,0,0,0,0,0,0,0,0,0,0,0,0,0,0,0,0,0,0,0,0,0,0,0,0,0,0,0,0,0,0,0,0,0,0,0,0,0,0,0,0,0,0,0,0,0,0,0,0,0,0,0,0,0,0,0,0,0,0,0,0,0,0,0
28,right,0.2518574595451355,0.5811265707015991,3.41566135375615e-07,0.23118503391742706,0.5216741561889648,-0.007792305201292038,0.2261691391468048,0.4535941481590271,-0.02217445708811283,0.2516849637031555,0.39777424931526184,-0.036179713904857635,0.2821310758590698,0.3729858696460724,-0.04838695377111435,0.17979754507541656,0.4372618794441223,-0.03201141953468323,0.2467869371175766,0.36724206805229187,-0.0507284477353096,0.2897510528564453,0.3549307584762573,-0.060548946261405945,0.31818634271621704,0.350044310092926,-0.06593939661979675,0.19476957619190216,0.45469921827316284,-0.036899108439683914,0.26239264011383057,0.38162776827812195,-0.05120983347296715,0.30374741554260254,0.3638558089733124,-0.05321727320551872,0.3342769742012024,0.355435848236084,-0.05579637363553047,0.21908046305179596,0.4718962609767914,-0.04205416142940521,0.2831994593143463,0.3982870876789093,-0.05288185179233551,0.31693100929260254,0.3767126500606537,-0.0527813583612442,0.3422406315803528,0.3647023141384125,-0.053152814507484436,0.2516768276691437,0.48447686433792114,-0.047998882830142975,0.29675737023353577,0.42518824338912964,-0.05094267427921295,0.32114464044570923,0.4002501666545868,-0.048728905618190765,0.3402904272079468,0.38127508759498596,-0.04790776968002319
28,left,0,0,0,0,0,0,0,0,0,0,0,0,0,0,0,0,0,0,0,0,0,0,0,0,0,0,0,0,0,0,0,0,0,0,0,0,0,0,0,0,0,0,0,0,0,0,0,0,0,0,0,0,0,0,0,0,0,0,0,0,0,0,0
29,right,0.2680305242538452,0.5524915456771851,3.043085996523587e-07,0.24706025421619415,0.49855464696884155,-0.010372688993811607,0.24409420788288116,0.4338279664516449,-0.025159526616334915,0.27362924814224243,0.38590100407600403,-0.03881257399916649,0.30767664313316345,0.3675444424152374,-0.050879575312137604,0.20460501313209534,0.4118579924106598,-0.03327938914299011,0.2729669213294983,0.3526226580142975,-0.05046922340989113,0.3137083649635315,0.3484044671058655,-0.05972231552004814,0.3407232463359833,0.34874802827835083,-0.06541310250759125,0.21917060017585754,0.430555522441864,-0.03620537742972374,0.2873114347457886,0.3670973777770996,-0.049024663865566254,0.3249679505825043,0.35677048563957214,-0.0508333258330822,0.35342341661453247,0.3524850904941559,-0.053789444267749786,0.24135106801986694,0.4501785337924957,-0.03937603160738945,0.30682504177093506,0.3878353238105774,-0.04869597777724266,0.3366354703903198,0.3735932409763336,-0.047586530447006226,0.3599991798400879,0.36494335532188416,-0.04791942238807678,0.2721516788005829,0.46674802899360657,-0.043537627905607224,0.31817826628685,0.41799652576446533,-0.04518068954348564,0.34101447463035583,0.39689692854881287,-0.04207402840256691,0.3594323694705963,0.3781612813472748,-0.04102800786495209
29,left,0,0,0,0,0,0,0,0,0,0,0,0,0,0,0,0,0,0,0,0,0,0,0,0,0,0,0,0,0,0,0,0,0,0,0,0,0,0,0,0,0,0,0,0,0,0,0,0,0,0,0,0,0,0,0,0,0,0,0,0,0,0,0
30,right,0.25395792722702026,0.5936959385871887,4.7525372792733833e-07,0.2327178716659546,0.5446237325668335,-0.0023112983908504248,0.22961564362049103,0.4772437512874603,-0.013155926950275898,0.25177904963493347,0.42257967591285706,-0.024654388427734375,0.280921995639801,0.39372268319129944,-0.03596461936831474,0.19285042583942413,0.4574938118457794,-0.030674932524561882,0.24919939041137695,0.3863317668437958,-0.05200723186135292,0.2903795838356018,0.3633362054824829,-0.06546090543270111,0.31916332244873047,0.3510795533657074,-0.07314042747020721,0.2068190574645996,0.4721066355705261,-0.03926051780581474,0.2667256295681,0.39536261558532715,-0.05625593662261963,0.30726689100265503,0.3696567714214325,-0.06176025792956352,0.33634835481643677,0.3560112416744232,-0.06557229161262512,0.2316141128540039,0.48765984177589417,-0.04752720892429352,0.2872993052005768,0.4109680652618408,-0.061218030750751495,0.32189467549324036,0.38138535618782043,-0.0637974962592125,0.34640467166900635,0.3644499182701111,-0.06441274285316467,0.2647171914577484,0.5000103712081909,-0.055952288210392,0.3064183294773102,0.434468150138855,-0.06254635006189346,0.3305184245109558,0.4081033766269684,-0.0617850124835968,0.3482256829738617,0.39034655690193176,-0.06051887944340706
30,left,0,0,0,0,0,0,0,0,0,0,0,0,0,0,0,0,0,0,0,0,0,0,0,0,0,0,0,0,0,0,0,0,0,0,0,0,0,0,0,0,0,0,0,0,0,0,0,0,0,0,0,0,0,0,0,0,0,0,0,0,0,0,0
31,right,0.26464614272117615,0.5691969394683838,3.159102277550119e-07,0.25393831729888916,0.5122098922729492,-0.0073608523234725,0.25421011447906494,0.44565069675445557,-0.02005714364349842,0.28041917085647583,0.3920597434043884,-0.03258274868130684,0.30889657139778137,0.3669973313808441,-0.042743656784296036,0.2004464864730835,0.4244004487991333,-0.02771322801709175,0.270255982875824,0.35621923208236694,-0.045152775943279266,0.31460726261138916,0.35026517510414124,-0.053928326815366745,0.3423147201538086,0.3527916371822357,-0.05819038301706314,0.21218162775039673,0.4423339068889618,-0.03172281011939049,0.2840830683708191,0.372664213180542,-0.04457038640975952,0.32518401741981506,0.3612513840198517,-0.0452907495200634,0.35459715127944946,0.358242392539978,-0.046719543635845184,0.23447756469249725,0.4594547152519226,-0.03633042052388191,0.30280211567878723,0.39249297976493835,-0.04563791677355766,0.3361905515193939,0.376522958278656,-0.04421015828847885,0.3604835569858551,0.36943671107292175,-0.043703291565179825,0.2656765580177307,0.4716138541698456,-0.041803184896707535,0.3137912452220917,0.41817861795425415,-0.04284658282995224,0.33800825476646423,0.3957599997520447,-0.039553895592689514,0.3567163944244385,0.37853574752807617,-0.03804776445031166
31,left,0,0,0,0,0,0,0,0,0,0,0,0,0,0,0,0,0,0,0,0,0,0,0,0,0,0,0,0,0,0,0,0,0,0,0,0,0,0,0,0,0,0,0,0,0,0,0,0,0,0,0,0,0,0,0,0,0,0,0,0,0,0,0
32,right,0.26819342374801636,0.587946891784668,3.6196740893501556e-07,0.24191318452358246,0.5367711782455444,-0.0019544591195881367,0.23477527499198914,0.47044605016708374,-0.012087870389223099,0.2560940980911255,0.4166162312030792,-0.02325591817498207,0.2848249077796936,0.38869693875312805,-0.03393111377954483,0.20785006880760193,0.44652706384658813,-0.025976361706852913,0.2628139853477478,0.37761449813842773,-0.04639289155602455,0.3028392791748047,0.3588767349720001,-0.05853915214538574,0.32978805899620056,0.3517557680606842,-0.06475461274385452,0.2243179976940155,0.4597213864326477,-0.03406239673495293,0.28367048501968384,0.3874077796936035,-0.05033918842673302,0.32213857769966125,0.3661336898803711,-0.05507092922925949,0.3497370481491089,0.35825833678245544,-0.05744437128305435,0.2500402629375458,0.47504228353500366,-0.041992705315351486,0.3048037886619568,0.402443528175354,-0.05439234897494316,0.3369891345500946,0.38019806146621704,-0.055430226027965546,0.3600969612598419,0.37146779894828796,-0.054325129836797714,0.28329572081565857,0.4877660870552063,-0.05026280879974365,0.3226287066936493,0.427452027797699,-0.05581783875823021,0.3443547189235687,0.4051554203033447,-0.054114632308483124,0.36193037033081055,0.3912684917449951,-0.05147802084684372
32,left,0,0,0,0,0,0,0,0,0,0,0,0,0,0,0,0,0,0,0,0,0,0,0,0,0,0,0,0,0,0,0,0,0,0,0,0,0,0,0,0,0,0,0,0,0,0,0,0,0,0,0,0,0,0,0,0,0,0,0,0,0,0,0
33,right,0.25910812616348267,0.5981816649436951,4.868979885941371e-07,0.23935477435588837,0.5439249277114868,0.0001503166713519022,0.23360316455364227,0.47672826051712036,-0.010204468853771687,0.25598791241645813,0.4197355806827545,-0.022080713883042336,0.2857687771320343,0.3913539946079254,-0.03318910673260689,0.18834711611270905,0.45231693983078003,-0.0239783376455307,0.24574264883995056,0.381039559841156,-0.04492403566837311,0.28665611147880554,0.35960495471954346,-0.05859290435910225,0.31778597831726074,0.34930408000946045,-0.06637673079967499,0.20327681303024292,0.46640726923942566,-0.033658385276794434,0.26266998052597046,0.3904736638069153,-0.0509740486741066,0.30237388610839844,0.3672020733356476,-0.057159047573804855,0.33234119415283203,0.3562614917755127,-0.061097078025341034,0.22868141531944275,0.48102107644081116,-0.04312831163406372,0.2836779057979584,0.4054928719997406,-0.05602952837944031,0.31829962134361267,0.37690943479537964,-0.058768559247255325,0.34401702880859375,0.3604738116264343,-0.05955945700407028,0.2619026005268097,0.491969496011734,-0.05278453603386879,0.3048041760921478,0.4292730689048767,-0.0588480681180954,0.32941508293151855,0.404695600271225,-0.058371663093566895,0.3487054109573364,0.387214720249176,-0.057149678468704224
33,left,0,0,0,0,0,0,0,0,0,0,0,0,0,0,0,0,0,0,0,0,0,0,0,0,0,0,0,0,0,0,0,0,0,0,0,0,0,0,0,0,0,0,0,0,0,0,0,0,0,0,0,0,0,0,0,0,0,0,0,0,0,0,0
34,right,0.2702716588973999,0.5770038366317749,3.375412518380472e-07,0.24373245239257812,0.5241411924362183,-0.002662831684574485,0.2392931580543518,0.4577155113220215,-0.014363794587552547,0.2616400718688965,0.4041306972503662,-0.0264118742197752,0.2898992598056793,0.3822459876537323,-0.03710097819566727,0.21104712784290314,0.43129292130470276,-0.03170379251241684,0.2763822376728058,0.36420899629592896,-0.050116389989852905,0.3167114853858948,0.3547725975513458,-0.05883000046014786,0.3443344235420227,0.3530519902706146,-0.06285364180803299,0.2289314717054367,0.4458407163619995,-0.0384727418422699,0.29401272535324097,0.37332144379615784,-0.05292629823088646,0.33226722478866577,0.35865113139152527,-0.0542437918484211,0.35904181003570557,0.3536088466644287,-0.05480363965034485,0.25443658232688904,0.46246981620788574,-0.04457599297165871,0.31317633390426636,0.3930688202381134,-0.05391501262784004,0.3463578224182129,0.37121161818504333,-0.05307416245341301,0.3696132004261017,0.35950398445129395,-0.05211561545729637,0.285802960395813,0.47659751772880554,-0.050981953740119934,0.3280788064002991,0.42024466395378113,-0.053388919681310654,0.3511147201061249,0.3968835473060608,-0.050915755331516266,0.3689558506011963,0.3787122666835785,-0.04896233603358269
34,left,0,0,0,0,0,0,0,0,0,0,0,0,0,0,0,0,0,0,0,0,0,0,0,0,0,0,0,0,0,0,0,0,0,0,0,0,0,0,0,0,0,0,0,0,0,0,0,0,0,0,0,0,0,0,0,0,0,0,0,0,0,0,0
35,right,0.2615639567375183,0.600199818611145,4.995499693905003e-07,0.23730148375034332,0.5456187725067139,0.0001267156476387754,0.23255302011966705,0.4777365028858185,-0.010352667421102524,0.25762343406677246,0.42155909538269043,-0.022441862151026726,0.28976181149482727,0.39338046312332153,-0.033954937011003494,0.1924935281276703,0.45771709084510803,-0.024880580604076385,0.24968892335891724,0.3845112919807434,-0.045448847115039825,0.29054170846939087,0.3616394102573395,-0.05823380500078201,0.32188332080841064,0.3508540391921997,-0.06540323048830032,0.20731249451637268,0.4699021279811859,-0.034632470458745956,0.2673024833202362,0.39225831627845764,-0.05180943384766579,0.30816951394081116,0.367518812417984,-0.05767811834812164,0.3386363089084625,0.35616958141326904,-0.061241477727890015,0.23335380852222443,0.4830116033554077,-0.0440148264169693,0.28874671459198,0.40687164664268494,-0.05679968371987343,0.32490986585617065,0.3769940137863159,-0.05929998308420181,0.351039856672287,0.360208660364151,-0.0598515160381794,0.26803508400917053,0.49292489886283875,-0.053550999611616135,0.31013521552085876,0.43001654744148254,-0.05941394716501236,0.33549559116363525,0.4042520523071289,-0.058575380593538284,0.3551780581474304,0.38636237382888794,-0.057124894112348557
35,left,0,0,0,0,0,0,0,0,0,0,0,0,0,0,0,0,0,0,0,0,0,0,0,0,0,0,0,0,0,0,0,0,0,0,0,0,0,0,0,0,0,0,0,0,0,0,0,0,0,0,0,0,0,0,0,0,0,0,0,0,0,0,0
36,right,0.2582578659057617,0.5842617750167847,3.5605600601229526e-07,0.2403886467218399,0.5251440405845642,-0.0034184802789241076,0.24008630216121674,0.45338699221611023,-0.016170183196663857,0.26683321595191956,0.3986075520515442,-0.029752856120467186,0.2946779131889343,0.3749256432056427,-0.04115363210439682,0.19823169708251953,0.43501681089401245,-0.02968275174498558,0.26467037200927734,0.3608309328556061,-0.050076812505722046,0.30803772807121277,0.354213684797287,-0.059502292424440384,0.33685097098350525,0.358102023601532,-0.06330922245979309,0.2132895141839981,0.45081809163093567,-0.03684128448367119,0.2791476249694824,0.3740813732147217,-0.05323795601725578,0.3197356164455414,0.36194971203804016,-0.054247695952653885,0.34875133633613586,0.36052966117858887,-0.05400153994560242,0.23828065395355225,0.46653303503990173,-0.044087570160627365,0.299640953540802,0.39415442943573,-0.05399662256240845,0.3343086540699005,0.3757263720035553,-0.05152108147740364,0.358242005109787,0.36737552285194397,-0.049327246844768524,0.27107471227645874,0.4788846969604492,-0.05203978717327118,0.31347501277923584,0.4209079444408417,-0.05393165349960327,0.3372116982936859,0.39771270751953125,-0.050481442362070084,0.3557562232017517,0.38002246618270874,-0.04793890193104744
36,left,0,0,0,0,0,0,0,0,0,0,0,0,0,0,0,0,0,0,0,0,0,0,0,0,0,0,0,0,0,0,0,0,0,0,0,0,0,0,0,0,0,0,0,0,0,0,0,0,0,0,0,0,0,0,0,0,0,0,0,0,0,0,0
