0.7374545931816101,0.7985526323318481,-0.13119274377822876,0.41735467314720154,0.8205589652061462,-0.17308804392814636
0.7374916672706604,0.797012984752655,-0.1293192207813263,0.42141157388687134,0.8194559812545776,-0.1707123965024948
0.7380368709564209,0.7973495125770569,-0.1248786598443985,0.42370662093162537,0.8187521696090698,-0.15987232327461243
0.7394347190856934,0.7975334525108337,-0.12566301226615906,0.4243873953819275,0.8180993795394897,-0.15918800234794617
0.739672064781189,0.7977330684661865,-0.12245260179042816,0.42431560158729553,0.8173666596412659,-0.15897409617900848
0.740021288394928,0.7976502776145935,-0.11721663177013397,0.42422693967819214,0.8167338967323303,-0.15890899300575256
0.7398541569709778,0.7972732186317444,-0.12296979129314423,0.4241179823875427,0.8162266612052917,-0.16417066752910614
0.7397744655609131,0.7957909107208252,-0.11934512853622437,0.4241296648979187,0.8146724700927734,-0.1640871912240982
0.7396804094314575,0.7939631342887878,-0.11890729516744614,0.4241008162498474,0.814469039440155,-0.16456878185272217
0.7396101951599121,0.7933838367462158,-0.11764995008707047,0.4239979684352875,0.8127707242965698,-0.16465097665786743
0.739599883556366,0.7928431034088135,-0.11615163087844849,0.4242093563079834,0.8127730488777161,-0.16299653053283691
0.7396484613418579,0.7921706438064575,-0.12740331888198853,0.4246407449245453,0.8132387399673462,-0.1649181991815567
0.7405107617378235,0.7920021414756775,-0.14023827016353607,0.42490315437316895,0.8131734132766724,-0.167537659406662
0.7407540678977966,0.7919747829437256,-0.14216183125972748,0.4248160421848297,0.8132053017616272,-0.1837805211544037
0.7423843145370483,0.7920333743095398,-0.15187427401542664,0.4248836934566498,0.8131622076034546,-0.1943562626838684
0.7430807948112488,0.7920529842376709,-0.15065553784370422,0.42505526542663574,0.8126274347305298,-0.19651098549365997
0.7435058355331421,0.7918082475662231,-0.14829549193382263,0.4250503182411194,0.8115438222885132,-0.19790790975093842
0.7441104650497437,0.7917854189872742,-0.14656277000904083,0.4254182279109955,0.8115202188491821,-0.1961955577135086
0.7446850538253784,0.791820228099823,-0.14711961150169373,0.42599859833717346,0.8118481040000916,-0.19642141461372375
0.744669497013092,0.7910743355751038,-0.14670534431934357,0.42608022689819336,0.8114100098609924,-0.1957223117351532
0.7446514368057251,0.7911261320114136,-0.14401012659072876,0.4261402487754822,0.8123499751091003,-0.19432196021080017
0.7440800070762634,0.7910642027854919,-0.14351248741149902,0.42603087425231934,0.8124939799308777,-0.19379064440727234
0.7429866790771484,0.7909412384033203,-0.11714433133602142,0.4260290563106537,0.8124750256538391,-0.1788465529680252
0.7409842610359192,0.7892735004425049,-0.09869688749313354,0.4256611764431,0.8123276829719543,-0.16823305189609528
0.7400203943252563,0.7900651693344116,-0.10188013315200806,0.4256575107574463,0.8150330781936646,-0.16900692880153656
0.7380721569061279,0.7895040512084961,-0.1051618903875351,0.4254826009273529,0.8163544535636902,-0.16456915438175201
0.7340726852416992,0.7894307374954224,-0.08785004913806915,0.42360273003578186,0.8163576722145081,-0.14781738817691803
0.7329530119895935,0.7895549535751343,-0.08329249918460846,0.42296600341796875,0.8180769085884094,-0.14899292588233948
0.7310100197792053,0.7934955954551697,-0.08471633493900299,0.42235055565834045,0.8193550109863281,-0.15147492289543152
0.7295972108840942,0.7961371541023254,-0.09285594522953033,0.42226171493530273,0.8194392919540405,-0.1464419960975647
0.7283935546875,0.7980231642723083,-0.09675808250904083,0.4220883250236511,0.819879412651062,-0.1471552550792694
0.7273737192153931,0.8002930283546448,-0.10391837358474731,0.41971880197525024,0.820231556892395,-0.149537593126297
0.726767897605896,0.802311897277832,-0.1090640276670456,0.41832607984542847,0.8222507834434509,-0.1521371603012085
0.7268680930137634,0.8032031655311584,-0.12102340161800385,0.4183082580566406,0.824551522731781,-0.15117178857326508
0.7268469333648682,0.803458571434021,-0.12072954326868057,0.4189399182796478,0.8259657621383667,-0.14975334703922272
0.7268952131271362,0.8035536408424377,-0.11860962212085724,0.4189537465572357,0.8264020681381226,-0.1521207094192505
