0.7621395587921143,0.7927715182304382,-0.15943093597888947,0.4574025571346283,0.8020643591880798,-0.2710493206977844
0.7799848318099976,0.7928830981254578,-0.15834550559520721,0.463834285736084,0.8001176118850708,-0.266537606716156
0.7848457098007202,0.7932899594306946,-0.1556161642074585,0.4719633460044861,0.7988725900650024,-0.25732308626174927
0.7863854169845581,0.7944675087928772,-0.15195778012275696,0.4712236523628235,0.7984981536865234,-0.24563996493816376
0.7898409366607666,0.7997547388076782,-0.1418280303478241,0.4722428321838379,0.7984417676925659,-0.22016489505767822
0.7870155572891235,0.7994759678840637,-0.1285542994737625,0.48545822501182556,0.7615878582000732,-0.17451754212379456
0.7916324138641357,0.7989104986190796,-0.0751451849937439,0.4842115044593811,0.7660742402076721,-0.10619038343429565
0.7904998064041138,0.7954357266426086,-0.05553324148058891,0.4831444323062897,0.7698385119438171,-0.10802847146987915
0.7896398305892944,0.7928476929664612,-0.04839777201414108,0.4817326068878174,0.7717293500900269,-0.07828206568956375
0.7889717817306519,0.7928445339202881,-0.05298049375414848,0.4801107943058014,0.7735063433647156,-0.08365282416343689
0.7883057594299316,0.7929103374481201,-0.05463383346796036,0.47906938195228577,0.7744271755218506,-0.0677213966846466
0.7876726388931274,0.7938486933708191,-0.05474577099084854,0.4783656597137451,0.776142418384552,-0.09008761495351791
0.7877776622772217,0.794878363609314,-0.049176640808582306,0.4781431257724762,0.7806559801101685,-0.09427426010370255
0.7874712944030762,0.7949978113174438,-0.05383659154176712,0.4777725338935852,0.7808864116668701,-0.09322260320186615
0.7872605323791504,0.795033872127533,-0.055666785687208176,0.47689348459243774,0.7811741232872009,-0.08692809194326401
0.7872101068496704,0.7942851781845093,-0.060600023716688156,0.47658389806747437,0.7813645005226135,-0.09267567843198776
0.7871361970901489,0.7931028008460999,-0.05869225785136223,0.4750767648220062,0.781485915184021,-0.09386824816465378
0.7870298624038696,0.7923533916473389,-0.05490446090698242,0.47492289543151855,0.7815871834754944,-0.0850716382265091
0.7871673107147217,0.7923615574836731,-0.06645360589027405,0.4765532910823822,0.7842193245887756,-0.08785771578550339
0.7879690527915955,0.7926396727561951,-0.06894427537918091,0.47713398933410645,0.7857659459114075,-0.08814731240272522
0.788189709186554,0.7948012948036194,-0.0698515847325325,0.47706204652786255,0.7866292595863342,-0.09821359813213348
0.7890062928199768,0.7968087792396545,-0.07004670798778534,0.4778404235839844,0.7886746525764465,-0.10448960214853287
0.7895852327346802,0.7973656058311462,-0.05469825118780136,0.47862347960472107,0.7887149453163147,-0.09877955168485641
0.790184497833252,0.7979738712310791,-0.06651036441326141,0.4788738191127777,0.7903855443000793,-0.0981961265206337
0.7907732725143433,0.7978603839874268,-0.08816303312778473,0.47988787293434143,0.791140615940094,-0.0917419046163559
0.7908755540847778,0.7976755499839783,-0.09654560685157776,0.47985950112342834,0.7913529872894287,-0.09051183611154556
0.7912194132804871,0.798242449760437,-0.09345551580190659,0.47976499795913696,0.7917538285255432,-0.09040490537881851
0.7923575639724731,0.7988733053207397,-0.09159017354249954,0.48050054907798767,0.7925845384597778,-0.09184040129184723
0.7938043475151062,0.7991159558296204,-0.0920204371213913,0.48100313544273376,0.7936847805976868,-0.09756690263748169
0.7947320938110352,0.7991297245025635,-0.09093941003084183,0.48096928000450134,0.7946919202804565,-0.09334409981966019
0.7950709462165833,0.7993574142456055,-0.09009246528148651,0.4806138873100281,0.7946938872337341,-0.09161075949668884
0.7950649261474609,0.799460768699646,-0.07906275242567062,0.48038777709007263,0.7943161129951477,-0.08425211906433105
0.7949801087379456,0.7997646331787109,-0.06479497998952866,0.4788942337036133,0.7940222024917603,-0.08929465711116791
0.7948393821716309,0.7997634410858154,-0.05786792188882828,0.4759049415588379,0.7931181788444519,-0.09134690463542938
0.7940881252288818,0.7992297410964966,-0.05187343433499336,0.4726809561252594,0.792499303817749,-0.08651713281869888
0.7935048341751099,0.7990087866783142,-0.048210836946964264,0.4721015989780426,0.7915205359458923,-0.08085909485816956
