1,right,0,0,0,0,0,0,0,0,0,0,0,0,0,0,0,0,0,0,0,0,0,0,0,0,0,0,0,0,0,0,0,0,0,0,0,0,0,0,0,0,0,0,0,0,0,0,0,0,0,0,0,0,0,0,0,0,0,0,0,0,0,0,0
1,left,0,0,0,0,0,0,0,0,0,0,0,0,0,0,0,0,0,0,0,0,0,0,0,0,0,0,0,0,0,0,0,0,0,0,0,0,0,0,0,0,0,0,0,0,0,0,0,0,0,0,0,0,0,0,0,0,0,0,0,0,0,0,0
2,right,0,0,0,0,0,0,0,0,0,0,0,0,0,0,0,0,0,0,0,0,0,0,0,0,0,0,0,0,0,0,0,0,0,0,0,0,0,0,0,0,0,0,0,0,0,0,0,0,0,0,0,0,0,0,0,0,0,0,0,0,0,0,0
2,left,0,0,0,0,0,0,0,0,0,0,0,0,0,0,0,0,0,0,0,0,0,0,0,0,0,0,0,0,0,0,0,0,0,0,0,0,0,0,0,0,0,0,0,0,0,0,0,0,0,0,0,0,0,0,0,0,0,0,0,0,0,0,0
3,right,0,0,0,0,0,0,0,0,0,0,0,0,0,0,0,0,0,0,0,0,0,0,0,0,0,0,0,0,0,0,0,0,0,0,0,0,0,0,0,0,0,0,0,0,0,0,0,0,0,0,0,0,0,0,0,0,0,0,0,0,0,0,0
3,left,0,0,0,0,0,0,0,0,0,0,0,0,0,0,0,0,0,0,0,0,0,0,0,0,0,0,0,0,0,0,0,0,0,0,0,0,0,0,0,0,0,0,0,0,0,0,0,0,0,0,0,0,0,0,0,0,0,0,0,0,0,0,0
4,right,0,0,0,0,0,0,0,0,0,0,0,0,0,0,0,0,0,0,0,0,0,0,0,0,0,0,0,0,0,0,0,0,0,0,0,0,0,0,0,0,0,0,0,0,0,0,0,0,0,0,0,0,0,0,0,0,0,0,0,0,0,0,0
4,left,0,0,0,0,0,0,0,0,0,0,0,0,0,0,0,0,0,0,0,0,0,0,0,0,0,0,0,0,0,0,0,0,0,0,0,0,0,0,0,0,0,0,0,0,0,0,0,0,0,0,0,0,0,0,0,0,0,0,0,0,0,0,0
5,right,0,0,0,0,0,0,0,0,0,0,0,0,0,0,0,0,0,0,0,0,0,0,0,0,0,0,0,0,0,0,0,0,0,0,0,0,0,0,0,0,0,0,0,0,0,0,0,0,0,0,0,0,0,0,0,0,0,0,0,0,0,0,0
5,left,0,0,0,0,0,0,0,0,0,0,0,0,0,0,0,0,0,0,0,0,0,0,0,0,0,0,0,0,0,0,0,0,0,0,0,0,0,0,0,0,0,0,0,0,0,0,0,0,0,0,0,0,0,0,0,0,0,0,0,0,0,0,0
6,right,0.153338223695755,0.6482524871826172,-1.3402596721334703e-07,0.20712615549564362,0.5865433216094971,0.0015723060350865126,0.2371654063463211,0.5468721389770508,-0.006452894303947687,0.2685471475124359,0.5069447159767151,-0.02076484076678753,0.2860870361328125,0.4760175347328186,-0.032830823212862015,0.19384701550006866,0.4649161398410797,0.012513273395597935,0.22042518854141235,0.3916392922401428,-0.01083750743418932,0.23561134934425354,0.42675891518592834,-0.0301870908588171,0.23595869541168213,0.4687666893005371,-0.038901761174201965,0.17295220494270325,0.4705857038497925,0.0010136732598766685,0.21339499950408936,0.41581428050994873,-0.02227444387972355,0.22703929245471954,0.4660758972167969,-0.03744831681251526,0.222476527094841,0.5038941502571106,-0.043755002319812775,0.15485157072544098,0.4838174283504486,-0.01313856802880764,0.19520103931427002,0.4295799136161804,-0.028413191437721252,0.2084931582212448,0.4657018184661865,-0.025840211659669876,0.204652801156044,0.49898678064346313,-0.020262712612748146,0.13692927360534668,0.5035035610198975,-0.027904486283659935,0.16702011227607727,0.4600772261619568,-0.03192496672272682,0.1824503093957901,0.4768832325935364,-0.022610122337937355,0.18460822105407715,0.4955829381942749,-0.013390855863690376
6,left,0,0,0,0,0,0,0,0,0,0,0,0,0,0,0,0,0,0,0,0,0,0,0,0,0,0,0,0,0,0,0,0,0,0,0,0,0,0,0,0,0,0,0,0,0,0,0,0,0,0,0,0,0,0,0,0,0,0,0,0,0,0,0
7,right,0.21005138754844666,0.4957304298877716,3.2493002777300717e-07,0.2581372559070587,0.4685172140598297,-0.014942560344934464,0.2983938753604889,0.4247669577598572,-0.022956041619181633,0.3274329602718353,0.3906629979610443,-0.03329792618751526,0.3511439859867096,0.36681121587753296,-0.043542392551898956,0.2743110954761505,0.34974777698516846,-0.012819296680390835,0.28723856806755066,0.2904123067855835,-0.030900990590453148,0.2916971743106842,0.2561011016368866,-0.040155522525310516,0.29496121406555176,0.2241063266992569,-0.04390931501984596,0.24428507685661316,0.34139472246170044,-0.016457760706543922,0.25998654961586,0.28147318959236145,-0.03925999626517296,0.27243852615356445,0.2470945417881012,-0.048836950212717056,0.28400158882141113,0.21783547103405,-0.05035680904984474,0.21286047995090485,0.3455978333950043,-0.02220885455608368,0.22956635057926178,0.33579403162002563,-0.055005256086587906,0.23845437169075012,0.39050358533859253,-0.05742437765002251,0.24392683804035187,0.4328833222389221,-0.04749731346964836,0.18321575224399567,0.35913828015327454,-0.028806841000914574,0.19895069301128387,0.3604455292224884,-0.051472872495651245,0.20918194949626923,0.40084201097488403,-0.049275290220975876,0.21607354283332825,0.4352344274520874,-0.04016518592834473
7,left,0,0,0,0,0,0,0,0,0,0,0,0,0,0,0,0,0,0,0,0,0,0,0,0,0,0,0,0,0,0,0,0,0,0,0,0,0,0,0,0,0,0,0,0,0,0,0,0,0,0,0,0,0,0,0,0,0,0,0,0,0,0,0
8,right,0.2374548614025116,0.42328721284866333,3.313600984711229e-07,0.287834495306015,0.4169941246509552,-0.015104955993592739,0.33448460698127747,0.38848888874053955,-0.021946992725133896,0.36929911375045776,0.3661012053489685,-0.030514633283019066,0.39631325006484985,0.3534289598464966,-0.038922619074583054,0.3255377411842346,0.30383995175361633,-0.012104957364499569,0.34624025225639343,0.2489030510187149,-0.029384836554527283,0.35570961236953735,0.21096190810203552,-0.03942256420850754,0.3636802136898041,0.17778852581977844,-0.04479352757334709,0.29824602603912354,0.2911299765110016,-0.017284488305449486,0.32304438948631287,0.22953632473945618,-0.039790887385606766,0.33938905596733093,0.19281035661697388,-0.05156942456960678,0.35421353578567505,0.16171984374523163,-0.05572547763586044,0.26749518513679504,0.2919789254665375,-0.024381637573242188,0.2796037495136261,0.2666967213153839,-0.057193003594875336,0.27594950795173645,0.3172701895236969,-0.05916135385632515,0.2729370892047882,0.3558800518512726,-0.05009210482239723,0.23534807562828064,0.3010628819465637,-0.032243762165308,0.2446025013923645,0.28709307312965393,-0.05534253641963005,0.2457694113254547,0.3251408338546753,-0.05188751220703125,0.24532201886177063,0.35451433062553406,-0.0428120419383049
8,left,0,0,0,0,0,0,0,0,0,0,0,0,0,0,0,0,0,0,0,0,0,0,0,0,0,0,0,0,0,0,0,0,0,0,0,0,0,0,0,0,0,0,0,0,0,0,0,0,0,0,0,0,0,0,0,0,0,0,0,0,0,0,0
9,right,0.25855752825737,0.396581768989563,3.4317005770390097e-07,0.3058582544326782,0.40062394738197327,-0.015795355662703514,0.3544515073299408,0.3813323378562927,-0.021727966144680977,0.39150339365005493,0.3660675287246704,-0.028733281418681145,0.419486403465271,0.3607267737388611,-0.03575420379638672,0.35195472836494446,0.3017111122608185,-0.011914297007024288,0.3774494528770447,0.2519935071468353,-0.02646372653543949,0.3908413350582123,0.21812981367111206,-0.035010915249586105,0.40218469500541687,0.18919740617275238,-0.039467379450798035,0.32814159989356995,0.28445103764533997,-0.015413320623338223,0.3573340177536011,0.22895869612693787,-0.03422129526734352,0.37842464447021484,0.19263100624084473,-0.045204780995845795,0.39664798974990845,0.16324815154075623,-0.049239806830883026,0.2992480397224426,0.2805872857570648,-0.020822150632739067,0.3113982081413269,0.25355079770088196,-0.05030680075287819,0.304375559091568,0.2956198751926422,-0.0545964390039444,0.29848170280456543,0.32980111241340637,-0.047625165432691574,0.26804760098457336,0.2844301760196686,-0.026903260499238968,0.27825307846069336,0.2665773034095764,-0.04919396713376045,0.2773378789424896,0.30043306946754456,-0.04774514213204384,0.27533477544784546,0.32952579855918884,-0.04008248820900917
9,left,0,0,0,0,0,0,0,0,0,0,0,0,0,0,0,0,0,0,0,0,0,0,0,0,0,0,0,0,0,0,0,0,0,0,0,0,0,0,0,0,0,0,0,0,0,0,0,0,0,0,0,0,0,0,0,0,0,0,0,0,0,0,0
10,right,0.2695857882499695,0.39630767703056335,4.2800422761501977e-07,0.31543609499931335,0.406025767326355,-0.014389720745384693,0.3635796010494232,0.391340047121048,-0.02060394361615181,0.3992607891559601,0.38148820400238037,-0.028207380324602127,0.42535802721977234,0.37681207060813904,-0.035598915070295334,0.36624786257743835,0.3112746775150299,-0.011209752410650253,0.3955603837966919,0.2637275159358978,-0.02581316977739334,0.4114532768726349,0.2313241958618164,-0.033869724720716476,0.42457813024520874,0.20366403460502625,-0.03781285881996155,0.3444707691669464,0.29342758655548096,-0.014936824329197407,0.3766934275627136,0.24041275680065155,-0.0335686132311821,0.39986205101013184,0.20773659646511078,-0.04386280104517937,0.4197283685207367,0.18099921941757202,-0.04742053151130676,0.316447913646698,0.2875826060771942,-0.020457305014133453,0.3310660421848297,0.26356860995292664,-0.04877065122127533,0.32232117652893066,0.3039852976799011,-0.05209993198513985,0.31416627764701843,0.3358366787433624,-0.04472506791353226,0.2850806415081024,0.28894686698913574,-0.026640335097908974,0.29736217856407166,0.27550971508026123,-0.0477154366672039,0.29706743359565735,0.308399498462677,-0.04585431143641472,0.2942946255207062,0.3362080752849579,-0.03803287073969841
10,left,0,0,0,0,0,0,0,0,0,0,0,0,0,0,0,0,0,0,0,0,0,0,0,0,0,0,0,0,0,0,0,0,0,0,0,0,0,0,0,0,0,0,0,0,0,0,0,0,0,0,0,0,0,0,0,0,0,0,0,0,0,0,0
11,right,0.2711818516254425,0.4012826681137085,4.0960628666653065e-07,0.31835925579071045,0.41315972805023193,-0.01313096284866333,0.3658142685890198,0.39922255277633667,-0.018724368885159492,0.4021192193031311,0.3891255259513855,-0.02620030753314495,0.42930781841278076,0.3834511339664459,-0.03344697505235672,0.3714752197265625,0.31973910331726074,-0.008871972560882568,0.40128064155578613,0.2760179042816162,-0.023784244433045387,0.41874146461486816,0.24519427120685577,-0.03272683173418045,0.4335595369338989,0.2182747721672058,-0.037647444754838943,0.3503195643424988,0.30036434531211853,-0.013874866999685764,0.3832610547542572,0.250728577375412,-0.03383269160985947,0.4076213538646698,0.2176256775856018,-0.04526467248797417,0.4283140301704407,0.18964679539203644,-0.04972359165549278,0.3226029872894287,0.2929689884185791,-0.02069520577788353,0.33797121047973633,0.2684265375137329,-0.050926994532346725,0.32850009202957153,0.31189873814582825,-0.053865838795900345,0.31985312700271606,0.3454999625682831,-0.046047404408454895,0.29063910245895386,0.29305675625801086,-0.02813803404569626,0.3055948317050934,0.2799067199230194,-0.051273852586746216,0.30424827337265015,0.3159286677837372,-0.04951268807053566,0.3003506660461426,0.34500646591186523,-0.04159010201692581
11,left,0,0,0,0,0,0,0,0,0,0,0,0,0,0,0,0,0,0,0,0,0,0,0,0,0,0,0,0,0,0,0,0,0,0,0,0,0,0,0,0,0,0,0,0,0,0,0,0,0,0,0,0,0,0,0,0,0,0,0,0,0,0,0
12,right,0.27147045731544495,0.40242063999176025,3.811608166870428e-07,0.3181968927383423,0.4140337109565735,-0.013497176580131054,0.36641448736190796,0.4010719358921051,-0.018961282446980476,0.40231311321258545,0.39036011695861816,-0.026189260184764862,0.4290858507156372,0.38514989614486694,-0.03318723291158676,0.3719087839126587,0.3220018148422241,-0.009203533641994,0.40060776472091675,0.27810028195381165,-0.023635361343622208,0.41653138399124146,0.2462712526321411,-0.032419100403785706,0.4297837018966675,0.21836069226264954,-0.037321675568819046,0.3509727418422699,0.302431583404541,-0.01429740060120821,0.3838583827018738,0.2514226734638214,-0.033371105790138245,0.4083348512649536,0.21882614493370056,-0.0446426197886467,0.4292867183685303,0.19175970554351807,-0.0491553470492363,0.3233945071697235,0.2950422167778015,-0.02121792733669281,0.3381677567958832,0.27099117636680603,-0.05084438621997833,0.32786187529563904,0.31536930799484253,-0.05384492874145508,0.31890764832496643,0.34962746500968933,-0.04620305821299553,0.2918534278869629,0.29514533281326294,-0.028819935396313667,0.30568912625312805,0.28011244535446167,-0.051451560109853745,0.3037986755371094,0.31570717692375183,-0.049603063613176346,0.29963433742523193,0.34447571635246277,-0.041782576590776443
12,left,0,0,0,0,0,0,0,0,0,0,0,0,0,0,0,0,0,0,0,0,0,0,0,0,0,0,0,0,0,0,0,0,0,0,0,0,0,0,0,0,0,0,0,0,0,0,0,0,0,0,0,0,0,0,0,0,0,0,0,0,0,0,0
13,right,0.270935982465744,0.40385985374450684,3.7149226272958913e-07,0.31769412755966187,0.41383278369903564,-0.012712011113762856,0.3658931851387024,0.39954590797424316,-0.017655666917562485,0.4017278552055359,0.38791748881340027,-0.024437837302684784,0.4280855655670166,0.3822994530200958,-0.031098097562789917,0.3704182505607605,0.3204432427883148,-0.009521539323031902,0.3997848629951477,0.2756688892841339,-0.0236443430185318,0.41596880555152893,0.24407775700092316,-0.03214467689394951,0.42915207147598267,0.21582485735416412,-0.03688435256481171,0.3493916392326355,0.30164000391960144,-0.014859665185213089,0.3826743960380554,0.2503494322299957,-0.03304501995444298,0.4070824384689331,0.21804630756378174,-0.04372577741742134,0.42749300599098206,0.19059640169143677,-0.04803372919559479,0.32145535945892334,0.29472100734710693,-0.021925395354628563,0.33658552169799805,0.2692551016807556,-0.050622038543224335,0.3276647627353668,0.31400084495544434,-0.05359117314219475,0.31939542293548584,0.34889280796051025,-0.046279408037662506,0.2896767556667328,0.2953434884548187,-0.029611656442284584,0.3037624657154083,0.27904534339904785,-0.05191868543624878,0.30329471826553345,0.31474047899246216,-0.05039089918136597,0.29989516735076904,0.3446215093135834,-0.042944665998220444
13,left,0,0,0,0,0,0,0,0,0,0,0,0,0,0,0,0,0,0,0,0,0,0,0,0,0,0,0,0,0,0,0,0,0,0,0,0,0,0,0,0,0,0,0,0,0,0,0,0,0,0,0,0,0,0,0,0,0,0,0,0,0,0,0
14,right,0.26870518922805786,0.40396592020988464,3.651757936040667e-07,0.315441370010376,0.41322603821754456,-0.013603868894279003,0.36368775367736816,0.39827463030815125,-0.018780013546347618,0.3993918001651764,0.385381281375885,-0.025607947260141373,0.4260525405406952,0.3792906701564789,-0.03231801092624664,0.367536723613739,0.3173748850822449,-0.009870106354355812,0.396426260471344,0.2715534567832947,-0.02401380054652691,0.41226762533187866,0.23940716683864594,-0.03262471407651901,0.42532387375831604,0.21050141751766205,-0.03739722818136215,0.34620797634124756,0.29905593395233154,-0.014621632173657417,0.37872058153152466,0.24751342833042145,-0.03256182372570038,0.40259379148483276,0.21529275178909302,-0.04309476539492607,0.4225808084011078,0.18801212310791016,-0.04724443331360817,0.31817203760147095,0.2928120195865631,-0.021193018183112144,0.333105206489563,0.26784688234329224,-0.05010676756501198,0.32409927248954773,0.3131595253944397,-0.05325952544808388,0.31577080488204956,0.3485613167285919,-0.045902904123067856,0.28662580251693726,0.2943996489048004,-0.028412917628884315,0.3005674481391907,0.2777397036552429,-0.05100962892174721,0.2999432682991028,0.31393808126449585,-0.04949568957090378,0.2964944839477539,0.34455785155296326,-0.041890449821949005
14,left,0,0,0,0,0,0,0,0,0,0,0,0,0,0,0,0,0,0,0,0,0,0,0,0,0,0,0,0,0,0,0,0,0,0,0,0,0,0,0,0,0,0,0,0,0,0,0,0,0,0,0,0,0,0,0,0,0,0,0,0,0,0,0
15,right,0.26152655482292175,0.4017482101917267,3.5234390338700905e-07,0.3103082776069641,0.40750443935394287,-0.014852809719741344,0.3578539490699768,0.38769036531448364,-0.020259590819478035,0.3926790952682495,0.36912181973457336,-0.027033714577555656,0.41975343227386475,0.361747682094574,-0.033681634813547134,0.35636287927627563,0.31133997440338135,-0.011023925617337227,0.3835359215736389,0.2634153962135315,-0.027046160772442818,0.39838194847106934,0.22959521412849426,-0.03679613023996353,0.41110897064208984,0.19981269538402557,-0.04229198768734932,0.33284974098205566,0.29342228174209595,-0.015732308849692345,0.3631388247013092,0.23829659819602966,-0.036716606467962265,0.38407087326049805,0.20337490737438202,-0.04916698858141899,0.4018719792366028,0.17399895191192627,-0.054184842854738235,0.30360743403434753,0.28860947489738464,-0.02223338559269905,0.3175943195819855,0.2601344585418701,-0.05368908867239952,0.3090096414089203,0.30454152822494507,-0.057069819420576096,0.30174770951271057,0.3401881158351898,-0.049507901072502136,0.27162599563598633,0.29182007908821106,-0.029408514499664307,0.2827388048171997,0.27461186051368713,-0.053775377571582794,0.2815428674221039,0.3094722330570221,-0.05228542909026146,0.27857470512390137,0.33804360032081604,-0.04449290782213211
15,left,0,0,0,0,0,0,0,0,0,0,0,0,0,0,0,0,0,0,0,0,0,0,0,0,0,0,0,0,0,0,0,0,0,0,0,0,0,0,0,0,0,0,0,0,0,0,0,0,0,0,0,0,0,0,0,0,0,0,0,0,0,0,0
16,right,0.24466653168201447,0.3991175591945648,3.486447610612231e-07,0.2932266294956207,0.398860365152359,-0.015072199515998363,0.34007591009140015,0.3731456995010376,-0.019865870475769043,0.37495338916778564,0.3518848419189453,-0.025800220668315887,0.40117567777633667,0.33826392889022827,-0.031417518854141235,0.3334910571575165,0.29315030574798584,-0.00880872830748558,0.3549787402153015,0.24025790393352509,-0.0234674159437418,0.3666744530200958,0.20475828647613525,-0.03233368694782257,0.37609148025512695,0.17324288189411163,-0.03702839836478233,0.30850332975387573,0.27836915850639343,-0.013089235872030258,0.33362939953804016,0.22005516290664673,-0.031455207616090775,0.35085827112197876,0.18193060159683228,-0.04260256513953209,0.3653355538845062,0.14799489080905914,-0.0468161515891552,0.27959710359573364,0.2776458263397217,-0.01952834613621235,0.28577181696891785,0.25033310055732727,-0.04892365634441376,0.2802582085132599,0.2946490943431854,-0.05312637239694595,0.2764778137207031,0.32990121841430664,-0.046232569962739944,0.24867168068885803,0.28618332743644714,-0.02673814631998539,0.25349003076553345,0.2698962986469269,-0.049035921692848206,0.25371140241622925,0.30510732531547546,-0.04777241870760918,0.25373801589012146,0.3346487283706665,-0.04034198820590973
16,left,0,0,0,0,0,0,0,0,0,0,0,0,0,0,0,0,0,0,0,0,0,0,0,0,0,0,0,0,0,0,0,0,0,0,0,0,0,0,0,0,0,0,0,0,0,0,0,0,0,0,0,0,0,0,0,0,0,0,0,0,0,0,0
17,right,0.22647297382354736,0.3965255320072174,3.763462927963701e-07,0.27507543563842773,0.39123138785362244,-0.01745065674185753,0.3199605941772461,0.35848376154899597,-0.023218829184770584,0.3547084629535675,0.33136308193206787,-0.029576610773801804,0.38134363293647766,0.3151540458202362,-0.03560226038098335,0.3068697452545166,0.27833205461502075,-0.011562506668269634,0.3241657614707947,0.21923157572746277,-0.026741886511445045,0.33198150992393494,0.179802805185318,-0.035685259848833084,0.3375962972640991,0.14433054625988007,-0.040388643741607666,0.2802724838256836,0.2656252384185791,-0.01497766561806202,0.30147314071655273,0.20223262906074524,-0.034679196774959564,0.3150111436843872,0.15864668786525726,-0.0461801178753376,0.3249857723712921,0.11977365612983704,-0.050157271325588226,0.25120747089385986,0.26816707849502563,-0.02066263183951378,0.2527197003364563,0.2396741807460785,-0.05177256837487221,0.2498968243598938,0.28685426712036133,-0.05626210570335388,0.24871483445167542,0.32335907220840454,-0.0488562248647213,0.22112315893173218,0.280477911233902,-0.02721312642097473,0.22250118851661682,0.2636844217777252,-0.05113822594285011,0.22420984506607056,0.30128803849220276,-0.050028037279844284,0.22642043232917786,0.33198755979537964,-0.04216195270419121
17,left,0,0,0,0,0,0,0,0,0,0,0,0,0,0,0,0,0,0,0,0,0,0,0,0,0,0,0,0,0,0,0,0,0,0,0,0,0,0,0,0,0,0,0,0,0,0,0,0,0,0,0,0,0,0,0,0,0,0,0,0,0,0,0
18,right,0.21759338676929474,0.39336061477661133,4.052274391597166e-07,0.2656596004962921,0.38365793228149414,-0.018780352547764778,0.3083392083644867,0.3467085659503937,-0.02566629648208618,0.3404378890991211,0.3160269558429718,-0.033162862062454224,0.36692938208580017,0.2949419319629669,-0.040136177092790604,0.28987905383110046,0.26555386185646057,-0.011866945773363113,0.3025262951850891,0.20325233042240143,-0.02779041789472103,0.3080637753009796,0.16355271637439728,-0.03721466660499573,0.31306588649749756,0.12807036936283112,-0.04215885326266289,0.2622074484825134,0.254878431558609,-0.015124981291592121,0.2775219976902008,0.18880504369735718,-0.03621861711144447,0.28882724046707153,0.14398780465126038,-0.04898989573121071,0.297839492559433,0.1040995717048645,-0.05353539064526558,0.23232731223106384,0.2597999572753906,-0.02077753096818924,0.2304583191871643,0.23509368300437927,-0.05452479049563408,0.23106864094734192,0.28587794303894043,-0.060209009796381,0.23297427594661713,0.3236101269721985,-0.05281805247068405,0.202219158411026,0.27442091703414917,-0.02721823751926422,0.20199209451675415,0.2577214539051056,-0.05333014950156212,0.20624175667762756,0.298152357339859,-0.052590519189834595,0.21054889261722565,0.3305835723876953,-0.044436290860176086
18,left,0,0,0,0,0,0,0,0,0,0,0,0,0,0,0,0,0,0,0,0,0,0,0,0,0,0,0,0,0,0,0,0,0,0,0,0,0,0,0,0,0,0,0,0,0,0,0,0,0,0,0,0,0,0,0,0,0,0,0,0,0,0,0
19,right,0.21245911717414856,0.39372706413269043,4.177056496246223e-07,0.2601974904537201,0.3827938437461853,-0.01923922263085842,0.3037964999675751,0.34463584423065186,-0.026382897049188614,0.3365376591682434,0.3112809956073761,-0.03409869223833084,0.36209940910339355,0.29063400626182556,-0.04159359261393547,0.28332802653312683,0.26328250765800476,-0.014154242351651192,0.29646334052085876,0.199146568775177,-0.03035149723291397,0.3006749451160431,0.1583695113658905,-0.039380788803100586,0.3043283224105835,0.12186360359191895,-0.04389752447605133,0.25548651814460754,0.2525056302547455,-0.016812928020954132,0.2688586711883545,0.18394817411899567,-0.03864733502268791,0.2787385582923889,0.137393519282341,-0.05103159323334694,0.2871694266796112,0.09793145954608917,-0.05490319803357124,0.22590473294258118,0.2581305503845215,-0.02166905626654625,0.22168463468551636,0.2318791300058365,-0.05574512481689453,0.22236479818820953,0.28565964102745056,-0.06008302420377731,0.2249164581298828,0.3262975513935089,-0.051359184086322784,0.1961902678012848,0.2736804783344269,-0.0273309126496315,0.19374185800552368,0.2555523216724396,-0.053306061774492264,0.19798210263252258,0.2964612543582916,-0.051436860114336014,0.20295727252960205,0.32873091101646423,-0.04222339764237404
19,left,0,0,0,0,0,0,0,0,0,0,0,0,0,0,0,0,0,0,0,0,0,0,0,0,0,0,0,0,0,0,0,0,0,0,0,0,0,0,0,0,0,0,0,0,0,0,0,0,0,0,0,0,0,0,0,0,0,0,0,0,0,0,0
20,right,0.21189913153648376,0.39613980054855347,4.105830271328159e-07,0.260206937789917,0.38455504179000854,-0.017798909917473793,0.3039902150630951,0.34446460008621216,-0.024222373962402344,0.3367319107055664,0.31153011322021484,-0.031526047736406326,0.3624039888381958,0.29154250025749207,-0.03869878873229027,0.2837192416191101,0.2619990110397339,-0.013063228689134121,0.2951999604701996,0.1997632086277008,-0.028637155890464783,0.29906365275382996,0.15927477180957794,-0.03747495263814926,0.302362322807312,0.12317025661468506,-0.04168860241770744,0.25564515590667725,0.25150442123413086,-0.01607540063560009,0.2687654197216034,0.18482142686843872,-0.03645482659339905,0.27920058369636536,0.13784809410572052,-0.047866787761449814,0.28856050968170166,0.09809738397598267,-0.051107123494148254,0.22616048157215118,0.25724443793296814,-0.021225566044449806,0.22150832414627075,0.23540152609348297,-0.05389469116926193,0.22127172350883484,0.2875785231590271,-0.05847279727458954,0.2231285721063614,0.32793527841567993,-0.04998679831624031,0.196415513753891,0.27319273352622986,-0.02715473808348179,0.19406208395957947,0.2597397565841675,-0.051726583391427994,0.19860713183879852,0.299856960773468,-0.04993763938546181,0.20418277382850647,0.33194500207901,-0.040871065109968185
20,left,0,0,0,0,0,0,0,0,0,0,0,0,0,0,0,0,0,0,0,0,0,0,0,0,0,0,0,0,0,0,0,0,0,0,0,0,0,0,0,0,0,0,0,0,0,0,0,0,0,0,0,0,0,0,0,0,0,0,0,0,0,0,0
21,right,0.2126401960849762,0.3971456289291382,4.054426483435236e-07,0.2606923282146454,0.3863602578639984,-0.018590256571769714,0.3047409653663635,0.3472038805484772,-0.0253605954349041,0.33732855319976807,0.31409287452697754,-0.032905492931604385,0.3630713224411011,0.29408779740333557,-0.040367331355810165,0.28492471575737,0.26461800932884216,-0.013784901238977909,0.2966618239879608,0.20266947150230408,-0.029526416212320328,0.30056869983673096,0.16187116503715515,-0.03833451494574547,0.30385878682136536,0.1256641447544098,-0.04243141785264015,0.2573068141937256,0.2540680766105652,-0.016523512080311775,0.2705030143260956,0.18647344410419464,-0.03710028901696205,0.28088369965553284,0.13943785429000854,-0.04841523990035057,0.2900872230529785,0.09976467490196228,-0.051507942378520966,0.22808533906936646,0.2597334384918213,-0.021465392783284187,0.22292083501815796,0.23691987991333008,-0.054819103330373764,0.22204658389091492,0.2895509898662567,-0.05942602828145027,0.22357478737831116,0.33025771379470825,-0.050692543387413025,0.19834446907043457,0.2752366364002228,-0.027192452922463417,0.1954968273639679,0.25863975286483765,-0.05226127803325653,0.19922639429569244,0.29919904470443726,-0.050239112228155136,0.20402751863002777,0.33245575428009033,-0.040865715593099594
21,left,0,0,0,0,0,0,0,0,0,0,0,0,0,0,0,0,0,0,0,0,0,0,0,0,0,0,0,0,0,0,0,0,0,0,0,0,0,0,0,0,0,0,0,0,0,0,0,0,0,0,0,0,0,0,0,0,0,0,0,0,0,0,0
22,right,0.21351388096809387,0.39701586961746216,3.9890505831863265e-07,0.2616516053676605,0.3866382837295532,-0.01865275576710701,0.30615487694740295,0.3475934863090515,-0.025307143107056618,0.3387065827846527,0.31463107466697693,-0.03266453742980957,0.3644382953643799,0.29461926221847534,-0.03987809643149376,0.28643178939819336,0.26521241664886475,-0.01408575102686882,0.2982812225818634,0.20406225323677063,-0.02980424277484417,0.3024692237377167,0.1635373830795288,-0.038512665778398514,0.30577200651168823,0.12759172916412354,-0.04249183461070061,0.25876519083976746,0.25429126620292664,-0.016633355990052223,0.2720142602920532,0.18739542365074158,-0.03706370294094086,0.28256627917289734,0.14086036384105682,-0.048177435994148254,0.29192909598350525,0.1018427163362503,-0.0510823093354702,0.229572594165802,0.2593170702457428,-0.021393420174717903,0.22475500404834747,0.23892842233181,-0.054387226700782776,0.22387981414794922,0.29089877009391785,-0.059177786111831665,0.22522011399269104,0.3314654231071472,-0.05063018202781677,0.19979125261306763,0.27400529384613037,-0.026969775557518005,0.1974259912967682,0.2604864835739136,-0.05165258049964905,0.2013501673936844,0.30094778537750244,-0.04998255893588066,0.20634087920188904,0.3342690169811249,-0.04092330485582352
22,left,0,0,0,0,0,0,0,0,0,0,0,0,0,0,0,0,0,0,0,0,0,0,0,0,0,0,0,0,0,0,0,0,0,0,0,0,0,0,0,0,0,0,0,0,0,0,0,0,0,0,0,0,0,0,0,0,0,0,0,0,0,0,0
23,right,0.21522235870361328,0.39648762345314026,4.031332139220467e-07,0.2629213035106659,0.38604915142059326,-0.018697109073400497,0.3071090877056122,0.34749835729599,-0.0256451778113842,0.3395886719226837,0.3145928680896759,-0.03324766457080841,0.3655678629875183,0.29402172565460205,-0.04068538546562195,0.28820133209228516,0.2652198076248169,-0.014461115933954716,0.30016443133354187,0.204018235206604,-0.030266551300883293,0.3042353093624115,0.16381850838661194,-0.03904298320412636,0.3075939118862152,0.12781909108161926,-0.04316003620624542,0.2607191205024719,0.2538734972476959,-0.017101585865020752,0.27394169569015503,0.1873127818107605,-0.037730567157268524,0.2845645844936371,0.14099949598312378,-0.04897284507751465,0.29384472966194153,0.10175402462482452,-0.052004557102918625,0.2315596491098404,0.2585597038269043,-0.021924883127212524,0.22639130055904388,0.2385919988155365,-0.05510072037577629,0.22571562230587006,0.2911680042743683,-0.059839967638254166,0.22713659703731537,0.33146539330482483,-0.051300033926963806,0.20168419182300568,0.27306029200553894,-0.027561556547880173,0.1991838812828064,0.26036903262138367,-0.05251029133796692,0.20311126112937927,0.30142873525619507,-0.05090002715587616,0.20792117714881897,0.3344728946685791,-0.04188157618045807
23,left,0,0,0,0,0,0,0,0,0,0,0,0,0,0,0,0,0,0,0,0,0,0,0,0,0,0,0,0,0,0,0,0,0,0,0,0,0,0,0,0,0,0,0,0,0,0,0,0,0,0,0,0,0,0,0,0,0,0,0,0,0,0,0
24,right,0.21533967554569244,0.3974670171737671,3.982281100434193e-07,0.2631712257862091,0.3866422772407532,-0.01840590499341488,0.3074725866317749,0.3477647602558136,-0.025054361671209335,0.34044045209884644,0.3149460256099701,-0.03246654197573662,0.3665282726287842,0.2940191924571991,-0.039712969213724136,0.2887210547924042,0.265491247177124,-0.013520910404622555,0.30073508620262146,0.2041727602481842,-0.029197504743933678,0.30511292815208435,0.16409337520599365,-0.038018155843019485,0.30871132016181946,0.12817826867103577,-0.04218727722764015,0.2611738443374634,0.254477858543396,-0.016250334680080414,0.27449238300323486,0.18865127861499786,-0.03670842573046684,0.284933865070343,0.14198742806911469,-0.04810633137822151,0.2940787971019745,0.10268700122833252,-0.0513177253305912,0.23179399967193604,0.2595476508140564,-0.021199485287070274,0.22743596136569977,0.23926003277301788,-0.05403647571802139,0.22673334181308746,0.2913321256637573,-0.058771319687366486,0.228220134973526,0.3316119611263275,-0.0503573939204216,0.20185032486915588,0.27457761764526367,-0.02697882615029812,0.19965443015098572,0.26178500056266785,-0.05184689536690712,0.20355123281478882,0.30238986015319824,-0.05033469945192337,0.20851007103919983,0.33537933230400085,-0.041403863579034805
24,left,0,0,0,0,0,0,0,0,0,0,0,0,0,0,0,0,0,0,0,0,0,0,0,0,0,0,0,0,0,0,0,0,0,0,0,0,0,0,0,0,0,0,0,0,0,0,0,0,0,0,0,0,0,0,0,0,0,0,0,0,0,0,0
25,right,0.21583309769630432,0.39850103855133057,3.967267332427582e-07,0.26362738013267517,0.38750773668289185,-0.01801450178027153,0.3074299395084381,0.34872594475746155,-0.024785097688436508,0.3403140604496002,0.3161636292934418,-0.0324258916079998,0.36613041162490845,0.29551246762275696,-0.03987019881606102,0.28828734159469604,0.26679009199142456,-0.013866630382835865,0.3005390465259552,0.20465776324272156,-0.029871365055441856,0.3049333691596985,0.16424858570098877,-0.03884173929691315,0.30860674381256104,0.12795943021774292,-0.043211113661527634,0.26067453622817993,0.2562697231769562,-0.017032364383339882,0.2739391624927521,0.19027039408683777,-0.03793745115399361,0.2843168377876282,0.1437368094921112,-0.049611493945121765,0.29353705048561096,0.10420429706573486,-0.05313066393136978,0.23125767707824707,0.2621091902256012,-0.022316010668873787,0.2272416204214096,0.24069775640964508,-0.055286601185798645,0.22688952088356018,0.2927079200744629,-0.05964738875627518,0.22859646379947662,0.33278295397758484,-0.05114645138382912,0.20142444968223572,0.27800217270851135,-0.028404198586940765,0.19910278916358948,0.2641529440879822,-0.053204480558633804,0.20336854457855225,0.30398276448249817,-0.05134906992316246,0.20854362845420837,0.33611419796943665,-0.04231131821870804
25,left,0,0,0,0,0,0,0,0,0,0,0,0,0,0,0,0,0,0,0,0,0,0,0,0,0,0,0,0,0,0,0,0,0,0,0,0,0,0,0,0,0,0,0,0,0,0,0,0,0,0,0,0,0,0,0,0,0,0,0,0,0,0,0
26,right,0.21535173058509827,0.39956051111221313,3.990161303590867e-07,0.26337283849716187,0.3892562687397003,-0.018244082108139992,0.30758926272392273,0.34980636835098267,-0.024688920006155968,0.3408246636390686,0.31688815355300903,-0.031929515302181244,0.36684805154800415,0.2966011166572571,-0.03902135789394379,0.2885828912258148,0.26835647225379944,-0.013425829820334911,0.3006373941898346,0.20631501078605652,-0.029185550287365913,0.30483555793762207,0.1659090369939804,-0.0379253514111042,0.30847784876823425,0.12997318804264069,-0.04197729378938675,0.26102912425994873,0.2575685381889343,-0.01607794314622879,0.27431976795196533,0.19165679812431335,-0.03683755174279213,0.2847115993499756,0.14489006996154785,-0.04836466535925865,0.2941094934940338,0.10561974346637726,-0.05155593901872635,0.23170989751815796,0.26274624466896057,-0.02088957093656063,0.22746063768863678,0.24207420647144318,-0.05394657328724861,0.2263965606689453,0.29416969418525696,-0.05867765471339226,0.2277304232120514,0.33469676971435547,-0.05015769600868225,0.2018202543258667,0.27761614322662354,-0.02648666314780712,0.19940701127052307,0.2654569447040558,-0.05142805352807045,0.20292051136493683,0.3057716190814972,-0.049906373023986816,0.20781853795051575,0.3381882607936859,-0.04091862961649895
26,left,0,0,0,0,0,0,0,0,0,0,0,0,0,0,0,0,0,0,0,0,0,0,0,0,0,0,0,0,0,0,0,0,0,0,0,0,0,0,0,0,0,0,0,0,0,0,0,0,0,0,0,0,0,0,0,0,0,0,0,0,0,0,0
27,right,0.21550443768501282,0.40139055252075195,3.9996211853576824e-07,0.263079434633255,0.3907794654369354,-0.018330421298742294,0.3069000542163849,0.3517628014087677,-0.025050804018974304,0.3402028977870941,0.318533718585968,-0.03251631557941437,0.3661869168281555,0.297572523355484,-0.03970491141080856,0.2879212498664856,0.27006545662879944,-0.013668302446603775,0.3000394105911255,0.20730765163898468,-0.029413675889372826,0.3041520416736603,0.1668444275856018,-0.038131460547447205,0.3077746629714966,0.13060055673122406,-0.04224243760108948,0.2601931393146515,0.2594970762729645,-0.016264166682958603,0.27343714237213135,0.19396626949310303,-0.036931924521923065,0.28364279866218567,0.1473885327577591,-0.04845161363482475,0.2927806079387665,0.10812216997146606,-0.05175401270389557,0.23066315054893494,0.26479849219322205,-0.02099330723285675,0.22617799043655396,0.24409812688827515,-0.05365871265530586,0.22555388510227203,0.29604828357696533,-0.05817531421780586,0.22708187997341156,0.3367023766040802,-0.04974092170596123,0.20108753442764282,0.2798525094985962,-0.026560047641396523,0.1987244039773941,0.2687789499759674,-0.05125350505113602,0.20254382491111755,0.30887570977211,-0.049761008471250534,0.20762844383716583,0.3410795331001282,-0.040905121713876724
27,left,0,0,0,0,0,0,0,0,0,0,0,0,0,0,0,0,0,0,0,0,0,0,0,0,0,0,0,0,0,0,0,0,0,0,0,0,0,0,0,0,0,0,0,0,0,0,0,0,0,0,0,0,0,0,0,0,0,0,0,0,0,0,0
28,right,0.2139028012752533,0.4039829969406128,4.042760224365338e-07,0.26203036308288574,0.39344555139541626,-0.018503928557038307,0.3059161901473999,0.3549736738204956,-0.025292279198765755,0.3388892114162445,0.3215346336364746,-0.032837044447660446,0.36470937728881836,0.30117806792259216,-0.04008552059531212,0.2869133949279785,0.2727489769458771,-0.013135156594216824,0.29922282695770264,0.2098759412765503,-0.028896866366267204,0.30308011174201965,0.16916045546531677,-0.03776345029473305,0.3065952658653259,0.132716104388237,-0.04200628772377968,0.2592097222805023,0.2619590163230896,-0.015635110437870026,0.27233821153640747,0.19658151268959045,-0.036949995905160904,0.2820877432823181,0.14970624446868896,-0.04916013777256012,0.29088521003723145,0.1103808730840683,-0.052835430949926376,0.22971171140670776,0.26697370409965515,-0.020237604156136513,0.2251264601945877,0.24652227759361267,-0.05351552739739418,0.22432075440883636,0.2991878092288971,-0.05812010169029236,0.22581550478935242,0.3400103449821472,-0.04956234246492386,0.20006704330444336,0.28161486983299255,-0.025653157383203506,0.1979362964630127,0.26916977763175964,-0.05069132521748543,0.20165590941905975,0.3100697100162506,-0.04890982434153557,0.20667952299118042,0.3426300585269928,-0.039730507880449295
28,left,0,0,0,0,0,0,0,0,0,0,0,0,0,0,0,0,0,0,0,0,0,0,0,0,0,0,0,0,0,0,0,0,0,0,0,0,0,0,0,0,0,0,0,0,0,0,0,0,0,0,0,0,0,0,0,0,0,0,0,0,0,0,0
29,right,0.2115374058485031,0.4062834680080414,4.0380595578426437e-07,0.2594183683395386,0.3951385021209717,-0.018976720049977303,0.30301907658576965,0.3571443557739258,-0.026046475395560265,0.3360692858695984,0.32286888360977173,-0.03377082571387291,0.36205464601516724,0.30076631903648376,-0.041166577488183975,0.2834499180316925,0.27472150325775146,-0.013802717439830303,0.29600632190704346,0.21147054433822632,-0.02958775870501995,0.2999541163444519,0.17096304893493652,-0.03848005458712578,0.30334869027137756,0.13437651097774506,-0.04277710244059563,0.255901038646698,0.26344525814056396,-0.01612367294728756,0.2687649130821228,0.19709482789039612,-0.03694481775164604,0.2786463797092438,0.15004608035087585,-0.0489293709397316,0.2873094975948334,0.11054167151451111,-0.05262364447116852,0.22650328278541565,0.2683853507041931,-0.020607687532901764,0.2217952311038971,0.24672386050224304,-0.05343728885054588,0.22182434797286987,0.2995106279850006,-0.0581231564283371,0.22374774515628815,0.340721994638443,-0.049843691289424896,0.1971556842327118,0.28323930501937866,-0.025990808382630348,0.19505462050437927,0.2714420258998871,-0.05112596973776817,0.19980104267597198,0.3119906187057495,-0.04987712949514389,0.2054813653230667,0.3447466492652893,-0.041133902966976166
29,left,0,0,0,0,0,0,0,0,0,0,0,0,0,0,0,0,0,0,0,0,0,0,0,0,0,0,0,0,0,0,0,0,0,0,0,0,0,0,0,0,0,0,0,0,0,0,0,0,0,0,0,0,0,0,0,0,0,0,0,0,0,0,0
30,right,0.2107696682214737,0.40745627880096436,4.1448024035162234e-07,0.25754600763320923,0.3948562443256378,-0.019488321617245674,0.30050021409988403,0.35601022839546204,-0.027351750060915947,0.33375731110572815,0.3220522999763489,-0.03589882701635361,0.36011284589767456,0.29953718185424805,-0.044117145240306854,0.2813939154148102,0.27377036213874817,-0.01511071901768446,0.29332995414733887,0.210353821516037,-0.031728390604257584,0.29679715633392334,0.16950595378875732,-0.041086532175540924,0.29991596937179565,0.13230904936790466,-0.045734480023384094,0.25356438755989075,0.2625254690647125,-0.017610110342502594,0.26618602871894836,0.197501540184021,-0.039438918232917786,0.2755306661128998,0.15018437802791595,-0.051716599613428116,0.2838663160800934,0.10979574918746948,-0.05555441603064537,0.22386416792869568,0.2677045166492462,-0.02231917530298233,0.2191002070903778,0.24616645276546478,-0.056018609553575516,0.21908116340637207,0.30001696944236755,-0.060404762625694275,0.2212710976600647,0.3416733145713806,-0.051775481551885605,0.19421730935573578,0.28324243426322937,-0.02797737345099449,0.19162851572036743,0.2715552747249603,-0.05369360372424126,0.1964552402496338,0.3122798502445221,-0.05236489325761795,0.20239311456680298,0.34474700689315796,-0.043468549847602844
30,left,0,0,0,0,0,0,0,0,0,0,0,0,0,0,0,0,0,0,0,0,0,0,0,0,0,0,0,0,0,0,0,0,0,0,0,0,0,0,0,0,0,0,0,0,0,0,0,0,0,0,0,0,0,0,0,0,0,0,0,0,0,0,0
31,right,0.20902341604232788,0.4080961346626282,4.190837330497743e-07,0.25634774565696716,0.3958348035812378,-0.019107162952423096,0.29984453320503235,0.35604429244995117,-0.026362046599388123,0.33339568972587585,0.32173752784729004,-0.03426431119441986,0.3596261143684387,0.2992406487464905,-0.0419328510761261,0.2807195484638214,0.27423232793807983,-0.014481532387435436,0.29233643412590027,0.2113645225763321,-0.0304881501942873,0.29579100012779236,0.17057961225509644,-0.03941137343645096,0.2989860773086548,0.13373859226703644,-0.043707333505153656,0.25299072265625,0.2626238465309143,-0.01677536405622959,0.26567861437797546,0.19744226336479187,-0.037886057049036026,0.2756075859069824,0.15035095810890198,-0.04959516599774361,0.2845410704612732,0.11021217703819275,-0.052978117018938065,0.2233789712190628,0.2673479914665222,-0.021264150738716125,0.21812717616558075,0.2463517189025879,-0.05475882440805435,0.21805916726589203,0.30053675174713135,-0.059437595307826996,0.22006553411483765,0.3422186076641083,-0.050872769206762314,0.19373801350593567,0.282471626996994,-0.02662975899875164,0.19092488288879395,0.27234891057014465,-0.05246163532137871,0.19570240378379822,0.3140103220939636,-0.051494501531124115,0.20159804821014404,0.3467985689640045,-0.042746901512145996
31,left,0,0,0,0,0,0,0,0,0,0,0,0,0,0,0,0,0,0,0,0,0,0,0,0,0,0,0,0,0,0,0,0,0,0,0,0,0,0,0,0,0,0,0,0,0,0,0,0,0,0,0,0,0,0,0,0,0,0,0,0,0,0,0
32,right,0.20944082736968994,0.4072524309158325,4.0926562405729783e-07,0.25670966506004333,0.3948860168457031,-0.018443642184138298,0.29982826113700867,0.35446789860725403,-0.02551722154021263,0.33299171924591064,0.32065919041633606,-0.03334965929389,0.35970866680145264,0.29946038126945496,-0.04103245586156845,0.2809564173221588,0.2731707692146301,-0.014402180910110474,0.29250776767730713,0.2109159231185913,-0.030113643035292625,0.2960979640483856,0.17088860273361206,-0.038876742124557495,0.29914653301239014,0.1344674974679947,-0.043058402836322784,0.2529236972332001,0.26183798909187317,-0.01700211502611637,0.2657693326473236,0.19642554223537445,-0.03734784945845604,0.2753012478351593,0.15014714002609253,-0.04849030449986458,0.283618301153183,0.11050036549568176,-0.05154179781675339,0.22326047718524933,0.2670995593070984,-0.02172347903251648,0.21784283220767975,0.24673742055892944,-0.05431874468922615,0.21761570870876312,0.30031096935272217,-0.05878453701734543,0.21953308582305908,0.3417905271053314,-0.05026023089885712,0.19365373253822327,0.2830035090446472,-0.027293143793940544,0.19068285822868347,0.272348016500473,-0.052092693746089935,0.19557154178619385,0.31312209367752075,-0.05072908475995064,0.20160360634326935,0.34574955701828003,-0.041894298046827316
32,left,0,0,0,0,0,0,0,0,0,0,0,0,0,0,0,0,0,0,0,0,0,0,0,0,0,0,0,0,0,0,0,0,0,0,0,0,0,0,0,0,0,0,0,0,0,0,0,0,0,0,0,0,0,0,0,0,0,0,0,0,0,0,0
33,right,0.20977237820625305,0.40741002559661865,4.0949811364043853e-07,0.2570306658744812,0.3942683935165405,-0.01827148161828518,0.30025893449783325,0.35392773151397705,-0.02523840218782425,0.33286726474761963,0.3202376663684845,-0.03300075605511665,0.3590370714664459,0.2984214127063751,-0.04060499370098114,0.2807387113571167,0.27269065380096436,-0.013986211270093918,0.29222002625465393,0.21076862514019012,-0.02960965782403946,0.29569748044013977,0.1707325279712677,-0.03833663836121559,0.2987552285194397,0.1343599557876587,-0.042534567415714264,0.25275567173957825,0.26123398542404175,-0.01671767607331276,0.26565733551979065,0.19609461724758148,-0.03718215227127075,0.2752686142921448,0.14965692162513733,-0.04832968860864639,0.2837374210357666,0.10982467234134674,-0.051391735672950745,0.22325120866298676,0.266525536775589,-0.021595610305666924,0.21743416786193848,0.2450827658176422,-0.054568756371736526,0.2171294093132019,0.299323707818985,-0.05900438129901886,0.2192687839269638,0.3410031795501709,-0.05036094784736633,0.19370150566101074,0.2826828062534332,-0.02727695368230343,0.19027146697044373,0.26998797059059143,-0.05248730629682541,0.1951773464679718,0.3110063076019287,-0.05111934244632721,0.20138666033744812,0.34373271465301514,-0.04222644120454788
33,left,0,0,0,0,0,0,0,0,0,0,0,0,0,0,0,0,0,0,0,0,0,0,0,0,0,0,0,0,0,0,0,0,0,0,0,0,0,0,0,0,0,0,0,0,0,0,0,0,0,0,0,0,0,0,0,0,0,0,0,0,0,0,0
34,right,0.20979522168636322,0.4053348898887634,4.066325232088275e-07,0.25739672780036926,0.3935486674308777,-0.018472962081432343,0.30125924944877625,0.3530360758304596,-0.025065047666430473,0.3342974781990051,0.3199057877063751,-0.03227850794792175,0.3605233430862427,0.2989707291126251,-0.03939712792634964,0.28261396288871765,0.2713943123817444,-0.014042005874216557,0.29383236169815063,0.21000340580940247,-0.029353046789765358,0.2972312271595001,0.16992993652820587,-0.03773082420229912,0.30020543932914734,0.13400417566299438,-0.04156199470162392,0.25473517179489136,0.25957173109054565,-0.01647345721721649,0.26687172055244446,0.19328425824642181,-0.03660642355680466,0.2764415442943573,0.1475222110748291,-0.04740963503718376,0.284895122051239,0.10881799459457397,-0.050025906413793564,0.22531330585479736,0.26421210169792175,-0.02108597941696644,0.21915437281131744,0.24567028880119324,-0.05404926463961601,0.21887750923633575,0.2994879186153412,-0.05891689285635948,0.2206697165966034,0.3404603898525238,-0.05036792904138565,0.19556650519371033,0.2790934145450592,-0.026477323845028877,0.19244325160980225,0.26772162318229675,-0.051381081342697144,0.1968153417110443,0.3093533515930176,-0.050014857202768326,0.2023211121559143,0.34243977069854736,-0.04108884185552597
34,left,0,0,0,0,0,0,0,0,0,0,0,0,0,0,0,0,0,0,0,0,0,0,0,0,0,0,0,0,0,0,0,0,0,0,0,0,0,0,0,0,0,0,0,0,0,0,0,0,0,0,0,0,0,0,0,0,0,0,0,0,0,0,0
35,right,0.2121199667453766,0.40537941455841064,3.983326450907043e-07,0.25966063141822815,0.3940361440181732,-0.018967660143971443,0.30345892906188965,0.35408854484558105,-0.026074688881635666,0.33586758375167847,0.3206135630607605,-0.03380270674824715,0.3618548512458801,0.3005126118659973,-0.041326865553855896,0.28359484672546387,0.27230775356292725,-0.015252402983605862,0.2951987087726593,0.21126678586006165,-0.031393930315971375,0.29909366369247437,0.1707998514175415,-0.04031640291213989,0.30223214626312256,0.13474661111831665,-0.044486045837402344,0.25547149777412415,0.2613498866558075,-0.017798127606511116,0.2683805823326111,0.19518733024597168,-0.038733433932065964,0.2786167860031128,0.14890611171722412,-0.04999127238988876,0.28776293992996216,0.11001180112361908,-0.05302897095680237,0.22597910463809967,0.2664719223976135,-0.02249828353524208,0.2221997082233429,0.24820250272750854,-0.05561661347746849,0.22142332792282104,0.3007601201534271,-0.06004903092980385,0.22274327278137207,0.34129396080970764,-0.051318153738975525,0.1962100863456726,0.28143319487571716,-0.0280730240046978,0.19432786107063293,0.26950734853744507,-0.052829064428806305,0.19845452904701233,0.31022506952285767,-0.050990357995033264,0.20336699485778809,0.34328964352607727,-0.04180733487010002
35,left,0,0,0,0,0,0,0,0,0,0,0,0,0,0,0,0,0,0,0,0,0,0,0,0,0,0,0,0,0,0,0,0,0,0,0,0,0,0,0,0,0,0,0,0,0,0,0,0,0,0,0,0,0,0,0,0,0,0,0,0,0,0,0
36,right,0.21210137009620667,0.4065644443035126,4.034077676351444e-07,0.26013419032096863,0.39527302980422974,-0.018434762954711914,0.3039757013320923,0.3545941710472107,-0.025181777775287628,0.3366923928260803,0.32131314277648926,-0.03265642002224922,0.36259689927101135,0.3008289039134979,-0.03998479247093201,0.2837654948234558,0.27338892221450806,-0.014400696381926537,0.2955854833126068,0.21198631823062897,-0.03019513003528118,0.2993079423904419,0.1715109646320343,-0.03894684091210365,0.30256888270378113,0.13531722128391266,-0.043090034276247025,0.25561267137527466,0.2628871500492096,-0.017147835344076157,0.26875120401382446,0.19753532111644745,-0.037913545966148376,0.27874794602394104,0.15098053216934204,-0.04934190586209297,0.28777989745140076,0.11180603504180908,-0.05258377641439438,0.22603332996368408,0.2684611678123474,-0.02200450375676155,0.22207090258598328,0.24871231615543365,-0.05520100146532059,0.2215108871459961,0.30184251070022583,-0.059799935668706894,0.2232818305492401,0.342960000038147,-0.05123266577720642,0.19632095098495483,0.2841202914714813,-0.027671286836266518,0.19426868855953217,0.27173861861228943,-0.05295831710100174,0.198715478181839,0.3124263882637024,-0.05150284990668297,0.2042863517999649,0.3451922535896301,-0.04255206137895584
36,left,0,0,0,0,0,0,0,0,0,0,0,0,0,0,0,0,0,0,0,0,0,0,0,0,0,0,0,0,0,0,0,0,0,0,0,0,0,0,0,0,0,0,0,0,0,0,0,0,0,0,0,0,0,0,0,0,0,0,0,0,0,0,0
