0.6734693050384521,0.5156298875808716,-0.294438898563385,0.33873000741004944,0.5377790927886963,-0.40912070870399475
0.673000693321228,0.5136162042617798,-0.34197336435317993,0.3380488455295563,0.5361213684082031,-0.4411105215549469
0.6741641759872437,0.5101781487464905,-0.3184996545314789,0.3380677103996277,0.5348039269447327,-0.4332312047481537
0.6752904057502747,0.5127787590026855,-0.4877708852291107,0.340683251619339,0.5348316431045532,-0.5954961776733398
0.6860523223876953,0.5484511852264404,-0.014840392395853996,0.3411639332771301,0.5490906834602356,-0.13887906074523926
0.6849535703659058,0.5607755184173584,-0.00026656739646568894,0.34035301208496094,0.5546273589134216,-0.15640848875045776
0.6848317384719849,0.5637996196746826,0.009320655837655067,0.340340793132782,0.5546355843544006,-0.14056655764579773
0.6831775903701782,0.5653483867645264,-0.009728150442242622,0.34025245904922485,0.5543758273124695,-0.21496179699897766
0.682959794998169,0.5673550963401794,-0.02554834447801113,0.3402401804924011,0.5555299520492554,-0.19583842158317566
0.6829896569252014,0.5661745667457581,-0.016099995002150536,0.34087568521499634,0.5554018020629883,-0.16158761084079742
0.6828843355178833,0.5654089450836182,-0.04890139400959015,0.3409084677696228,0.5553096532821655,-0.19376064836978912
0.6828004121780396,0.5642960667610168,-0.12929275631904602,0.3411423861980438,0.5553056597709656,-0.30210956931114197
0.6836282014846802,0.564060628414154,-0.21882596611976624,0.341140478849411,0.5552208423614502,-0.3909573554992676
0.6839330792427063,0.5655534267425537,-0.19619311392307281,0.3410380780696869,0.55710369348526,-0.3802262246608734
0.6847814917564392,0.5652086734771729,-0.2755506932735443,0.34093156456947327,0.5570250153541565,-0.4453468322753906
0.6847460269927979,0.5648752450942993,-0.24210453033447266,0.34087568521499634,0.5556016564369202,-0.42269963026046753
0.6847289800643921,0.5646446347236633,-0.2844807207584381,0.3408707082271576,0.5553274750709534,-0.45985275506973267
0.6848472356796265,0.5630856156349182,-0.28585630655288696,0.3408656716346741,0.5537084937095642,-0.4439406394958496
0.6864816546440125,0.5597692131996155,-0.2997357249259949,0.3410538136959076,0.5536335706710815,-0.442909300327301
0.6866207718849182,0.5583826303482056,-0.43048661947250366,0.34105294942855835,0.554930567741394,-0.5588005781173706
0.6864429712295532,0.5535165071487427,-0.4748930037021637,0.3410990834236145,0.5549123883247375,-0.5272209048271179
0.6864283084869385,0.5511629581451416,-0.5978659391403198,0.3401584029197693,0.5566364526748657,-0.5713719725608826
0.6864070892333984,0.5511730313301086,-0.5274400115013123,0.3390173614025116,0.5608450770378113,-0.526486337184906
0.6864102482795715,0.551200270652771,-0.5192998647689819,0.3383592963218689,0.5664383769035339,-0.5058771967887878
0.6858137845993042,0.5515624284744263,-0.5388158559799194,0.33816301822662354,0.5711988806724548,-0.5063327550888062
0.6858013868331909,0.5510653853416443,-0.6378015279769897,0.3381839394569397,0.5738369822502136,-0.5777971148490906
0.6857988834381104,0.5500267744064331,-0.675324022769928,0.33821430802345276,0.5744041800498962,-0.5776904821395874
0.6853073835372925,0.5477426648139954,-0.65290367603302,0.338177353143692,0.5747762322425842,-0.593345046043396
0.684939444065094,0.5456689596176147,-0.6350020170211792,0.3381614089012146,0.5752182602882385,-0.6039928793907166
0.6847859621047974,0.544484555721283,-0.6569172143936157,0.3382049798965454,0.5753685235977173,-0.605778157711029
0.6847633123397827,0.5440315008163452,-0.6287657022476196,0.33820754289627075,0.5759568810462952,-0.5883008241653442
0.6847077012062073,0.5428171753883362,-0.6563738584518433,0.3382226824760437,0.576093852519989,-0.604526162147522
0.6846727132797241,0.5423926711082458,-0.6632717847824097,0.33822548389434814,0.5763477683067322,-0.6003859043121338
0.6846457719802856,0.5425245761871338,-0.6438054442405701,0.33826297521591187,0.5768409967422485,-0.5628860592842102
0.6846345663070679,0.5425390005111694,-0.6679776310920715,0.3382498025894165,0.5776951909065247,-0.5872873067855835
0.6845927834510803,0.5426378846168518,-0.6164660453796387,0.33825457096099854,0.5784791111946106,-0.5411990880966187
