1,right,0,0,0,0,0,0,0,0,0,0,0,0,0,0,0,0,0,0,0,0,0,0,0,0,0,0,0,0,0,0,0,0,0,0,0,0,0,0,0,0,0,0,0,0,0,0,0,0,0,0,0,0,0,0,0,0,0,0,0,0,0,0,0
1,left,0,0,0,0,0,0,0,0,0,0,0,0,0,0,0,0,0,0,0,0,0,0,0,0,0,0,0,0,0,0,0,0,0,0,0,0,0,0,0,0,0,0,0,0,0,0,0,0,0,0,0,0,0,0,0,0,0,0,0,0,0,0,0
2,right,0,0,0,0,0,0,0,0,0,0,0,0,0,0,0,0,0,0,0,0,0,0,0,0,0,0,0,0,0,0,0,0,0,0,0,0,0,0,0,0,0,0,0,0,0,0,0,0,0,0,0,0,0,0,0,0,0,0,0,0,0,0,0
2,left,0,0,0,0,0,0,0,0,0,0,0,0,0,0,0,0,0,0,0,0,0,0,0,0,0,0,0,0,0,0,0,0,0,0,0,0,0,0,0,0,0,0,0,0,0,0,0,0,0,0,0,0,0,0,0,0,0,0,0,0,0,0,0
3,right,0,0,0,0,0,0,0,0,0,0,0,0,0,0,0,0,0,0,0,0,0,0,0,0,0,0,0,0,0,0,0,0,0,0,0,0,0,0,0,0,0,0,0,0,0,0,0,0,0,0,0,0,0,0,0,0,0,0,0,0,0,0,0
3,left,0,0,0,0,0,0,0,0,0,0,0,0,0,0,0,0,0,0,0,0,0,0,0,0,0,0,0,0,0,0,0,0,0,0,0,0,0,0,0,0,0,0,0,0,0,0,0,0,0,0,0,0,0,0,0,0,0,0,0,0,0,0,0
4,right,0.2030453085899353,0.6463223099708557,-3.6484286169979896e-07,0.2337629795074463,0.658458948135376,-0.03401413932442665,0.25184696912765503,0.6887822151184082,-0.0751417800784111,0.2604713439941406,0.7257499694824219,-0.109991155564785,0.25007298588752747,0.7569834589958191,-0.14831465482711792,0.20596843957901,0.7525377869606018,-0.12856106460094452,0.1903814673423767,0.818781852722168,-0.17511221766471863,0.18308475613594055,0.8736300468444824,-0.20161157846450806,0.17469114065170288,0.9205504655838013,-0.21561460196971893,0.18193915486335754,0.7576287388801575,-0.12783163785934448,0.16352584958076477,0.8304445743560791,-0.17581255733966827,0.15257719159126282,0.8923595547676086,-0.19196367263793945,0.14455512166023254,0.9307830929756165,-0.20302721858024597,0.166783407330513,0.7454560995101929,-0.12214379012584686,0.16171370446681976,0.8135192394256592,-0.15945354104042053,0.16005228459835052,0.857842206954956,-0.16130222380161285,0.15825065970420837,0.8844358921051025,-0.16120846569538116,0.15888747572898865,0.7281423211097717,-0.11719141155481339,0.15890517830848694,0.7913095355033875,-0.13879600167274475,0.1659344583749771,0.8314189910888672,-0.13363173604011536,0.17136836051940918,0.8517652153968811,-0.13053129613399506
4,left,0.5773927569389343,0.7714430689811707,-2.3991245257093397e-07,0.5420295596122742,0.7354589104652405,-0.01713600754737854,0.517529308795929,0.6900895237922668,-0.030075158923864365,0.5003495812416077,0.6530316472053528,-0.043044839054346085,0.49836352467536926,0.6411270499229431,-0.05365420877933502,0.5300369262695312,0.6000685691833496,-0.0237700454890728,0.5046319365501404,0.5330219268798828,-0.05196473002433777,0.4847617745399475,0.5734366774559021,-0.06779038161039352,0.4861113131046295,0.6175694465637207,-0.07445860654115677,0.5264862775802612,0.6263422966003418,-0.02558177150785923,0.49474385380744934,0.5798165798187256,-0.05153413489460945,0.4829264283180237,0.6189543604850769,-0.05709423869848251,0.4908231496810913,0.6440712809562683,-0.05549759790301323,0.523727536201477,0.6613510251045227,-0.030708735808730125,0.48777487874031067,0.6447981595993042,-0.05272885784506798,0.48786526918411255,0.6720094680786133,-0.04991695284843445,0.5011026263237,0.6870812773704529,-0.042737990617752075,0.5197374820709229,0.7009885311126709,-0.03763893246650696,0.4922475516796112,0.6971727609634399,-0.05376121774315834,0.49129924178123474,0.7122364044189453,-0.051117707043886185,0.5036199688911438,0.7195634245872498,-0.044460270553827286
5,right,0.15911801159381866,0.7891056537628174,-7.840549898219251e-08,0.17671999335289001,0.6938743591308594,-0.0036097851116210222,0.20670302212238312,0.617198646068573,-0.01940719410777092,0.23754413425922394,0.5855643153190613,-0.03673002868890762,0.25837442278862,0.6002780199050903,-0.05316660925745964,0.1632564812898636,0.6297078132629395,-0.04404837638139725,0.21283270418643951,0.5665064454078674,-0.06734444200992584,0.24696937203407288,0.5893774032592773,-0.07763831317424774,0.2527337074279785,0.6183127164840698,-0.0826263502240181,0.16678854823112488,0.6765307188034058,-0.05659310892224312,0.23533397912979126,0.6406980752944946,-0.07440946996212006,0.23953968286514282,0.6697883009910583,-0.0728212371468544,0.2127881497144699,0.6845664978027344,-0.073994480073452,0.1781907081604004,0.7280992269515991,-0.06830832362174988,0.2446608990430832,0.6903216242790222,-0.08160027116537094,0.23902840912342072,0.7128028869628906,-0.07104400545358658,0.21291980147361755,0.7242671251296997,-0.06586342304944992,0.19480925798416138,0.7772681713104248,-0.08048488944768906,0.24450482428073883,0.7474924921989441,-0.0850023627281189,0.23772017657756805,0.7603458166122437,-0.0727045089006424,0.21465755999088287,0.7715407609939575,-0.06551020592451096
5,left,0.5790355801582336,0.6948656439781189,-2.932872860128555e-07,0.5667130947113037,0.6219673752784729,0.005508041474968195,0.537773609161377,0.5677998661994934,-0.001331621315330267,0.5080233812332153,0.5492130517959595,-0.010149287059903145,0.48224151134490967,0.5647059679031372,-0.01962892897427082,0.5340723991394043,0.547774076461792,-0.025394711643457413,0.49828237295150757,0.4865260124206543,-0.04469723999500275,0.4715816080570221,0.515455961227417,-0.051470763981342316,0.4688824415206909,0.5482116937637329,-0.05271584168076515,0.5234748125076294,0.5856989622116089,-0.03505747765302658,0.4732276201248169,0.56662917137146,-0.05044516548514366,0.47213608026504517,0.59487384557724,-0.04653068259358406,0.4949894845485687,0.6055283546447754,-0.04211839661002159,0.5114606618881226,0.6329174637794495,-0.04355086386203766,0.46223291754722595,0.6228128671646118,-0.05612853169441223,0.4693105220794678,0.6395871639251709,-0.04666636884212494,0.4939800798892975,0.6444759964942932,-0.03836435452103615,0.5007846355438232,0.6788854002952576,-0.05087757110595703,0.4662489593029022,0.6719532608985901,-0.05970573052763939,0.47412294149398804,0.6772399544715881,-0.05143996328115463,0.4958581030368805,0.6797251105308533,-0.04255766421556473
6,right,0.18540683388710022,0.7396986484527588,2.627059245696728e-07,0.20651577413082123,0.6526562571525574,-0.006655717268586159,0.2299657016992569,0.5833837389945984,-0.02174947038292885,0.25119951367378235,0.5534977316856384,-0.037264518439769745,0.2646634578704834,0.5697287917137146,-0.05198439210653305,0.17734572291374207,0.6146878600120544,-0.04368598014116287,0.20840787887573242,0.5759721994400024,-0.06458913534879684,0.24530689418315887,0.5861409306526184,-0.072715625166893,0.2612713873386383,0.6084687113761902,-0.07608005404472351,0.17470727860927582,0.6636504530906677,-0.05246119201183319,0.213359534740448,0.6399028897285461,-0.07130231708288193,0.24851885437965393,0.6427583694458008,-0.0697433352470398,0.2578839659690857,0.6500989198684692,-0.06893862783908844,0.18086403608322144,0.712077260017395,-0.060701292008161545,0.22380214929580688,0.6879386901855469,-0.07654818892478943,0.25310954451560974,0.6828789710998535,-0.0689549446105957,0.25992316007614136,0.682361900806427,-0.0633014664053917,0.19461578130722046,0.7557948231697083,-0.06962455064058304,0.235433429479599,0.7365894913673401,-0.07744726538658142,0.25409847497940063,0.7266591787338257,-0.07023520022630692,0.2559857666492462,0.723870038986206,-0.06506434828042984
6,left,0.5683599710464478,0.6673253178596497,-2.22547342332291e-07,0.544075608253479,0.582101047039032,-0.0033472750801593065,0.5086236000061035,0.5182366371154785,-0.008171633817255497,0.4778893291950226,0.4960254430770874,-0.013135884888470173,0.4584425091743469,0.5213055610656738,-0.018125411123037338,0.511218786239624,0.5305794477462769,-0.024181272834539413,0.47166144847869873,0.5016525387763977,-0.043410781770944595,0.4536319971084595,0.533027708530426,-0.05232544243335724,0.46449926495552063,0.5623064041137695,-0.054259173572063446,0.5031687021255493,0.5773177146911621,-0.02819710411131382,0.45396119356155396,0.5830081701278687,-0.04360972344875336,0.4420514404773712,0.5975158214569092,-0.044599831104278564,0.46509850025177,0.6052491068840027,-0.04308205842971802,0.49879664182662964,0.6253856420516968,-0.03243134170770645,0.4600244164466858,0.6346307992935181,-0.047442998737096786,0.4497651755809784,0.633931040763855,-0.04889298230409622,0.47043564915657043,0.6314982771873474,-0.04609519615769386,0.4968474507331848,0.6684345006942749,-0.03639544919133186,0.46172279119491577,0.6729807257652283,-0.051119908690452576,0.456270307302475,0.6637633442878723,-0.055179450660943985,0.4758070707321167,0.6566529870033264,-0.05375324562191963
7,right,0.19697602093219757,0.6417737603187561,1.513530349939174e-07,0.21938011050224304,0.5772756934165955,-0.01203568372875452,0.24162614345550537,0.5438965559005737,-0.024846868589520454,0.2649821639060974,0.5449927449226379,-0.03786700591444969,0.28013405203819275,0.5711848735809326,-0.05049748718738556,0.19210590422153473,0.5869682431221008,-0.034563202410936356,0.2219228893518448,0.5813259482383728,-0.05622220039367676,0.24701263010501862,0.5979083180427551,-0.07014420628547668,0.2502494752407074,0.6163756251335144,-0.07828157395124435,0.18467646837234497,0.6427809596061707,-0.040849536657333374,0.23360735177993774,0.6531215906143188,-0.06044108420610428,0.25973382592201233,0.6556551456451416,-0.06639295071363449,0.2592031955718994,0.6548113822937012,-0.07194074988365173,0.18654105067253113,0.6919850707054138,-0.047469764947891235,0.23577313125133514,0.7024597525596619,-0.06513402611017227,0.25813403725624084,0.6962006688117981,-0.061638835817575455,0.2565371096134186,0.6885811686515808,-0.05911358818411827,0.19373612105846405,0.7294920682907104,-0.055518604815006256,0.23361973464488983,0.7462179660797119,-0.06568850576877594,0.24930685758590698,0.7427340745925903,-0.059053003787994385,0.24720516800880432,0.7399392127990723,-0.05460316315293312
7,left,0.5634678602218628,0.6500974893569946,-8.544522955844513e-08,0.5396304726600647,0.5776942372322083,-0.0025925645604729652,0.5073381066322327,0.5185965299606323,-0.009503994137048721,0.4775395393371582,0.4937591552734375,-0.016457848250865936,0.45901578664779663,0.5150851011276245,-0.02441462315618992,0.5199145078659058,0.529259979724884,-0.030358048155903816,0.48024097084999084,0.503318727016449,-0.054085623472929,0.45653602480888367,0.5172768831253052,-0.06654690206050873,0.4622739255428314,0.5419272780418396,-0.06970296055078506,0.5118933916091919,0.5730853080749512,-0.03645113483071327,0.4522475600242615,0.5793524384498596,-0.05513441190123558,0.4369332790374756,0.5832377672195435,-0.057295169681310654,0.4573214650154114,0.5884016156196594,-0.0554819330573082,0.5076501965522766,0.6214439868927002,-0.042436905205249786,0.4527972638607025,0.6294551491737366,-0.060737136751413345,0.43874600529670715,0.6245167255401611,-0.06062827259302139,0.4586569666862488,0.6196858286857605,-0.05564823001623154,0.5054696202278137,0.6681108474731445,-0.04777216166257858,0.46407341957092285,0.6756160259246826,-0.06514759361743927,0.4531683921813965,0.6650679707527161,-0.06784778088331223,0.46800604462623596,0.6557878255844116,-0.06462626904249191
8,right,0.1942959576845169,0.70827317237854,1.342261697345748e-07,0.21781989932060242,0.6142828464508057,-0.007041047792881727,0.2410704493522644,0.5480254888534546,-0.019488230347633362,0.26218053698539734,0.5237743258476257,-0.03352183476090431,0.27541202306747437,0.5511245727539062,-0.04708079993724823,0.19001014530658722,0.5715384483337402,-0.029021942988038063,0.22582459449768066,0.5402725338935852,-0.048966795206069946,0.26085007190704346,0.5568556189537048,-0.06059834733605385,0.27832531929016113,0.5769820809364319,-0.06802322715520859,0.18511101603507996,0.620536744594574,-0.03843245282769203,0.22337964177131653,0.610573410987854,-0.05692769214510918,0.25898221135139465,0.6182883977890015,-0.06231797859072685,0.2723519206047058,0.6194382309913635,-0.06755659729242325,0.189320906996727,0.6705920696258545,-0.04816913604736328,0.22970344126224518,0.6631293892860413,-0.06636282801628113,0.26032936573028564,0.6582645177841187,-0.06744305789470673,0.27152058482170105,0.6496443748474121,-0.06801160424947739,0.20229417085647583,0.7161908149719238,-0.058594293892383575,0.23897875845432281,0.713709831237793,-0.06929031014442444,0.257763534784317,0.7072919607162476,-0.06668094545602798,0.2616073191165924,0.7001298666000366,-0.06500622630119324
8,left,0.5643079876899719,0.6375214457511902,-8.235506498976974e-08,0.5446293354034424,0.5699906349182129,-0.0065344031900167465,0.5130456686019897,0.5040162205696106,-0.014744576998054981,0.482220321893692,0.475725919008255,-0.021842772141098976,0.46218419075012207,0.4967973828315735,-0.03004574589431286,0.5190579295158386,0.5238808393478394,-0.037117235362529755,0.4722985625267029,0.5099661350250244,-0.06153930351138115,0.457306444644928,0.5209754109382629,-0.07391025125980377,0.470302939414978,0.5407341718673706,-0.07721830904483795,0.5136723518371582,0.5662910342216492,-0.04162212833762169,0.4506691098213196,0.5722721219062805,-0.06157952919602394,0.44246023893356323,0.5745830535888672,-0.06391341984272003,0.4672798216342926,0.578761875629425,-0.0621703639626503,0.5120279788970947,0.6126668453216553,-0.04607551544904709,0.4538412094116211,0.6158187389373779,-0.06663978099822998,0.4453122019767761,0.614529550075531,-0.06620009243488312,0.4674418568611145,0.612917423248291,-0.060835812240839005,0.510846734046936,0.6587648391723633,-0.05003007501363754,0.46847817301750183,0.6639196276664734,-0.06968341767787933,0.46131181716918945,0.6559631824493408,-0.07299509644508362,0.4774647355079651,0.6493939757347107,-0.07021303474903107
9,right,0.20004907250404358,0.6455701589584351,2.5851304030766187e-07,0.22395046055316925,0.571256160736084,-0.012742700055241585,0.24695459008216858,0.5280150175094604,-0.025619585067033768,0.2679653763771057,0.5245189666748047,-0.03840235248208046,0.28200891613960266,0.5510724782943726,-0.050208680331707,0.19331160187721252,0.5650215744972229,-0.03639497235417366,0.22298265993595123,0.555467963218689,-0.058648958802223206,0.2541377544403076,0.5684202313423157,-0.07244256138801575,0.26436981558799744,0.5839223861694336,-0.08053471893072128,0.18640917539596558,0.6201029419898987,-0.04280823469161987,0.23756510019302368,0.6276757717132568,-0.06597478687763214,0.2638212740421295,0.6276829838752747,-0.07476923614740372,0.26359692215919495,0.6265797019004822,-0.08125974237918854,0.1896548718214035,0.6711322069168091,-0.04937930032610893,0.24335265159606934,0.6836298704147339,-0.06960653513669968,0.26392874121665955,0.6764801144599915,-0.06981596350669861,0.25732871890068054,0.6678417325019836,-0.0689544752240181,0.19615095853805542,0.71216881275177,-0.05721445009112358,0.23788221180438995,0.7321507930755615,-0.06944526731967926,0.248545303940773,0.7271876931190491,-0.06587684899568558,0.2396700382232666,0.7226231694221497,-0.06282559037208557
9,left,0.564643383026123,0.632283627986908,-6.932854290653268e-08,0.5472869277000427,0.5676857829093933,-0.008466538973152637,0.5196260213851929,0.5074948072433472,-0.01766490377485752,0.49250301718711853,0.48205462098121643,-0.02527010813355446,0.47531163692474365,0.5042876601219177,-0.03377970680594444,0.5182992815971375,0.5228068828582764,-0.040104977786540985,0.47630971670150757,0.49605798721313477,-0.0662219300866127,0.4614693820476532,0.5092724561691284,-0.07808324694633484,0.4778048098087311,0.5318930149078369,-0.0800391286611557,0.5127637386322021,0.5630131959915161,-0.04279143363237381,0.454031378030777,0.560859203338623,-0.06407761573791504,0.44628310203552246,0.5664907097816467,-0.06532756984233856,0.47236788272857666,0.5729765892028809,-0.06164245679974556,0.5111554265022278,0.607597291469574,-0.045557066798210144,0.458723783493042,0.608475923538208,-0.06715701520442963,0.4511047899723053,0.6079034805297852,-0.06572143733501434,0.4745776355266571,0.6063467860221863,-0.058642491698265076,0.5108379125595093,0.6504855155944824,-0.04790908098220825,0.4708583950996399,0.6570415496826172,-0.06847098469734192,0.4663649797439575,0.6500203609466553,-0.0711122527718544,0.48573023080825806,0.644101083278656,-0.06689489632844925
10,right,0.2094746083021164,0.6193414926528931,2.2905226160219172e-07,0.22305166721343994,0.5507427453994751,-0.020533107221126556,0.24388912320137024,0.5147979855537415,-0.03715679422020912,0.2689547836780548,0.524715781211853,-0.05242479220032692,0.28627124428749084,0.5584335923194885,-0.06631056219339371,0.19112557172775269,0.5590572953224182,-0.04389525204896927,0.23410803079605103,0.5554062724113464,-0.07230637967586517,0.26361599564552307,0.5612480640411377,-0.08920316398143768,0.27409589290618896,0.5745857357978821,-0.09772896766662598,0.18635495007038116,0.6197109222412109,-0.0463874377310276,0.2533540427684784,0.6319276094436646,-0.06831016391515732,0.27152085304260254,0.622859537601471,-0.0710175558924675,0.2648088037967682,0.6201364994049072,-0.07345861941576004,0.19302357733249664,0.6753026247024536,-0.05051110312342644,0.2579450309276581,0.6841069459915161,-0.06893033534288406,0.2714831233024597,0.6645919680595398,-0.05962621793150902,0.2641820013523102,0.6518450975418091,-0.051765326410532,0.20591214299201965,0.7178000211715698,-0.05753001943230629,0.2525121867656708,0.7315311431884766,-0.06966407597064972,0.2561244070529938,0.7173998355865479,-0.06228698417544365,0.24554559588432312,0.7082188129425049,-0.05530090630054474
10,left,0.560555636882782,0.6267367601394653,4.635468897618011e-09,0.550258219242096,0.5704753994941711,-0.009017843753099442,0.5266113877296448,0.5180984139442444,-0.01983724720776081,0.5034732222557068,0.49616342782974243,-0.030143823474645615,0.4849214255809784,0.509590744972229,-0.04126925766468048,0.5157908797264099,0.5167865753173828,-0.03799475356936455,0.47732871770858765,0.4844094514846802,-0.06565991044044495,0.46933218836784363,0.49273398518562317,-0.07846889644861221,0.4884505867958069,0.5173655152320862,-0.08137349784374237,0.5083853602409363,0.5582729578018188,-0.043061695992946625,0.44599536061286926,0.5555853843688965,-0.0694291889667511,0.4537230134010315,0.5601559281349182,-0.07403502613306046,0.4872315227985382,0.567236602306366,-0.07167194038629532,0.5072592496871948,0.6040253639221191,-0.0485311783850193,0.45335519313812256,0.6066923141479492,-0.07404402643442154,0.4650457203388214,0.607863187789917,-0.07357171922922134,0.4957773983478546,0.6073364019393921,-0.06684067100286484,0.509885847568512,0.6487916707992554,-0.05362289398908615,0.47366413474082947,0.6575419902801514,-0.07681333273649216,0.4821127951145172,0.6510419845581055,-0.07946005463600159,0.5065381526947021,0.6446172595024109,-0.07536127418279648
11,right,0.20244412124156952,0.6725992560386658,2.420978546524566e-07,0.22847110033035278,0.58643639087677,-0.011162204667925835,0.2517080008983612,0.5351599454879761,-0.025420555844902992,0.2721251845359802,0.5261314511299133,-0.040850795805454254,0.2839148938655853,0.556010365486145,-0.05526173487305641,0.1937849074602127,0.557763397693634,-0.03140335530042648,0.2315800040960312,0.5283003449440002,-0.05325419828295708,0.2674495577812195,0.5471277832984924,-0.06664418429136276,0.28425484895706177,0.5725095868110657,-0.07453226298093796,0.1879172921180725,0.6072664856910706,-0.03925217688083649,0.23399122059345245,0.6104046702384949,-0.059706445783376694,0.2669013738632202,0.6169454455375671,-0.06622347980737686,0.2781984210014343,0.6194371581077576,-0.07181296497583389,0.1906580775976181,0.6578312516212463,-0.047981277108192444,0.23975229263305664,0.6683510541915894,-0.06605548411607742,0.26837754249572754,0.6639033555984497,-0.06543375551700592,0.278333455324173,0.6570420861244202,-0.06471632421016693,0.2020440250635147,0.7019376754760742,-0.058282170444726944,0.24210897088050842,0.7163083553314209,-0.06799517571926117,0.26077792048454285,0.7103673219680786,-0.06349623948335648,0.2661365270614624,0.703460156917572,-0.06030360609292984
11,left,0.5576715469360352,0.6251460313796997,2.4122137620707917e-09,0.548182487487793,0.5657376646995544,-0.009449170902371407,0.5252805948257446,0.510733425617218,-0.01934070512652397,0.5058090090751648,0.4882228374481201,-0.029589399695396423,0.49037307500839233,0.5032363533973694,-0.040297623723745346,0.5041497945785522,0.5215250849723816,-0.031152835115790367,0.4699572026729584,0.49763548374176025,-0.059088557958602905,0.47261109948158264,0.5042020082473755,-0.07379283010959625,0.49674251675605774,0.5250248908996582,-0.07796679437160492,0.4964330494403839,0.5650674104690552,-0.036409005522727966,0.44239693880081177,0.5630148649215698,-0.06256572157144547,0.45911192893981934,0.5629943609237671,-0.06892012804746628,0.4933871030807495,0.5685171484947205,-0.0680631473660469,0.4965241551399231,0.6083770990371704,-0.042672138661146164,0.4532737731933594,0.6129074692726135,-0.06713436543941498,0.47673532366752625,0.6091386675834656,-0.06664703041315079,0.5088583827018738,0.6057322025299072,-0.06036010757088661,0.5026195645332336,0.6488857269287109,-0.04910070821642876,0.47444236278533936,0.6571052670478821,-0.06767123192548752,0.49094799160957336,0.6488102078437805,-0.06755843758583069,0.5160931348800659,0.6404786109924316,-0.0628320723772049
12,right,0.19918721914291382,0.5905877947807312,2.684560058696661e-07,0.22284486889839172,0.5287957787513733,-0.018068863078951836,0.24973797798156738,0.5051718354225159,-0.0357506163418293,0.2740805149078369,0.5211368203163147,-0.05222001299262047,0.28885239362716675,0.5562942028045654,-0.0687938705086708,0.19740021228790283,0.5593813061714172,-0.04493602737784386,0.23068946599960327,0.5759740471839905,-0.07126409560441971,0.25607413053512573,0.5815414190292358,-0.09095699340105057,0.26700863242149353,0.5884586572647095,-0.1035398617386818,0.19159838557243347,0.6193793416023254,-0.049420636147260666,0.24428069591522217,0.6463611125946045,-0.07405123859643936,0.266487717628479,0.6365797519683838,-0.08455947041511536,0.2692137360572815,0.6246843934059143,-0.09398203343153,0.19333553314208984,0.6681969165802002,-0.05419238656759262,0.24669668078422546,0.692862868309021,-0.07614617049694061,0.26580896973609924,0.6731202006340027,-0.07612330466508865,0.26916763186454773,0.6521159410476685,-0.07586205005645752,0.20178355276584625,0.7035989761352539,-0.06093944236636162,0.24248531460762024,0.7282297611236572,-0.0746028944849968,0.2567855715751648,0.7144690752029419,-0.07104163616895676,0.2591715455055237,0.6982014775276184,-0.0690753161907196
12,left,0.5626332759857178,0.6221867799758911,7.294352855069519e-08,0.5456826686859131,0.5630353093147278,-0.0137323047965765,0.5176558494567871,0.49749287962913513,-0.02540893666446209,0.4903731346130371,0.46594202518463135,-0.032927751541137695,0.46997007727622986,0.4795745015144348,-0.04098932817578316,0.5320575833320618,0.5229268074035645,-0.05411366745829582,0.4943709373474121,0.4973146319389343,-0.08125878125429153,0.4690593183040619,0.5030592679977417,-0.0927346870303154,0.476590096950531,0.523959219455719,-0.09373211860656738,0.5293244123458862,0.5657393336296082,-0.05392492190003395,0.46539434790611267,0.5633643865585327,-0.07709793746471405,0.4484676122665405,0.562254011631012,-0.07845226675271988,0.4701875150203705,0.5681081414222717,-0.07458154857158661,0.5265024900436401,0.6112357974052429,-0.05322533845901489,0.4667772352695465,0.6134037971496582,-0.0757642462849617,0.4575068950653076,0.6075221300125122,-0.07286368310451508,0.48131391406059265,0.6023264527320862,-0.06447433680295944,0.5231192708015442,0.6553585529327393,-0.05217000097036362,0.4775267243385315,0.6574734449386597,-0.07332397252321243,0.47498181462287903,0.6495781540870667,-0.0743146538734436,0.4973928928375244,0.644683301448822,-0.06883440166711807
13,right,0.19903185963630676,0.6478821635246277,1.912494411726584e-07,0.2231728881597519,0.5702808499336243,-0.01086477842181921,0.24730698764324188,0.5187699198722839,-0.023608310148119926,0.26826682686805725,0.5082291960716248,-0.036822982132434845,0.281122088432312,0.5365564823150635,-0.04957812279462814,0.194146066904068,0.5610873699188232,-0.03311610221862793,0.22622735798358917,0.5395247936248779,-0.05178113281726837,0.256002813577652,0.5525174140930176,-0.06411240249872208,0.26918670535087585,0.5715590119361877,-0.07218769937753677,0.1911677122116089,0.6126028895378113,-0.0404953695833683,0.23466281592845917,0.6145921945571899,-0.058423738926649094,0.2652646005153656,0.6160507798194885,-0.06510403752326965,0.2752748429775238,0.6142479777336121,-0.07199744880199432,0.19549855589866638,0.6606370806694031,-0.04818383604288101,0.24126501381397247,0.6708477139472961,-0.06477535516023636,0.26813387870788574,0.6647310853004456,-0.06501922011375427,0.2766769826412201,0.6565313935279846,-0.06578867882490158,0.20713983476161957,0.7008670568466187,-0.05718355253338814,0.24195942282676697,0.7123188972473145,-0.06514985114336014,0.25811243057250977,0.7060379981994629,-0.06047675013542175,0.2612171769142151,0.7002586126327515,-0.05835042893886566
13,left,0.5639158487319946,0.6207600235939026,-1.965364582190432e-08,0.55157870054245,0.5597694516181946,-0.008594968356192112,0.5256626605987549,0.505487859249115,-0.017879020422697067,0.5035019516944885,0.48274174332618713,-0.027375372126698494,0.48785996437072754,0.49666500091552734,-0.037250082939863205,0.518107533454895,0.5078338980674744,-0.03164459019899368,0.482144296169281,0.4774121344089508,-0.058597877621650696,0.47626909613609314,0.4884285628795624,-0.0720258504152298,0.4966878294944763,0.5141921043395996,-0.0758957713842392,0.5085444450378418,0.5505150556564331,-0.037033095955848694,0.44828546047210693,0.5507001280784607,-0.062301408499479294,0.4545470178127289,0.5563129186630249,-0.06743783503770828,0.4862450063228607,0.5633192658424377,-0.06631986051797867,0.505699634552002,0.5961888432502747,-0.043466273695230484,0.4575924575328827,0.6003010272979736,-0.06856022775173187,0.4677743911743164,0.6008155345916748,-0.06976047903299332,0.49566650390625,0.5995795130729675,-0.06486307829618454,0.5080650448799133,0.6387438178062439,-0.049803413450717926,0.47975093126296997,0.6462625861167908,-0.07132740318775177,0.48788556456565857,0.6401392221450806,-0.07472753524780273,0.5092834234237671,0.6334502100944519,-0.07213270664215088
14,right,0.2027306705713272,0.6085686683654785,2.522767204027332e-07,0.22502869367599487,0.5367302298545837,-0.015105963684618473,0.24891851842403412,0.4964551627635956,-0.03137241676449776,0.26940879225730896,0.49871551990509033,-0.046979621052742004,0.2840120792388916,0.5268290638923645,-0.062097545713186264,0.19536609947681427,0.5445759892463684,-0.045242391526699066,0.22330181300640106,0.5472162961959839,-0.07047098875045776,0.2514980137348175,0.5579596757888794,-0.08657549321651459,0.2633269727230072,0.5716873407363892,-0.09639140218496323,0.19010868668556213,0.6019577383995056,-0.05192497372627258,0.24423211812973022,0.6216788291931152,-0.0763065367937088,0.2716399133205414,0.6136676073074341,-0.08459482342004776,0.2788201570510864,0.6061760783195496,-0.09183389693498611,0.19424200057983398,0.6522319912910461,-0.05894659459590912,0.25035789608955383,0.6732306480407715,-0.07982725650072098,0.27270960807800293,0.6560110449790955,-0.08066042512655258,0.27697038650512695,0.6380245685577393,-0.08129303902387619,0.20442986488342285,0.6901737451553345,-0.06772079318761826,0.2455911636352539,0.7133969664573669,-0.08006533235311508,0.25607937574386597,0.7013847231864929,-0.07814164459705353,0.25467339158058167,0.6881929636001587,-0.07755259424448013
14,left,0.565157413482666,0.612988293170929,-1.6176969097614347e-08,0.5560450553894043,0.5547442436218262,-0.00568555761128664,0.5344524383544922,0.5010276436805725,-0.016979817301034927,0.5096191763877869,0.47838935256004333,-0.027648551389575005,0.48999714851379395,0.4917095899581909,-0.03943442180752754,0.5317020416259766,0.5019755363464355,-0.04193015769124031,0.48822712898254395,0.47071731090545654,-0.06862198561429977,0.4778624176979065,0.47871658205986023,-0.0799114853143692,0.4945777654647827,0.503532350063324,-0.08147521317005157,0.5249288082122803,0.5450924634933472,-0.04835943132638931,0.4551572799682617,0.5445864200592041,-0.0713997408747673,0.4574386775493622,0.5484952330589294,-0.07276500016450882,0.48723104596138,0.5542964935302734,-0.06912223994731903,0.5216932892799377,0.5918545126914978,-0.05429745092988014,0.46057039499282837,0.5942308306694031,-0.07661336660385132,0.46832382678985596,0.5946611762046814,-0.07209185510873795,0.4983587861061096,0.5926926136016846,-0.06318823248147964,0.5201264023780823,0.637601375579834,-0.05948066711425781,0.4759950041770935,0.6434261798858643,-0.07879824191331863,0.48326778411865234,0.636910617351532,-0.07693030685186386,0.5085922479629517,0.6303408741950989,-0.06994543224573135
15,right,0.2130129188299179,0.6479772925376892,5.362537969233472e-09,0.23266872763633728,0.577424943447113,-0.0119734862819314,0.25135502219200134,0.5274040102958679,-0.02648400142788887,0.26943373680114746,0.5157007575035095,-0.04221197962760925,0.27994945645332336,0.5345904231071472,-0.058506447821855545,0.2026822566986084,0.5490354895591736,-0.04033179581165314,0.2367764264345169,0.5230459570884705,-0.06299515813589096,0.26600348949432373,0.5497637987136841,-0.07562127709388733,0.2761867046356201,0.5743365287780762,-0.08324205130338669,0.1995154619216919,0.6022287607192993,-0.04876495897769928,0.2335488200187683,0.6075042486190796,-0.07034282386302948,0.2603437304496765,0.6293220520019531,-0.07588715106248856,0.26788488030433655,0.6410548686981201,-0.08066192269325256,0.2031661421060562,0.6535413265228271,-0.05732745677232742,0.23541519045829773,0.6585231423377991,-0.07808095216751099,0.2574794292449951,0.6721429824829102,-0.07552062720060349,0.26337629556655884,0.6784400343894958,-0.07294078916311264,0.21482418477535248,0.6960676908493042,-0.06687386333942413,0.24080529808998108,0.7050405144691467,-0.07931488752365112,0.2581717371940613,0.7112910747528076,-0.07279708236455917,0.2643263041973114,0.7156547904014587,-0.06763246655464172
15,left,0.5603508949279785,0.6145498156547546,1.599602406088252e-08,0.5594843029975891,0.5597327351570129,-0.0070524662733078,0.5359904170036316,0.5145567059516907,-0.018157731741666794,0.506464958190918,0.5031968951225281,-0.029536964371800423,0.4813733994960785,0.5104759931564331,-0.04272862896323204,0.5256063938140869,0.49526163935661316,-0.03164506331086159,0.49957597255706787,0.4501155614852905,-0.0548228919506073,0.4773448407649994,0.460681289434433,-0.06725098937749863,0.47359469532966614,0.4811144471168518,-0.07288745045661926,0.5117689967155457,0.5348998308181763,-0.03881610929965973,0.47868019342422485,0.5188060998916626,-0.05952991917729378,0.4804733693599701,0.5396578907966614,-0.0634201243519783,0.49788010120391846,0.5505157709121704,-0.06388751417398453,0.5018666386604309,0.5854362845420837,-0.04605959355831146,0.4638778567314148,0.573583722114563,-0.06859404593706131,0.47373923659324646,0.5898975729942322,-0.0652465671300888,0.49495071172714233,0.5973862409591675,-0.05951505899429321,0.49742934107780457,0.6378388404846191,-0.05266457796096802,0.47382503747940063,0.6384581327438354,-0.07251254469156265,0.48598143458366394,0.6442093253135681,-0.06906580179929733,0.505773663520813,0.6461859941482544,-0.0624573640525341
16,right,0.24236232042312622,0.5554213523864746,-3.5030296885452117e-07,0.22976075112819672,0.6056287884712219,-0.016317065805196762,0.22071000933647156,0.6672150492668152,-0.04472046345472336,0.22109423577785492,0.7217954993247986,-0.07424020767211914,0.22164277732372284,0.770858108997345,-0.1078677698969841,0.2126738727092743,0.663833498954773,-0.06383810937404633,0.21348613500595093,0.7161504030227661,-0.09997015446424484,0.22150813043117523,0.7511877417564392,-0.12505033612251282,0.23058076202869415,0.7789945602416992,-0.13869383931159973,0.22234457731246948,0.6381997466087341,-0.07116342335939407,0.22588251531124115,0.6800008416175842,-0.10420723259449005,0.23635433614253998,0.722956657409668,-0.11705527454614639,0.24390724301338196,0.7559307813644409,-0.12449172884225845,0.23687419295310974,0.6069675087928772,-0.07741820067167282,0.24154381453990936,0.6436627507209778,-0.1092493087053299,0.2503727078437805,0.6884865164756775,-0.1133769154548645,0.25679370760917664,0.7193011045455933,-0.11208859086036682,0.25357577204704285,0.574674129486084,-0.08422400057315826,0.26004254817962646,0.6069678068161011,-0.10561374574899673,0.2682134807109833,0.6453587412834167,-0.10287875682115555,0.2746135890483856,0.6730116605758667,-0.0988466814160347
16,left,0.5001221895217896,0.5625401735305786,-2.2982675318417023e-07,0.5040476322174072,0.5250077843666077,-0.027290672063827515,0.5034166574478149,0.49970829486846924,-0.05262339860200882,0.49700939655303955,0.4929060935974121,-0.07201045006513596,0.4906427264213562,0.5033342242240906,-0.09508004039525986,0.5392820835113525,0.5671530365943909,-0.0896732434630394,0.5514476299285889,0.6010782122612,-0.12349557131528854,0.5507654547691345,0.6172083616256714,-0.14555981755256653,0.5504223108291626,0.6353427171707153,-0.15809541940689087,0.5359086990356445,0.6130894422531128,-0.08779920637607574,0.5379124283790588,0.6422584652900696,-0.11532634496688843,0.5335049629211426,0.6576257944107056,-0.12617897987365723,0.5331380367279053,0.6758596897125244,-0.13690386712551117,0.5230128765106201,0.6428379416465759,-0.08329926431179047,0.5168431997299194,0.6748455166816711,-0.10802638530731201,0.5163717865943909,0.6901648640632629,-0.10858159512281418,0.5183479189872742,0.7010242938995361,-0.10936583578586578,0.5056052803993225,0.6638073921203613,-0.0798407718539238,0.4976404011249542,0.6977421045303345,-0.0973820835351944,0.5015321969985962,0.7112192511558533,-0.0930013507604599,0.5083217024803162,0.7178598642349243,-0.09033478051424026
17,right,0.21261127293109894,0.7753291130065918,-7.453613903862788e-08,0.2331841140985489,0.6943122148513794,-0.008535181172192097,0.25839629769325256,0.6302924156188965,-0.025638839229941368,0.28212663531303406,0.6051031351089478,-0.042377933859825134,0.29322996735572815,0.6076550483703613,-0.05809156596660614,0.2158370018005371,0.661052405834198,-0.05983658879995346,0.2586241066455841,0.6034302711486816,-0.08440705388784409,0.2911422848701477,0.6336653828620911,-0.09484278410673141,0.2959577441215515,0.6628327965736389,-0.10056270658969879,0.21188907325267792,0.7126340270042419,-0.06905443966388702,0.2587622106075287,0.6969545483589172,-0.08720268309116364,0.27799370884895325,0.7200348377227783,-0.08524379134178162,0.270990788936615,0.7302048802375793,-0.08743789792060852,0.21526207029819489,0.7639521360397339,-0.07688499242067337,0.26464414596557617,0.7560568451881409,-0.08736895769834518,0.2785571217536926,0.7662041187286377,-0.07419895380735397,0.271320104598999,0.7679166793823242,-0.06918016821146011,0.22692269086837769,0.8088005781173706,-0.08592082560062408,0.26277387142181396,0.8173469305038452,-0.09091152250766754,0.2700723111629486,0.8197973966598511,-0.07929705828428268,0.26061052083969116,0.8164047598838806,-0.07309885323047638
17,left,0.6059610247612,0.7573176026344299,-1.494070573926365e-07,0.5920671820640564,0.6719524264335632,-0.0013361708261072636,0.5584456324577332,0.6113379597663879,-0.013238939456641674,0.5296047329902649,0.5923016667366028,-0.025214264169335365,0.510159432888031,0.5918800234794617,-0.037029266357421875,0.5621846318244934,0.6025922894477844,-0.051878076046705246,0.5251031517982483,0.5153941512107849,-0.07547114789485931,0.4962942898273468,0.5484292507171631,-0.07798925042152405,0.49830329418182373,0.5861672163009644,-0.07546398788690567,0.5500895380973816,0.6505714058876038,-0.05949971824884415,0.5042925477027893,0.6019560694694519,-0.0796896442770958,0.49942025542259216,0.6343075037002563,-0.07142063230276108,0.5226447582244873,0.6524742245674133,-0.06322545558214188,0.5376988649368286,0.7033699750900269,-0.06534162908792496,0.5005210638046265,0.6927807927131653,-0.08041182160377502,0.5104857087135315,0.7128376364707947,-0.06717981398105621,0.5365279316902161,0.7209961414337158,-0.05644743889570236,0.525242030620575,0.7514387369155884,-0.07045036554336548,0.5007699728012085,0.7474446296691895,-0.08109842985868454,0.511154294013977,0.7564328908920288,-0.07196884602308273,0.5339370369911194,0.762033224105835,-0.06258609890937805
18,right,0.22586442530155182,0.7888196706771851,2.037107122987436e-07,0.2586222290992737,0.7003366947174072,-0.01445056777447462,0.28323251008987427,0.6391463279724121,-0.029736889526247978,0.2942880690097809,0.6189128160476685,-0.04392893984913826,0.297404944896698,0.6405984163284302,-0.05844128131866455,0.22029004991054535,0.6831844449043274,-0.052390072494745255,0.22835150361061096,0.6616102457046509,-0.07688820362091064,0.25387489795684814,0.666205883026123,-0.0924796536564827,0.26723456382751465,0.6720412373542786,-0.10248684883117676,0.21470409631729126,0.731377899646759,-0.05916164442896843,0.22865264117717743,0.722610592842102,-0.0816030353307724,0.25885137915611267,0.714684009552002,-0.09088445454835892,0.2746564447879791,0.7136170268058777,-0.09875918924808502,0.220180943608284,0.7798392176628113,-0.0651521235704422,0.2533213496208191,0.7859887480735779,-0.08667963743209839,0.28019481897354126,0.776500403881073,-0.09343308210372925,0.28800544142723083,0.7654823660850525,-0.09846409410238266,0.23469777405261993,0.8230640888214111,-0.07208136469125748,0.26656225323677063,0.8438522815704346,-0.08679672330617905,0.2743370831012726,0.845693826675415,-0.0888654813170433,0.2678152620792389,0.8436897993087769,-0.0912790447473526
18,left,0.607720673084259,0.7674546837806702,-1.4741736720225163e-07,0.5930967926979065,0.6948937773704529,-0.020124293863773346,0.5672300457954407,0.6482715010643005,-0.03979945927858353,0.5442432165145874,0.6381851434707642,-0.05989551916718483,0.5231165885925293,0.6508432626724243,-0.07837328314781189,0.5498784780502319,0.6193916201591492,-0.05009552836418152,0.5184198021888733,0.5508823394775391,-0.08699676394462585,0.49478840827941895,0.586689829826355,-0.1019267663359642,0.50082927942276,0.6282690167427063,-0.1058318167924881,0.5296892523765564,0.665975034236908,-0.05173478648066521,0.5231950879096985,0.6736981868743896,-0.08545072376728058,0.5308769941329956,0.7104982733726501,-0.08677440881729126,0.5544419884681702,0.7145329117774963,-0.08124774694442749,0.5193895101547241,0.7176368832588196,-0.055925916880369186,0.5299140214920044,0.745415449142456,-0.08474928140640259,0.5378574132919312,0.7602155208587646,-0.08037043362855911,0.5512785911560059,0.7527205944061279,-0.07152310758829117,0.5126728415489197,0.7651147246360779,-0.06217420846223831,0.5281946063041687,0.7958887815475464,-0.0828830897808075,0.5416753888130188,0.8006290793418884,-0.08130380511283875,0.5603322982788086,0.7912769317626953,-0.07405725121498108
19,right,0.22315587103366852,0.779697597026825,1.3814376131904282e-07,0.2425839602947235,0.6975842118263245,-0.00963002908974886,0.26678866147994995,0.6375293731689453,-0.02647911198437214,0.2909640669822693,0.6184043884277344,-0.04385470598936081,0.3016345202922821,0.6330769062042236,-0.061373431235551834,0.21912561357021332,0.6785673499107361,-0.05609515309333801,0.24572761356830597,0.6403327584266663,-0.0832475945353508,0.2775391936302185,0.6529619097709656,-0.0972730815410614,0.28571057319641113,0.6728118658065796,-0.10498634725809097,0.2158985584974289,0.7329843044281006,-0.06631910055875778,0.2471463978290558,0.7330044507980347,-0.09081747382879257,0.274898499250412,0.7316086292266846,-0.09540776908397675,0.2791080176830292,0.73489910364151,-0.0998014584183693,0.22014795243740082,0.7835992574691772,-0.07565269619226456,0.25962111353874207,0.7874767780303955,-0.09505850076675415,0.28398752212524414,0.7782635688781738,-0.09157668054103851,0.28644075989723206,0.771038830280304,-0.08981383591890335,0.2341507226228714,0.8250833749771118,-0.08584044128656387,0.26873713731765747,0.839423656463623,-0.09655194729566574,0.2808566689491272,0.8322438597679138,-0.09068403393030167,0.27677085995674133,0.8269743323326111,-0.08711232244968414
19,left,0.5973936319351196,0.7585792541503906,-9.685027180239558e-08,0.579939603805542,0.6881501078605652,-0.022716088220477104,0.5518139600753784,0.6328933835029602,-0.03950339928269386,0.5248105525970459,0.6088895201683044,-0.05532360449433327,0.5053558349609375,0.6077277660369873,-0.06975945830345154,0.5420002937316895,0.6186659336090088,-0.049952615052461624,0.5188757181167603,0.551934540271759,-0.0838668942451477,0.5010625123977661,0.5828814506530762,-0.09776575118303299,0.5036742091178894,0.6225500106811523,-0.10168368369340897,0.5260756611824036,0.6679475903511047,-0.04878808930516243,0.5297067165374756,0.6780151128768921,-0.08088478446006775,0.5392305850982666,0.7021180987358093,-0.0833844318985939,0.5551119446754456,0.7030009031295776,-0.08039844036102295,0.5192728638648987,0.7226918339729309,-0.050101835280656815,0.5338971018791199,0.7429624795913696,-0.07742161303758621,0.5432263016700745,0.7499402165412903,-0.07314307987689972,0.5527186989784241,0.7442218065261841,-0.06539665162563324,0.5154815316200256,0.7731794714927673,-0.05350281670689583,0.5307089686393738,0.7918558120727539,-0.07237789779901505,0.540738582611084,0.7930877804756165,-0.07092598080635071,0.5513283610343933,0.7835150957107544,-0.06486103683710098
20,right,0.2212233543395996,0.6670860052108765,1.3798927511743386e-07,0.2395552694797516,0.624951183795929,-0.015211014077067375,0.26474228501319885,0.6053099036216736,-0.03535093739628792,0.2879143953323364,0.6036032438278198,-0.05490691959857941,0.2946988642215729,0.6188142895698547,-0.07734738290309906,0.21629546582698822,0.6589939594268799,-0.0617339089512825,0.23953621089458466,0.6598586440086365,-0.09148558974266052,0.25781935453414917,0.6665894985198975,-0.11140093952417374,0.26396429538726807,0.6772527098655701,-0.12425357103347778,0.2106548547744751,0.7056476473808289,-0.06992058455944061,0.24560292065143585,0.7091051936149597,-0.09296952933073044,0.26452627778053284,0.7096568942070007,-0.09925659000873566,0.2705382704734802,0.7111882567405701,-0.10798164457082748,0.2120223343372345,0.7417618036270142,-0.0775686502456665,0.24669013917446136,0.7488238215446472,-0.09940554201602936,0.2609512507915497,0.7456797361373901,-0.09747584909200668,0.2663171589374542,0.7407603859901428,-0.09853223711252213,0.2190389782190323,0.7698196768760681,-0.08660473674535751,0.24371333420276642,0.7888140082359314,-0.10283705592155457,0.25585728883743286,0.7859325408935547,-0.1002761572599411,0.26166921854019165,0.7798088192939758,-0.1007123664021492
20,left,0.5961257815361023,0.7152753472328186,-1.2943347371674463e-07,0.5762037634849548,0.6501277089118958,-0.014001346193253994,0.5419696569442749,0.5899817943572998,-0.029475828632712364,0.5166563987731934,0.5550917387008667,-0.0434262715280056,0.503145158290863,0.5454279184341431,-0.058496300131082535,0.5490962862968445,0.5997351408004761,-0.05305588245391846,0.5145298838615417,0.5752456188201904,-0.07992874085903168,0.5083116888999939,0.5966216921806335,-0.09462492167949677,0.5166156888008118,0.6211819052696228,-0.1015385240316391,0.5470739603042603,0.6497727036476135,-0.05639379471540451,0.5310514569282532,0.652893602848053,-0.07887883484363556,0.5217888951301575,0.6677548289299011,-0.08494056761264801,0.524351954460144,0.6785495281219482,-0.08937987685203552,0.5458105206489563,0.7022454142570496,-0.05921898037195206,0.5302804112434387,0.7038615345954895,-0.07938672602176666,0.5217486619949341,0.7081654667854309,-0.07838498055934906,0.5218575596809387,0.7089171409606934,-0.07702548056840897,0.5418489575386047,0.7496482133865356,-0.06238347291946411,0.5275309085845947,0.7552415132522583,-0.07978363335132599,0.5269522070884705,0.7517214417457581,-0.07832968980073929,0.533117949962616,0.7433785796165466,-0.07463938742876053
21,right,0.19916585087776184,0.7605283260345459,-5.191867558096419e-08,0.2277158945798874,0.6613233089447021,-0.006445948965847492,0.2513637840747833,0.5938916206359863,-0.02275165356695652,0.26658040285110474,0.5652793645858765,-0.04057160019874573,0.27644118666648865,0.5688945055007935,-0.05756855383515358,0.2058171182870865,0.593189537525177,-0.048227887600660324,0.24728918075561523,0.542328953742981,-0.07594312727451324,0.2787688672542572,0.5726074576377869,-0.08851504325866699,0.2887023985385895,0.6051562428474426,-0.09407535195350647,0.20025144517421722,0.6431867480278015,-0.058576878160238266,0.23965829610824585,0.6318827271461487,-0.08067505806684494,0.2608407735824585,0.6534008383750916,-0.08229723572731018,0.2610583007335663,0.6660345196723938,-0.0842476636171341,0.2029343545436859,0.6992130875587463,-0.0684773325920105,0.24095404148101807,0.6915363669395447,-0.08715972304344177,0.2598719000816345,0.6968735456466675,-0.08194678276777267,0.2624766230583191,0.6993011236190796,-0.07793918997049332,0.2153497040271759,0.7504796981811523,-0.07878614962100983,0.24512913823127747,0.7463212013244629,-0.0888102725148201,0.2633243501186371,0.7401760816574097,-0.08192367851734161,0.26906904578208923,0.7349038124084473,-0.07617948949337006
21,left,0.5856178998947144,0.6878476738929749,-6.007196873270004e-08,0.5772380828857422,0.6266550421714783,-0.006686570588499308,0.5491960644721985,0.5688806176185608,-0.018281614407896996,0.5214341878890991,0.5406952500343323,-0.02828276716172695,0.5037592649459839,0.53318190574646,-0.04006768763065338,0.5514104962348938,0.5634527206420898,-0.04621559754014015,0.5112699866294861,0.5307426452636719,-0.06516343355178833,0.5029188394546509,0.5472026467323303,-0.07201112061738968,0.5112622380256653,0.5673574805259705,-0.07386977225542068,0.5455901622772217,0.6070248484611511,-0.05010610073804855,0.5078713297843933,0.5944317579269409,-0.06535091996192932,0.5027525424957275,0.6084715723991394,-0.06538041681051254,0.5124078989028931,0.6188289523124695,-0.06555388867855072,0.5390757322311401,0.6554732322692871,-0.05243395268917084,0.499062180519104,0.6402660608291626,-0.06578502804040909,0.49612489342689514,0.6474651098251343,-0.05945653095841408,0.5072715282440186,0.6543052196502686,-0.05439694598317146,0.5318235158920288,0.7026414275169373,-0.05386867746710777,0.49677416682243347,0.6871918439865112,-0.06389035284519196,0.4964292347431183,0.6897691488265991,-0.05685213953256607,0.5059500336647034,0.6926833391189575,-0.049846529960632324
22,right,0.20583964884281158,0.676555871963501,2.652211321674258e-07,0.23172864317893982,0.5988544821739197,-0.012404412031173706,0.2537519633769989,0.5447986125946045,-0.029689786955714226,0.26914262771606445,0.5253567695617676,-0.04681772738695145,0.2736646234989166,0.5365434885025024,-0.06439638137817383,0.1959736943244934,0.573192834854126,-0.051751505583524704,0.2167297601699829,0.5448433756828308,-0.07531382143497467,0.2496969997882843,0.558672308921814,-0.08800418674945831,0.2663309872150421,0.5804357528686523,-0.09564954042434692,0.19281400740146637,0.625564455986023,-0.05989822372794151,0.2181020975112915,0.621311366558075,-0.08335743844509125,0.255937784910202,0.6257078647613525,-0.08814578503370285,0.27424919605255127,0.6305950284004211,-0.09287331253290176,0.19831237196922302,0.6763977408409119,-0.06735523045063019,0.2267625778913498,0.6711270213127136,-0.08763983100652695,0.25744205713272095,0.6675702333450317,-0.08414431661367416,0.27257880568504333,0.6659883260726929,-0.08192909508943558,0.2127009928226471,0.7187848687171936,-0.07598068565130234,0.23775140941143036,0.7178744673728943,-0.08820467442274094,0.2605302631855011,0.7103804349899292,-0.08253899961709976,0.27298223972320557,0.7062339186668396,-0.07883008569478989
22,left,0.5822449922561646,0.6494437456130981,9.541351886355187e-08,0.5793124437332153,0.5990733504295349,-0.0062493435107171535,0.5587676167488098,0.5499952435493469,-0.01460136566311121,0.5354254841804504,0.5270872116088867,-0.02472642995417118,0.5142828822135925,0.5220838189125061,-0.03679301589727402,0.5284975171089172,0.5303789973258972,-0.020371779799461365,0.5006639361381531,0.4974317252635956,-0.04035533592104912,0.4963763952255249,0.48812249302864075,-0.05318723991513252,0.5040505528450012,0.49099627137184143,-0.059624794870615005,0.5167234539985657,0.5639539957046509,-0.02786898985505104,0.48606276512145996,0.5444557070732117,-0.05052005872130394,0.5047774314880371,0.5477845072746277,-0.05927222967147827,0.5280665159225464,0.558487594127655,-0.06172076612710953,0.5106114745140076,0.6072020530700684,-0.035879939794540405,0.4750407934188843,0.5884504318237305,-0.05896660313010216,0.4956796169281006,0.5897623300552368,-0.05999932065606117,0.5190034508705139,0.5967641472816467,-0.056300871074199677,0.5087963342666626,0.6559335589408875,-0.04356759041547775,0.4820399880409241,0.6446372270584106,-0.06306681036949158,0.49804961681365967,0.6385374665260315,-0.06308747828006744,0.517170786857605,0.6373162269592285,-0.059177789837121964
23,right,0.21121624112129211,0.6244016289710999,2.626352682000288e-07,0.22738659381866455,0.5519583225250244,-0.01632227562367916,0.2434059977531433,0.5169657468795776,-0.031472645699977875,0.25587424635887146,0.5219426155090332,-0.04592934995889664,0.2561478316783905,0.5502916574478149,-0.05925636366009712,0.1916334182024002,0.5561746954917908,-0.033775486052036285,0.21554183959960938,0.5550735592842102,-0.058652594685554504,0.23807744681835175,0.5609947443008423,-0.07639751583337784,0.24819110333919525,0.576730489730835,-0.08661053329706192,0.18965208530426025,0.610175609588623,-0.03797846660017967,0.23988397419452667,0.6191373467445374,-0.059567321091890335,0.25994759798049927,0.6158954501152039,-0.06730015575885773,0.26248833537101746,0.6177507042884827,-0.07345642894506454,0.1958630383014679,0.6586542725563049,-0.043676625937223434,0.2481251060962677,0.6668421030044556,-0.06240026652812958,0.258600652217865,0.6564556360244751,-0.061370089650154114,0.2524988055229187,0.6496343016624451,-0.05983618274331093,0.20622028410434723,0.6977013945579529,-0.05132120102643967,0.24799853563308716,0.7140035629272461,-0.06265849620103836,0.25126516819000244,0.7044706344604492,-0.05961357802152634,0.24023041129112244,0.6960268616676331,-0.05724897235631943
23,left,0.5724472999572754,0.6265790462493896,-3.68376014137084e-08,0.5676905512809753,0.5693424940109253,-0.011779059655964375,0.5459455251693726,0.5158401131629944,-0.02225421369075775,0.5229892730712891,0.4912322461605072,-0.03349928930401802,0.49817296862602234,0.5023680329322815,-0.04468192905187607,0.5144367218017578,0.5101510882377625,-0.023247813805937767,0.4965771436691284,0.4783523976802826,-0.0514063760638237,0.5022788643836975,0.49566349387168884,-0.06802680343389511,0.5204296708106995,0.527374804019928,-0.07436010986566544,0.5015146136283875,0.5566731691360474,-0.029572106897830963,0.4624541997909546,0.5578628182411194,-0.055583078414201736,0.4828994870185852,0.5657384395599365,-0.06319811940193176,0.5137311220169067,0.5735957026481628,-0.06358572095632553,0.5011652708053589,0.606386661529541,-0.0381602942943573,0.474903404712677,0.6127930879592896,-0.06469262391328812,0.4986917972564697,0.6122970581054688,-0.06485544145107269,0.5250911116600037,0.6099520921707153,-0.059169210493564606,0.5103678107261658,0.6519044637680054,-0.047129739075899124,0.4950423836708069,0.6596247553825378,-0.06707044690847397,0.5125419497489929,0.65371173620224,-0.06579329818487167,0.533419132232666,0.6459185481071472,-0.06013788282871246
24,right,0.20078453421592712,0.6969058513641357,1.7756781289790524e-07,0.22855877876281738,0.602535605430603,-0.009397449903190136,0.2514801025390625,0.5288274884223938,-0.020628591999411583,0.2684532403945923,0.49985796213150024,-0.033208250999450684,0.2773178815841675,0.5217834115028381,-0.044682975858449936,0.19527819752693176,0.54087233543396,-0.027051955461502075,0.2316221296787262,0.5066969394683838,-0.04980987310409546,0.265687495470047,0.526181697845459,-0.06405577808618546,0.2847152650356293,0.5507702231407166,-0.07237177342176437,0.18523943424224854,0.5883822441101074,-0.035329513251781464,0.2348540723323822,0.5895993709564209,-0.055148396641016006,0.2659520208835602,0.598140299320221,-0.0613018199801445,0.27742457389831543,0.6009078025817871,-0.06627490371465683,0.18415744602680206,0.6414808034896851,-0.04487287998199463,0.23535360395908356,0.6490287780761719,-0.0636439174413681,0.26369571685791016,0.6468263864517212,-0.06503207981586456,0.2762851417064667,0.6398094296455383,-0.06518309563398361,0.19204388558864594,0.690855085849762,-0.05563955008983612,0.23392681777477264,0.7011911273002625,-0.06659378111362457,0.2536514401435852,0.6957768201828003,-0.06458540260791779,0.2619560956954956,0.6889844536781311,-0.0625353679060936
24,left,0.5616784691810608,0.6166917085647583,-1.5837958500242166e-08,0.558610200881958,0.5598077178001404,-0.01576242968440056,0.5376802682876587,0.5014744400978088,-0.029274435713887215,0.513896644115448,0.4768076539039612,-0.041376493871212006,0.4903683364391327,0.4920930564403534,-0.05446532741189003,0.5095078349113464,0.5101643204689026,-0.036625590175390244,0.4875234067440033,0.5013167858123779,-0.06690990924835205,0.49312686920166016,0.5064570307731628,-0.08613096177577972,0.5116558074951172,0.5236557722091675,-0.09416573494672775,0.49755948781967163,0.5575190782546997,-0.04042716324329376,0.4627850651741028,0.5603979825973511,-0.07047347724437714,0.4887557625770569,0.5634802579879761,-0.08024590462446213,0.5238447785377502,0.572022557258606,-0.0811319351196289,0.49650728702545166,0.6038727164268494,-0.04549351707100868,0.4671037495136261,0.6080772876739502,-0.0738617554306984,0.4935247004032135,0.6065300107002258,-0.07425757497549057,0.5226419568061829,0.605577826499939,-0.06816581636667252,0.5030682682991028,0.6475706100463867,-0.050975799560546875,0.48576128482818604,0.6526418924331665,-0.0723845362663269,0.5051854848861694,0.6474729180335999,-0.07121884077787399,0.5275208950042725,0.6424035429954529,-0.06545481830835342
25,right,0.20142576098442078,0.6115868091583252,1.9346512658557913e-07,0.22583788633346558,0.5477486252784729,-0.012723538093268871,0.24574711918830872,0.511053204536438,-0.025583604350686073,0.26590752601623535,0.511894702911377,-0.03859418258070946,0.27842095494270325,0.5391952395439148,-0.051612164825201035,0.18983912467956543,0.5573288798332214,-0.032669927924871445,0.20904231071472168,0.5540249943733215,-0.05152938514947891,0.2356840968132019,0.5640510320663452,-0.06529981642961502,0.2502293586730957,0.5786581635475159,-0.07424584776163101,0.1861364096403122,0.6113129258155823,-0.03908025845885277,0.2306830734014511,0.6276933550834656,-0.05740366876125336,0.25789669156074524,0.6279457807540894,-0.06556930392980576,0.2656717002391815,0.6240816712379456,-0.07292187213897705,0.19005750119686127,0.6599466800689697,-0.04553525149822235,0.23619088530540466,0.6774194240570068,-0.06316344439983368,0.257182776927948,0.6712512969970703,-0.06339642405509949,0.26014623045921326,0.6604194045066833,-0.0634201392531395,0.19956976175308228,0.6987557411193848,-0.05330675095319748,0.23508977890014648,0.720791757106781,-0.06335096061229706,0.24934585392475128,0.715973973274231,-0.05813128128647804,0.2499735951423645,0.7080925107002258,-0.054730478674173355
25,left,0.5625339150428772,0.6106184720993042,4.270476949841395e-08,0.5598990321159363,0.5685058236122131,-0.013141267001628876,0.5466310381889343,0.5208131670951843,-0.026341212913393974,0.5295221209526062,0.5020936727523804,-0.039595309644937515,0.5115585327148438,0.5159221887588501,-0.054227687418460846,0.5107623934745789,0.5057302713394165,-0.031182317063212395,0.48832622170448303,0.47345253825187683,-0.059042349457740784,0.49005326628685,0.47324180603027344,-0.0758126750588417,0.5010799765586853,0.48552206158638,-0.08310655504465103,0.49846309423446655,0.5545902848243713,-0.037191011011600494,0.4632300138473511,0.5524176359176636,-0.06502547115087509,0.49310052394866943,0.5603631734848022,-0.07177180051803589,0.5232847332954407,0.567716658115387,-0.07124906778335571,0.4979502558708191,0.6040394902229309,-0.04460357502102852,0.46894335746765137,0.608607828617096,-0.07081318646669388,0.4980798363685608,0.6107593774795532,-0.06609947979450226,0.5232273936271667,0.6116567254066467,-0.057520829141139984,0.5061291456222534,0.6510133743286133,-0.0524626299738884,0.4878780245780945,0.6606228947639465,-0.07077818363904953,0.5101450681686401,0.6557348966598511,-0.06442750990390778,0.5298580527305603,0.6495946049690247,-0.0556860975921154
26,right,0.19221168756484985,0.7133333683013916,1.5107524120594462e-08,0.20834778249263763,0.6201019883155823,-0.004351744893938303,0.23174895346164703,0.5501249432563782,-0.019553642719984055,0.25818490982055664,0.5326087474822998,-0.03663851320743561,0.2741294801235199,0.5578910112380981,-0.0530349463224411,0.19293567538261414,0.5712926983833313,-0.04182234779000282,0.24043254554271698,0.5239291191101074,-0.06666955351829529,0.2706877589225769,0.5494564175605774,-0.07906781882047653,0.2792321741580963,0.5792701244354248,-0.08482088148593903,0.19490203261375427,0.6227321028709412,-0.05293093994259834,0.2446337342262268,0.6100830435752869,-0.0712100937962532,0.26673853397369385,0.621880829334259,-0.0713062435388565,0.2658711373806,0.6256730556488037,-0.07246208190917969,0.2034105658531189,0.6754658222198486,-0.06372606009244919,0.24986422061920166,0.6652215719223022,-0.07593010365962982,0.2651063799858093,0.6611093282699585,-0.06834503263235092,0.26274362206459045,0.6525381803512573,-0.0639091208577156,0.2186392843723297,0.7221202850341797,-0.07547876238822937,0.2542177140712738,0.7127475738525391,-0.07919259369373322,0.26147910952568054,0.7025339007377625,-0.0697023943066597,0.25524452328681946,0.6931695938110352,-0.06325440853834152
26,left,0.572668731212616,0.6858983039855957,-1.9742282120205346e-07,0.5695034861564636,0.6123914122581482,-0.007818602956831455,0.5539919137954712,0.5550450086593628,-0.017065294086933136,0.5300456881523132,0.5377170443534851,-0.0297721978276968,0.5058907270431519,0.5483619570732117,-0.041125666350126266,0.516055703163147,0.5061640739440918,-0.010351227596402168,0.5003424286842346,0.4556710422039032,-0.03615264967083931,0.48875242471694946,0.4682183265686035,-0.05262291803956032,0.4858105778694153,0.4914029836654663,-0.05988635495305061,0.49246129393577576,0.5452238321304321,-0.018219126388430595,0.48775091767311096,0.5288572907447815,-0.04264906421303749,0.5018622875213623,0.549632728099823,-0.049989283084869385,0.5187190771102905,0.5691799521446228,-0.05018690973520279,0.47949305176734924,0.5920772552490234,-0.028578951954841614,0.48418766260147095,0.5850308537483215,-0.04966187849640846,0.5042327046394348,0.599914014339447,-0.047294892370700836,0.5205797553062439,0.6145214438438416,-0.04092259705066681,0.47548171877861023,0.6409419178962708,-0.040615927428007126,0.48787519335746765,0.6414451003074646,-0.05329667404294014,0.5077757239341736,0.6484569311141968,-0.04900399595499039,0.5242542028427124,0.6555483341217041,-0.04174679517745972
27,right,0.1936374008655548,0.6759945750236511,2.1950307882434572e-07,0.2175392210483551,0.6061358451843262,-0.01325142290443182,0.2441791296005249,0.5626569986343384,-0.02904353104531765,0.26571619510650635,0.5575175285339355,-0.0442875474691391,0.2777137756347656,0.5847574472427368,-0.06026194989681244,0.18967080116271973,0.603643536567688,-0.0448099784553051,0.2064867913722992,0.5897621512413025,-0.06834440678358078,0.23183491826057434,0.5974850654602051,-0.0847001001238823,0.24694031476974487,0.6088613867759705,-0.0950973853468895,0.18597054481506348,0.6539188623428345,-0.051429055631160736,0.21585017442703247,0.654792845249176,-0.0727032721042633,0.24681569635868073,0.654756486415863,-0.08044283837080002,0.2632678747177124,0.6534590125083923,-0.08741915225982666,0.19083641469478607,0.7015593647956848,-0.057809460908174515,0.2309756875038147,0.7063558101654053,-0.07897566258907318,0.25803685188293457,0.6996425986289978,-0.08051753044128418,0.26899731159210205,0.6905800104141235,-0.08111507445573807,0.2040732204914093,0.7419528365135193,-0.0652698427438736,0.24331134557724,0.7452077269554138,-0.07895555347204208,0.2624261677265167,0.7395429611206055,-0.07560648769140244,0.2674977779388428,0.7324394583702087,-0.07352429628372192
27,left,0.5757637023925781,0.6925951838493347,-1.0751746515325067e-07,0.5687613487243652,0.6169933080673218,-0.010215718299150467,0.5499874353408813,0.5626354813575745,-0.020559459924697876,0.5254891514778137,0.5418912172317505,-0.03300231695175171,0.5070135593414307,0.5434910655021667,-0.04502541199326515,0.5205748081207275,0.5329559445381165,-0.022754786536097527,0.5082514882087708,0.47269177436828613,-0.051383260637521744,0.4957194924354553,0.4903024435043335,-0.06845401227474213,0.49321430921554565,0.5207952260971069,-0.07561860233545303,0.5043478012084961,0.5722159147262573,-0.028651773929595947,0.4987680912017822,0.5554330348968506,-0.05321720242500305,0.5041851997375488,0.5722947120666504,-0.060743432492017746,0.5153278708457947,0.5886753797531128,-0.0628962591290474,0.49554094672203064,0.6200949549674988,-0.03685768321156502,0.4978032112121582,0.6177865862846375,-0.06002313643693924,0.5061702132225037,0.6289344429969788,-0.061333972960710526,0.5146250128746033,0.6433825492858887,-0.0586271658539772,0.49337413907051086,0.6705811619758606,-0.046167854219675064,0.5058719515800476,0.6725544333457947,-0.06314781308174133,0.5203792452812195,0.6769387125968933,-0.06289225071668625,0.5327565670013428,0.6838579177856445,-0.05899551138281822
28,right,0.2011192888021469,0.6324338912963867,3.0112903459666995e-07,0.21778017282485962,0.5702471733093262,-0.015128071419894695,0.24031604826450348,0.5526857376098633,-0.03465833142399788,0.2653590440750122,0.5781573057174683,-0.05394459888339043,0.2819873094558716,0.620742678642273,-0.07426444441080093,0.19075879454612732,0.5971812605857849,-0.04830797761678696,0.21835710108280182,0.6270298361778259,-0.07910927385091782,0.2434881329536438,0.6373629570007324,-0.10264863818883896,0.25234872102737427,0.6453856229782104,-0.1178402230143547,0.18584494292736053,0.6592276692390442,-0.05686497315764427,0.22446785867214203,0.6874415874481201,-0.08277088403701782,0.2561185359954834,0.6837555170059204,-0.09302154928445816,0.26853111386299133,0.6744877696037292,-0.1016981303691864,0.1896868795156479,0.7117473483085632,-0.06539257615804672,0.23454371094703674,0.736884593963623,-0.0892745703458786,0.25846174359321594,0.7278953790664673,-0.08645273745059967,0.2652798295021057,0.7118176817893982,-0.08361448347568512,0.2019716501235962,0.751672089099884,-0.0757354274392128,0.24115028977394104,0.7761274576187134,-0.09046149253845215,0.25805962085723877,0.7660871744155884,-0.08344922214746475,0.2611534893512726,0.7506588697433472,-0.07857947796583176
28,left,0.5744230151176453,0.6968634128570557,5.086615573191011e-08,0.5653377771377563,0.6258605122566223,-0.019317399710416794,0.5454388856887817,0.5765096545219421,-0.03528232499957085,0.5230709910392761,0.5629587769508362,-0.05235889554023743,0.5093781352043152,0.5704580545425415,-0.06885485351085663,0.5178271532058716,0.5497530102729797,-0.032717667520046234,0.5115206241607666,0.48761647939682007,-0.06854002177715302,0.5021882653236389,0.5019612312316895,-0.08977437019348145,0.5049918293952942,0.533588171005249,-0.09893172979354858,0.5015610456466675,0.596958339214325,-0.037842512130737305,0.48993396759033203,0.5795698165893555,-0.07179251313209534,0.498276948928833,0.5960080027580261,-0.08288450539112091,0.5155072808265686,0.6096742153167725,-0.08501347154378891,0.49652132391929626,0.6488572359085083,-0.04637119919061661,0.49844327569007874,0.6552420854568481,-0.078684501349926,0.5122688412666321,0.6622219681739807,-0.08330254256725311,0.5260857343673706,0.6648501753807068,-0.08055409789085388,0.5013201236724854,0.6985556483268738,-0.056544385850429535,0.5134793519973755,0.7100128531455994,-0.07913478463888168,0.5311620831489563,0.7068092823028564,-0.08131798356771469,0.5474763512611389,0.6995087265968323,-0.07840199768543243
29,right,0.1920388638973236,0.7394735813140869,1.0123509497361738e-07,0.20973658561706543,0.6521414518356323,-0.008380587212741375,0.23634809255599976,0.5807915329933167,-0.024374039843678474,0.2627471387386322,0.5604144334793091,-0.040251873433589935,0.27896735072135925,0.588943362236023,-0.055371955037117004,0.19269594550132751,0.6179965734481812,-0.05182333290576935,0.23054184019565582,0.5702118277549744,-0.07570593804121017,0.2634381651878357,0.5873485803604126,-0.08643943816423416,0.27577194571495056,0.6090834736824036,-0.09218087047338486,0.19125986099243164,0.6675645709037781,-0.06090231239795685,0.2306814193725586,0.6483086943626404,-0.08081471174955368,0.26274654269218445,0.6529646515846252,-0.08152569830417633,0.2703906297683716,0.6547166109085083,-0.0835433229804039,0.1968642622232437,0.7177836298942566,-0.06928707659244537,0.24239125847816467,0.7035983800888062,-0.08622246980667114,0.26985758543014526,0.6951169371604919,-0.08367348462343216,0.27416765689849854,0.6849836111068726,-0.08263655751943588,0.21218274533748627,0.7629303932189941,-0.07829742878675461,0.253002405166626,0.7587894201278687,-0.08799760788679123,0.2668215334415436,0.7491649389266968,-0.08414451032876968,0.2619611918926239,0.7392561435699463,-0.08231386542320251
29,left,0.5757338404655457,0.6853458285331726,-2.4602728743161606e-08,0.5658205151557922,0.6147168278694153,-0.019134076312184334,0.5430762767791748,0.5584261417388916,-0.03231823444366455,0.5172802805900574,0.5323398113250732,-0.045681558549404144,0.49809107184410095,0.5279034376144409,-0.05916307866573334,0.5168757438659668,0.5541101098060608,-0.03353617712855339,0.505975067615509,0.5141345262527466,-0.06593102961778641,0.5052553415298462,0.5314792990684509,-0.08648843318223953,0.5105108618736267,0.5590981245040894,-0.09647402167320251,0.5026621222496033,0.6059038639068604,-0.0377030074596405,0.4910055100917816,0.6003845930099487,-0.06704112887382507,0.4975469708442688,0.6128873825073242,-0.07962894439697266,0.5089556574821472,0.6236370801925659,-0.08544870465993881,0.499949187040329,0.6597331762313843,-0.04463198035955429,0.4975695312023163,0.6683260202407837,-0.07356827706098557,0.5092892050743103,0.6741374731063843,-0.07910450547933578,0.5212205648422241,0.6762266755104065,-0.07904858887195587,0.5071550011634827,0.7092477679252625,-0.05297588184475899,0.5099424123764038,0.7224937677383423,-0.07429886609315872,0.5237412452697754,0.7171841859817505,-0.07722514867782593,0.5383381247520447,0.7068324089050293,-0.07618916779756546
30,right,0.19960913062095642,0.7123825550079346,2.32297864499742e-07,0.21664559841156006,0.6284303665161133,-0.008585922420024872,0.2409728616476059,0.5648971796035767,-0.02503829449415207,0.2645028233528137,0.5465366840362549,-0.04112964868545532,0.2786739468574524,0.5672509670257568,-0.05727851763367653,0.1875056028366089,0.5996053814888,-0.048017121851444244,0.2105611115694046,0.57111656665802,-0.06967931985855103,0.24101433157920837,0.5817359685897827,-0.08183138072490692,0.25106582045555115,0.5978578329086304,-0.08928732573986053,0.18873277306556702,0.6479063034057617,-0.056484442204236984,0.2282669097185135,0.6288467645645142,-0.075288325548172,0.2575075626373291,0.6309316754341125,-0.07853983342647552,0.26135316491127014,0.6354895830154419,-0.08301686495542526,0.19889551401138306,0.6938110589981079,-0.06395092606544495,0.24477967619895935,0.6752294898033142,-0.07798081636428833,0.265145868062973,0.6723961234092712,-0.07331787794828415,0.26184844970703125,0.6717151403427124,-0.07161455601453781,0.21523216366767883,0.7328988313674927,-0.072394460439682,0.2549971640110016,0.7177234888076782,-0.07850632816553116,0.2685741186141968,0.7119349837303162,-0.07167436927556992,0.2641085982322693,0.7111439108848572,-0.06835822761058807
30,left,0.5716421008110046,0.6500058770179749,-2.132255083608925e-08,0.5667057633399963,0.600924015045166,-0.013039147481322289,0.5503566861152649,0.5564351677894592,-0.02552986517548561,0.5288556814193726,0.5399175882339478,-0.03823009878396988,0.5095140933990479,0.5563570261001587,-0.052443694323301315,0.5268070101737976,0.5283452868461609,-0.02932286076247692,0.5077303051948547,0.4825934171676636,-0.0552329421043396,0.4969509243965149,0.49469947814941406,-0.07189162075519562,0.49659591913223267,0.5208438038825989,-0.07950665056705475,0.5155404210090637,0.5697706341743469,-0.03426802158355713,0.4888770580291748,0.5599077939987183,-0.057791125029325485,0.4942989647388458,0.5789746642112732,-0.06560865789651871,0.5098193287849426,0.5955415964126587,-0.06777320802211761,0.5113250017166138,0.6178191304206848,-0.04069562256336212,0.4848666489124298,0.6170220375061035,-0.06277327239513397,0.4949893653392792,0.6270765662193298,-0.0616379976272583,0.5126653909683228,0.6358945965766907,-0.056959666311740875,0.5126078128814697,0.6676703095436096,-0.04768328741192818,0.49422529339790344,0.6751113533973694,-0.06477203965187073,0.5058274269104004,0.6741729378700256,-0.06134416162967682,0.5223163366317749,0.6704857349395752,-0.054969169199466705
31,right,0.2090734988451004,0.5497510433197021,1.667090465673482e-09,0.2139122635126114,0.6138173341751099,-0.013245023787021637,0.22581586241722107,0.6706404089927673,-0.03541559725999832,0.23576322197914124,0.700890302658081,-0.058367468416690826,0.24253417551517487,0.7065049409866333,-0.08296266198158264,0.1990416944026947,0.696491003036499,-0.0536024235188961,0.23091265559196472,0.7303847670555115,-0.08099924772977829,0.245158851146698,0.7169045209884644,-0.09929056465625763,0.2522469758987427,0.7033994793891907,-0.11119914054870605,0.19926846027374268,0.653659462928772,-0.059692129492759705,0.23597796261310577,0.6752041578292847,-0.08367200940847397,0.2479570508003235,0.6707325577735901,-0.09217856079339981,0.2467992603778839,0.6649634838104248,-0.10082802921533585,0.20652461051940918,0.6017541885375977,-0.06499187648296356,0.24331116676330566,0.6121214032173157,-0.08751368522644043,0.25208422541618347,0.6131689548492432,-0.08978284150362015,0.24549686908721924,0.6157805919647217,-0.09125368297100067,0.21773512661457062,0.5473687648773193,-0.07106751203536987,0.24437567591667175,0.5536301732063293,-0.08629728853702545,0.25284579396247864,0.5567210912704468,-0.08561687916517258,0.24768587946891785,0.5619174838066101,-0.08579029887914658
31,left,0.5700013041496277,0.6348553895950317,-3.000278248066479e-09,0.5611240863800049,0.5804104208946228,-0.005179065279662609,0.5460909605026245,0.5297674536705017,-0.01614246889948845,0.527316153049469,0.5062806010246277,-0.028013154864311218,0.5057315230369568,0.5154162049293518,-0.04177866131067276,0.5433431267738342,0.5161316990852356,-0.03320140019059181,0.5146039128303528,0.46596667170524597,-0.05731486529111862,0.49259114265441895,0.4744502902030945,-0.0697140321135521,0.4869576692581177,0.4981328845024109,-0.0746302530169487,0.5358667969703674,0.5593833327293396,-0.04285437613725662,0.47799572348594666,0.5541027188301086,-0.06633877009153366,0.47579020261764526,0.5649601817131042,-0.07133349776268005,0.4942781329154968,0.5697898268699646,-0.07163374871015549,0.5325090885162354,0.6098200082778931,-0.052348196506500244,0.47597551345825195,0.6120070219039917,-0.07641658186912537,0.4814392626285553,0.6160690188407898,-0.07426314800977707,0.5047016739845276,0.6149676442146301,-0.06801773607730865,0.5315209627151489,0.6596192121505737,-0.061193980276584625,0.4930717349052429,0.666059672832489,-0.0809129998087883,0.4980039596557617,0.6626465916633606,-0.07856234163045883,0.5171093940734863,0.6558657884597778,-0.0723877102136612
32,right,0.20625388622283936,0.6776995658874512,1.8007320079505007e-07,0.2319622039794922,0.5911427736282349,-0.010584024712443352,0.25308382511138916,0.5241498947143555,-0.02371159754693508,0.2654353678226471,0.49365946650505066,-0.03702876344323158,0.2661688029766083,0.5047265291213989,-0.049546580761671066,0.19658097624778748,0.5517452955245972,-0.0319601371884346,0.23135243356227875,0.5200202465057373,-0.05158200487494469,0.262246698141098,0.5347798466682434,-0.06350965797901154,0.2771115005016327,0.5569137334823608,-0.07022559642791748,0.19046089053153992,0.6019322276115417,-0.03781552612781525,0.23821763694286346,0.5981363654136658,-0.05357692763209343,0.2694524824619293,0.6027056574821472,-0.05671551823616028,0.28177329897880554,0.6050499677658081,-0.06060817465186119,0.19304099678993225,0.6518431305885315,-0.04425012692809105,0.2436954379081726,0.6516153812408447,-0.05784527212381363,0.2694247364997864,0.6446333527565002,-0.05429639667272568,0.277993381023407,0.6376739144325256,-0.052279070019721985,0.20562449097633362,0.6960164904594421,-0.0519469790160656,0.247002512216568,0.6927486658096313,-0.05737321451306343,0.2657897472381592,0.6812227964401245,-0.050323158502578735,0.27042055130004883,0.672207236289978,-0.04582061246037483
32,left,0.5659287571907043,0.6321276426315308,-1.1580397796251418e-07,0.5533129572868347,0.5652462840080261,-0.004165534861385822,0.5305435657501221,0.5095233917236328,-0.01270622294396162,0.5069103240966797,0.48523858189582825,-0.022113090381026268,0.48609310388565063,0.4931602478027344,-0.03169608116149902,0.5424340963363647,0.5079794526100159,-0.027551153674721718,0.5107638835906982,0.4681995213031769,-0.05197952315211296,0.4935297966003418,0.482890248298645,-0.06446483731269836,0.4967486262321472,0.5122581124305725,-0.06892252713441849,0.5373437404632568,0.5487391948699951,-0.03611356392502785,0.47283056378364563,0.5461222529411316,-0.057169921696186066,0.46557551622390747,0.5571732521057129,-0.06076044216752052,0.48506268858909607,0.5658175945281982,-0.060629140585660934,0.5340421199798584,0.59693843126297,-0.04536058008670807,0.4833689332008362,0.5978136658668518,-0.0683867558836937,0.4755913019180298,0.6000520586967468,-0.06856634467840195,0.4887430667877197,0.6022093892097473,-0.06420629471540451,0.5319132804870605,0.6432428359985352,-0.054036255925893784,0.4990331530570984,0.6444176435470581,-0.07412928342819214,0.4926009774208069,0.6388022899627686,-0.07600683718919754,0.5000518560409546,0.6355889439582825,-0.0730036124587059
33,right,0.22117933630943298,0.6531115174293518,2.041040687572604e-07,0.24189214408397675,0.5742288827896118,-0.01199277676641941,0.2573702931404114,0.5155950784683228,-0.026056360453367233,0.26804763078689575,0.4897727966308594,-0.040432412177324295,0.2778702974319458,0.4849531650543213,-0.05462662875652313,0.2004118710756302,0.5220955610275269,-0.03661366179585457,0.23654088377952576,0.4983772933483124,-0.06103583425283432,0.26997634768486023,0.5121489763259888,-0.07589422166347504,0.28493526577949524,0.5273511409759521,-0.08463985472917557,0.19515608251094818,0.5695116519927979,-0.04376151040196419,0.25152671337127686,0.5653630495071411,-0.06423337012529373,0.28087806701660156,0.5687215924263,-0.06978878378868103,0.28830039501190186,0.5711149573326111,-0.07502042502164841,0.1997673660516739,0.6204954981803894,-0.05191504582762718,0.2554173767566681,0.6169009208679199,-0.07028090953826904,0.27973419427871704,0.61061692237854,-0.06848955899477005,0.2859854996204376,0.6033391952514648,-0.0674932673573494,0.2114439606666565,0.6644492745399475,-0.06125153973698616,0.25593703985214233,0.6626310348510742,-0.07251827418804169,0.2744188606739044,0.6498246192932129,-0.06873074173927307,0.281253457069397,0.6374855041503906,-0.06602869182825089
33,left,0.5614885091781616,0.6215739250183105,-1.5276455656021426e-08,0.5547521710395813,0.5572598576545715,-0.006234246771782637,0.5366352200508118,0.4964408874511719,-0.01470237411558628,0.5168926119804382,0.4707026481628418,-0.023241860792040825,0.49729636311531067,0.48354101181030273,-0.031966377049684525,0.5350273847579956,0.4990525543689728,-0.0319063775241375,0.4890953600406647,0.46799010038375854,-0.055425141006708145,0.4828317165374756,0.4663023352622986,-0.06664855778217316,0.4962455630302429,0.47973906993865967,-0.06973424553871155,0.5322650074958801,0.5370184779167175,-0.03782609477639198,0.4683864116668701,0.539176881313324,-0.0586443729698658,0.46560153365135193,0.5390758514404297,-0.0611688494682312,0.48511308431625366,0.5443222522735596,-0.05997304990887642,0.5307348966598511,0.5831900835037231,-0.04447340965270996,0.4835469722747803,0.5875680446624756,-0.0663338452577591,0.4772844612598419,0.5839167833328247,-0.06756313890218735,0.48814308643341064,0.5857941508293152,-0.06393677741289139,0.5297108888626099,0.6281614303588867,-0.05089544877409935,0.5019439458847046,0.6315945386886597,-0.07039130479097366,0.4967677593231201,0.6221245527267456,-0.07485518604516983,0.5011104345321655,0.617738664150238,-0.07386057078838348
34,right,0.24014988541603088,0.6255703568458557,2.0093021646516718e-07,0.2602110803127289,0.555901288986206,-0.012781595811247826,0.26895463466644287,0.5014370083808899,-0.025846881791949272,0.2687491476535797,0.47449958324432373,-0.03925267234444618,0.2674252390861511,0.4620245099067688,-0.05284193530678749,0.21358627080917358,0.5047206282615662,-0.03375765308737755,0.22085729241371155,0.48577284812927246,-0.06088165566325188,0.23884686827659607,0.484652042388916,-0.0793277695775032,0.24961481988430023,0.4912388026714325,-0.08972115069627762,0.20531733334064484,0.5439630746841431,-0.04055985435843468,0.2565462291240692,0.5411078333854675,-0.06541511416435242,0.278815358877182,0.5429760217666626,-0.07309117168188095,0.2844422459602356,0.5467278361320496,-0.07710979133844376,0.20837818086147308,0.5913897156715393,-0.048905592411756516,0.2637953460216522,0.5933490991592407,-0.07121676206588745,0.2790961265563965,0.5914684534072876,-0.06973306834697723,0.27921679615974426,0.589881420135498,-0.06657435745000839,0.21719567477703094,0.6355932950973511,-0.05867189168930054,0.25837966799736023,0.6395248770713806,-0.07359418272972107,0.2703140079975128,0.6326638460159302,-0.07103534787893295,0.2717270851135254,0.6254456639289856,-0.0672641173005104
34,left,0.5637353658676147,0.6190451383590698,-1.2106907831821445e-07,0.5530451536178589,0.5525858402252197,-0.004331658594310284,0.5329712629318237,0.49312373995780945,-0.013624451123178005,0.5101412534713745,0.46311667561531067,-0.022815218195319176,0.49131640791893005,0.4707179665565491,-0.03300147503614426,0.5525867342948914,0.49272942543029785,-0.03489556163549423,0.5171284675598145,0.4502655863761902,-0.05808877572417259,0.48579496145248413,0.45675984025001526,-0.06924586743116379,0.4763883054256439,0.4758308231830597,-0.0737566351890564,0.5506791472434998,0.5295493602752686,-0.04286802560091019,0.48768308758735657,0.5142518281936646,-0.06317075341939926,0.46607446670532227,0.5257379412651062,-0.06489061564207077,0.47586777806282043,0.5338871479034424,-0.06442072987556458,0.5447207689285278,0.5751938223838806,-0.05084209889173508,0.49097180366516113,0.5634456276893616,-0.072445347905159,0.47273555397987366,0.5662294626235962,-0.07195141911506653,0.48142945766448975,0.5696101784706116,-0.06802821904420853,0.5354316234588623,0.6211034059524536,-0.058239325881004333,0.49887070059776306,0.6126952767372131,-0.07804321497678757,0.4871061444282532,0.606052577495575,-0.08078914135694504,0.49362167716026306,0.6031784415245056,-0.07913953810930252
35,right,0.2387305349111557,0.60344398021698,1.747220466086219e-07,0.2565971314907074,0.5249150395393372,-0.01835431531071663,0.26537394523620605,0.46890494227409363,-0.03230464830994606,0.26980718970298767,0.458026647567749,-0.045291125774383545,0.27529627084732056,0.4722933769226074,-0.05633478984236717,0.2089037448167801,0.4767308831214905,-0.03549516201019287,0.2364320009946823,0.4709426760673523,-0.06313693523406982,0.2696620225906372,0.48369738459587097,-0.07714258134365082,0.2821680009365082,0.4949217438697815,-0.08324410021305084,0.20066247880458832,0.524807870388031,-0.03952179476618767,0.2606984078884125,0.5259071588516235,-0.0641084760427475,0.29140323400497437,0.5317784547805786,-0.06706780195236206,0.2943180501461029,0.5345126986503601,-0.06613713502883911,0.2056160271167755,0.5778726935386658,-0.046021390706300735,0.2719191610813141,0.5808084011077881,-0.06939319521188736,0.2948286831378937,0.5736866593360901,-0.0651359036564827,0.29209646582603455,0.5666379332542419,-0.05777879059314728,0.21792101860046387,0.623133659362793,-0.054385777562856674,0.26610442996025085,0.6237385272979736,-0.06782379746437073,0.28022778034210205,0.6134743690490723,-0.06273027509450912,0.2782525420188904,0.6052282452583313,-0.055826179683208466
35,left,0.5539407730102539,0.6067339777946472,-2.1278729889218084e-07,0.5435805320739746,0.5433046817779541,-0.007228669244796038,0.5226455926895142,0.4832012951374054,-0.014056365936994553,0.49837493896484375,0.4572843015193939,-0.020184680819511414,0.4801705479621887,0.46125108003616333,-0.026282016187906265,0.5468335747718811,0.47086861729621887,-0.033393826335668564,0.5144594311714172,0.4344409108161926,-0.05357836186885834,0.4758242666721344,0.44762083888053894,-0.05978637933731079,0.4647506773471832,0.469753235578537,-0.06099569797515869,0.5486341118812561,0.507500946521759,-0.038084279745817184,0.48881423473358154,0.49850666522979736,-0.05789165571331978,0.4597831964492798,0.5107142329216003,-0.05605176463723183,0.46639060974121094,0.5227586627006531,-0.051735326647758484,0.5433911681175232,0.5546210408210754,-0.043475933372974396,0.49099525809288025,0.5537689924240112,-0.06576037406921387,0.4691601097583771,0.5546404719352722,-0.06511989235877991,0.47611910104751587,0.5572329163551331,-0.05979632958769798,0.5351924896240234,0.6005666851997375,-0.048553336411714554,0.5011688470840454,0.6037750840187073,-0.07305221259593964,0.4891081154346466,0.59544837474823,-0.08048407733440399,0.49572858214378357,0.5925465822219849,-0.0804193913936615
36,right,0.2487042248249054,0.5874279737472534,-9.255738575575378e-08,0.2513221502304077,0.5413451790809631,-0.009066871367394924,0.2505643665790558,0.5120254755020142,-0.020425815135240555,0.2493201196193695,0.5026034116744995,-0.03260299190878868,0.25188401341438293,0.5077784657478333,-0.04549965262413025,0.2185869961977005,0.5113636255264282,-0.02718409150838852,0.2308334857225418,0.5048942565917969,-0.049157656729221344,0.23768308758735657,0.5146578550338745,-0.06579343974590302,0.24201641976833344,0.5252505540847778,-0.07615254074335098,0.2155287116765976,0.5464745163917542,-0.033395517617464066,0.2588357925415039,0.5567330121994019,-0.051688045263290405,0.26633331179618835,0.5704165101051331,-0.057819295674562454,0.2661111056804657,0.5788708329200745,-0.06225910782814026,0.22040905058383942,0.5845811367034912,-0.0403200164437294,0.2661667466163635,0.5990234017372131,-0.05553761124610901,0.2685586214065552,0.6060819029808044,-0.054010920226573944,0.26311445236206055,0.60882967710495,-0.05272379517555237,0.229536771774292,0.6211863160133362,-0.04865024983882904,0.26629555225372314,0.6387284994125366,-0.05858311429619789,0.2706771194934845,0.6416074633598328,-0.05540471896529198,0.2666758596897125,0.6397956013679504,-0.05233278125524521
36,left,0.5616763234138489,0.6246170997619629,-2.1655566229128453e-07,0.5526281595230103,0.556487500667572,-0.00810216460376978,0.5325178503990173,0.4976651668548584,-0.018467003479599953,0.5093254446983337,0.4716905951499939,-0.029290029779076576,0.4945579469203949,0.4821043312549591,-0.04034734144806862,0.552510142326355,0.492311030626297,-0.029891707003116608,0.5117380619049072,0.453288733959198,-0.05477774143218994,0.4841960072517395,0.46548992395401,-0.06641187518835068,0.4809366762638092,0.48205578327178955,-0.07094115763902664,0.5525524020195007,0.5314691066741943,-0.03633241727948189,0.4963470995426178,0.5098202228546143,-0.05747195705771446,0.4735371172428131,0.5192468762397766,-0.060182224959135056,0.47690314054489136,0.5251635909080505,-0.06002473458647728,0.54656583070755,0.5770368576049805,-0.044046103954315186,0.49953749775886536,0.5675289630889893,-0.06567507237195969,0.47869259119033813,0.5659074783325195,-0.0663733184337616,0.4787120819091797,0.5614318251609802,-0.06323859840631485,0.5359617471694946,0.6216486692428589,-0.05184131860733032,0.503384530544281,0.6123295426368713,-0.0687234103679657,0.4896213412284851,0.6034526824951172,-0.07057592272758484,0.48814889788627625,0.597975492477417,-0.06879536062479019
