0.7164789438247681,0.7437475919723511,-0.25338298082351685,0.29271847009658813,0.6257015466690063,-0.3349180519580841
0.7166721820831299,0.7429488897323608,-0.2500292658805847,0.2931348979473114,0.6230958104133606,-0.34021127223968506
0.7175577878952026,0.743507981300354,-0.2516678273677826,0.29326921701431274,0.6237743496894836,-0.3287569582462311
0.7175531983375549,0.7446767091751099,-0.25026026368141174,0.29322341084480286,0.6243011355400085,-0.33283156156539917
0.7169831991195679,0.7457812428474426,-0.23948326706886292,0.2930065393447876,0.6253051161766052,-0.33370131254196167
0.716214656829834,0.7472236156463623,-0.23958325386047363,0.29297059774398804,0.6257203817367554,-0.33535119891166687
0.7158328294754028,0.7468527555465698,-0.22792544960975647,0.2929147183895111,0.6260135769844055,-0.33586087822914124
0.715410590171814,0.7467436194419861,-0.21793243288993835,0.2929508090019226,0.6261911392211914,-0.33765918016433716
0.7153468132019043,0.7466481924057007,-0.22106163203716278,0.2935773730278015,0.6260012984275818,-0.32565122842788696
0.7152888774871826,0.7467638254165649,-0.22296762466430664,0.29429104924201965,0.626109778881073,-0.32814353704452515
0.7152844667434692,0.7467721700668335,-0.22445297241210938,0.295768678188324,0.6266825795173645,-0.31929102540016174
0.7154467105865479,0.7467633485794067,-0.2245618849992752,0.29663795232772827,0.626966118812561,-0.325975239276886
0.7156583666801453,0.746059238910675,-0.22590112686157227,0.3002999722957611,0.627051055431366,-0.32701510190963745
0.715766191482544,0.7457954287528992,-0.22618064284324646,0.3029664158821106,0.626970648765564,-0.3020986318588257
0.7161738872528076,0.7452036142349243,-0.22553884983062744,0.30331000685691833,0.6270164847373962,-0.30574074387550354
0.7163183689117432,0.7444665431976318,-0.22269901633262634,0.3043115735054016,0.6270445585250854,-0.3079835772514343
0.7167419791221619,0.7446689009666443,-0.2094881534576416,0.30448657274246216,0.6271875500679016,-0.32371288537979126
0.7171144485473633,0.7446394562721252,-0.20442846417427063,0.3063640594482422,0.6278419494628906,-0.3236943185329437
0.7171340584754944,0.7447505593299866,-0.19233044981956482,0.30669718980789185,0.6305398941040039,-0.3264181911945343
0.7173098921775818,0.7450796961784363,-0.19113513827323914,0.30686503648757935,0.631749153137207,-0.3379819989204407
0.7173478007316589,0.7450042366981506,-0.19350354373455048,0.30672794580459595,0.6311716437339783,-0.33782467246055603
0.7173782587051392,0.7448359727859497,-0.19696137309074402,0.30605292320251465,0.6311708092689514,-0.34506186842918396
0.7173435091972351,0.7448376417160034,-0.2055734097957611,0.3019945025444031,0.6312779188156128,-0.3556120991706848
0.7173526287078857,0.744841992855072,-0.20840732753276825,0.3004865050315857,0.631280243396759,-0.3685246407985687
0.7174742817878723,0.7444829344749451,-0.21083354949951172,0.300964891910553,0.6314099431037903,-0.3716561198234558
0.7178115248680115,0.744389533996582,-0.22401905059814453,0.3010348677635193,0.6318506598472595,-0.37101393938064575
0.7182544469833374,0.7443739175796509,-0.23151841759681702,0.30143439769744873,0.632341206073761,-0.3687794506549835
0.7187116742134094,0.7444840669631958,-0.23093657195568085,0.3018800914287567,0.634389340877533,-0.37989187240600586
0.7187830209732056,0.7449839115142822,-0.2262238711118698,0.3017605245113373,0.6385894417762756,-0.3880958557128906
0.7188948392868042,0.7465851902961731,-0.22723892331123352,0.3006106913089752,0.6409825682640076,-0.39427807927131653
0.7190569043159485,0.7474391460418701,-0.22708623111248016,0.2970981001853943,0.6433360576629639,-0.4306398928165436
0.7190775275230408,0.7481223344802856,-0.22975464165210724,0.2942258417606354,0.6443964242935181,-0.42709749937057495
0.7191606760025024,0.7490494251251221,-0.22682109475135803,0.29298287630081177,0.6451162099838257,-0.42093905806541443
0.7191830277442932,0.7513046860694885,-0.23538939654827118,0.29121336340904236,0.6450966596603394,-0.4171971380710602
0.7191565036773682,0.7530154585838318,-0.23510722815990448,0.2899399399757385,0.6450472474098206,-0.41017404198646545
0.7188657522201538,0.7536062598228455,-0.23593869805335999,0.28959226608276367,0.6447057127952576,-0.41122502088546753
