1,right,0,0,0,0,0,0,0,0,0,0,0,0,0,0,0,0,0,0,0,0,0,0,0,0,0,0,0,0,0,0,0,0,0,0,0,0,0,0,0,0,0,0,0,0,0,0,0,0,0,0,0,0,0,0,0,0,0,0,0,0,0,0,0
1,left,0,0,0,0,0,0,0,0,0,0,0,0,0,0,0,0,0,0,0,0,0,0,0,0,0,0,0,0,0,0,0,0,0,0,0,0,0,0,0,0,0,0,0,0,0,0,0,0,0,0,0,0,0,0,0,0,0,0,0,0,0,0,0
2,right,0,0,0,0,0,0,0,0,0,0,0,0,0,0,0,0,0,0,0,0,0,0,0,0,0,0,0,0,0,0,0,0,0,0,0,0,0,0,0,0,0,0,0,0,0,0,0,0,0,0,0,0,0,0,0,0,0,0,0,0,0,0,0
2,left,0,0,0,0,0,0,0,0,0,0,0,0,0,0,0,0,0,0,0,0,0,0,0,0,0,0,0,0,0,0,0,0,0,0,0,0,0,0,0,0,0,0,0,0,0,0,0,0,0,0,0,0,0,0,0,0,0,0,0,0,0,0,0
3,right,0,0,0,0,0,0,0,0,0,0,0,0,0,0,0,0,0,0,0,0,0,0,0,0,0,0,0,0,0,0,0,0,0,0,0,0,0,0,0,0,0,0,0,0,0,0,0,0,0,0,0,0,0,0,0,0,0,0,0,0,0,0,0
3,left,0,0,0,0,0,0,0,0,0,0,0,0,0,0,0,0,0,0,0,0,0,0,0,0,0,0,0,0,0,0,0,0,0,0,0,0,0,0,0,0,0,0,0,0,0,0,0,0,0,0,0,0,0,0,0,0,0,0,0,0,0,0,0
4,right,0.3814675211906433,0.731240451335907,4.302327454297483e-07,0.3661434054374695,0.6801437139511108,-0.04537641629576683,0.37980353832244873,0.6242436170578003,-0.08599553257226944,0.4049627482891083,0.587347149848938,-0.11185946315526962,0.42741626501083374,0.543302059173584,-0.13667036592960358,0.354305237531662,0.6811901926994324,-0.1481754183769226,0.3984702527523041,0.6129209995269775,-0.1878461092710495,0.41810399293899536,0.574489414691925,-0.19837535917758942,0.42913421988487244,0.5469759702682495,-0.20053702592849731,0.381814569234848,0.716385006904602,-0.1353788822889328,0.42485150694847107,0.6148000359535217,-0.16993533074855804,0.43046852946281433,0.5678108930587769,-0.16120921075344086,0.4295761287212372,0.542393684387207,-0.1534370630979538,0.412182092666626,0.7322986721992493,-0.11939762532711029,0.4463440477848053,0.6302083134651184,-0.14031974971294403,0.4339735209941864,0.615267276763916,-0.11605192720890045,0.42171233892440796,0.6220057606697083,-0.09794247150421143,0.4396049976348877,0.7342474460601807,-0.10620494931936264,0.45729386806488037,0.6566832661628723,-0.11438309401273727,0.4453272223472595,0.6410090327262878,-0.09864294528961182,0.43733227252960205,0.6491934061050415,-0.08752163499593735
4,left,0.6549656391143799,0.5911954641342163,-1.2100566770811838e-08,0.6142910122871399,0.5670256018638611,-0.01206452026963234,0.5698886513710022,0.5611403584480286,-0.032194264233112335,0.5475943088531494,0.584138810634613,-0.05108616128563881,0.5508029460906982,0.6144059896469116,-0.07274871319532394,0.5798384547233582,0.4995113015174866,-0.05122174695134163,0.5440618395805359,0.4825262427330017,-0.07714344561100006,0.5153450965881348,0.4741421937942505,-0.09302368015050888,0.4914610683917999,0.4656979441642761,-0.10512731224298477,0.6007510423660278,0.5112645626068115,-0.05841750651597977,0.5484800934791565,0.5704253911972046,-0.08399961143732071,0.5518258213996887,0.6078288555145264,-0.0855899229645729,0.5609069466590881,0.6168178915977478,-0.08650387823581696,0.6214895248413086,0.540816605091095,-0.06540315598249435,0.5718314051628113,0.6026554703712463,-0.08880989998579025,0.5817375183105469,0.6163718700408936,-0.0796743631362915,0.5982155799865723,0.6069676280021667,-0.07136291265487671,0.6371757984161377,0.5740863680839539,-0.07287469506263733,0.5901679992675781,0.6192238926887512,-0.0917392373085022,0.597091555595398,0.6290302872657776,-0.08595937490463257,0.6125234961509705,0.6195095777511597,-0.07972612977027893
5,right,0.38066691160202026,0.6830125451087952,8.581098143167765e-08,0.3667188286781311,0.628247082233429,-0.02095627598464489,0.38451260328292847,0.5624746680259705,-0.03721548616886139,0.41327008605003357,0.5097541809082031,-0.045844193547964096,0.424054890871048,0.46173959970474243,-0.05265813320875168,0.3712427020072937,0.620754063129425,-0.0754658654332161,0.4148358106613159,0.5404746532440186,-0.09463825821876526,0.43635034561157227,0.5003796815872192,-0.09427299350500107,0.45307064056396484,0.47305211424827576,-0.09117727726697922,0.3988146483898163,0.6510037183761597,-0.07168402522802353,0.43860021233558655,0.5468751192092896,-0.0946463868021965,0.42839789390563965,0.5322648882865906,-0.08603382110595703,0.417911559343338,0.5435985326766968,-0.07589265704154968,0.42550528049468994,0.6663858890533447,-0.06571806222200394,0.45752158761024475,0.5693637728691101,-0.080746129155159,0.44254130125045776,0.5585376620292664,-0.06322737783193588,0.43212762475013733,0.5685185790061951,-0.04792243242263794,0.44854992628097534,0.6722646951675415,-0.060968052595853806,0.46800678968429565,0.5951606631278992,-0.06596322357654572,0.4543658494949341,0.5826760530471802,-0.0537797287106514,0.4451195001602173,0.5916406512260437,-0.044024646282196045
5,left,0.6279991269111633,0.5417543053627014,-8.573555021484935e-08,0.5868505835533142,0.5313974618911743,-0.004089941270649433,0.550183117389679,0.5255036950111389,-0.017306575551629066,0.5251755118370056,0.5407626628875732,-0.03164217993617058,0.5203263759613037,0.5574801564216614,-0.04738466069102287,0.5557152628898621,0.45411917567253113,-0.02671005390584469,0.5172045826911926,0.4405554533004761,-0.044429853558540344,0.4891384541988373,0.42984306812286377,-0.05419354885816574,0.46654805541038513,0.4194522798061371,-0.06255932152271271,0.5746333003044128,0.4606859087944031,-0.035590749233961105,0.5257849097251892,0.5234501361846924,-0.05585825815796852,0.5401276350021362,0.5499798059463501,-0.05451929569244385,0.5545773506164551,0.5437954664230347,-0.05257793143391609,0.5923701524734497,0.48412492871284485,-0.04472852498292923,0.544874906539917,0.546023964881897,-0.06289099156856537,0.5572406053543091,0.5617425441741943,-0.05195818468928337,0.5701107382774353,0.550076425075531,-0.042917631566524506,0.6069492697715759,0.5138070583343506,-0.05439004302024841,0.5660951733589172,0.5607408285140991,-0.0680808499455452,0.5725278258323669,0.5751920342445374,-0.06147342175245285,0.5836737155914307,0.5669625401496887,-0.05490436404943466
6,right,0.3836821913719177,0.674933910369873,4.848127233003652e-08,0.3690715730190277,0.6240692138671875,-0.024395756423473358,0.3853689134120941,0.5574624538421631,-0.041168030351400375,0.4136625826358795,0.5066765546798706,-0.04881834238767624,0.42472681403160095,0.4606088697910309,-0.05517604202032089,0.37252458930015564,0.6219916939735413,-0.08284758031368256,0.4129737615585327,0.5397319793701172,-0.10429427772760391,0.4365552067756653,0.5006157755851746,-0.10556819289922714,0.45537006855010986,0.47289663553237915,-0.10395602136850357,0.4022953510284424,0.6498624682426453,-0.07664354145526886,0.43989843130111694,0.543658971786499,-0.10053914785385132,0.4264371693134308,0.5385265350341797,-0.09123394638299942,0.41543182730674744,0.5572836399078369,-0.08081227540969849,0.43015703558921814,0.6620293855667114,-0.06849364191293716,0.459673136472702,0.5634153485298157,-0.08527164906263351,0.4421047568321228,0.5608554482460022,-0.0682097002863884,0.4315187335014343,0.5790634155273438,-0.053332678973674774,0.4542328119277954,0.6622706055641174,-0.06160229071974754,0.471402108669281,0.5857275128364563,-0.07090703397989273,0.4564860761165619,0.5803194046020508,-0.06142907589673996,0.4476856291294098,0.5963634848594666,-0.053497668355703354
6,left,0.6301006078720093,0.5573351979255676,-9.063903405603924e-08,0.585915207862854,0.5444755554199219,-0.0021093860268592834,0.5471261739730835,0.5429527759552002,-0.013952774927020073,0.5185670256614685,0.5693147778511047,-0.028185658156871796,0.5082671642303467,0.5959146618843079,-0.04417186975479126,0.5342905521392822,0.48514896631240845,-0.021146932616829872,0.49411076307296753,0.4731745421886444,-0.03791991248726845,0.46556714177131653,0.459105908870697,-0.04921375587582588,0.44227734208106995,0.4449872076511383,-0.058971285820007324,0.5517973899841309,0.4904613196849823,-0.03093891777098179,0.5067874193191528,0.5638068318367004,-0.05289828032255173,0.5173619389533997,0.590668261051178,-0.05613522231578827,0.5309501886367798,0.5881226658821106,-0.056997913867235184,0.5707522630691528,0.5115291476249695,-0.040877219289541245,0.52849280834198,0.5860505104064941,-0.05768634006381035,0.5422268509864807,0.5956173539161682,-0.051760438829660416,0.5561286211013794,0.5808206796646118,-0.04646453633904457,0.5891769528388977,0.5371702909469604,-0.051529835909605026,0.5514318943023682,0.5949077010154724,-0.06322868168354034,0.5564554333686829,0.6067948341369629,-0.05916311964392662,0.566246509552002,0.5990545749664307,-0.05454834923148155
7,right,0.38706380128860474,0.6802019476890564,-2.370371632309798e-08,0.3745357096195221,0.6328660249710083,-0.02420555241405964,0.39011505246162415,0.5700935125350952,-0.04168964549899101,0.416608601808548,0.523958683013916,-0.050224803388118744,0.427944153547287,0.48167601227760315,-0.05782923847436905,0.3739742040634155,0.6388205885887146,-0.08527377247810364,0.4132167398929596,0.5577117204666138,-0.1073395386338234,0.43470561504364014,0.5175721049308777,-0.10949774831533432,0.4519425928592682,0.4882392883300781,-0.10932644456624985,0.40312880277633667,0.667205810546875,-0.07878890633583069,0.4409617483615875,0.5597817897796631,-0.10283362865447998,0.428459107875824,0.5593660473823547,-0.0932874009013176,0.4178299903869629,0.5809743404388428,-0.083573117852211,0.4307428002357483,0.6798580884933472,-0.0703711286187172,0.4600852131843567,0.5778821110725403,-0.087786965072155,0.44639813899993896,0.581152617931366,-0.07092656195163727,0.4377809166908264,0.6034685373306274,-0.05686351656913757,0.45452335476875305,0.6792266368865967,-0.0630996823310852,0.47207504510879517,0.6008907556533813,-0.07483475655317307,0.4607301950454712,0.5999998450279236,-0.0673404112458229,0.4542882442474365,0.6200008392333984,-0.06123090535402298
7,left,0.6210930347442627,0.558778703212738,-4.8835573807082255e-08,0.5733699202537537,0.5478854775428772,-0.0057830424048006535,0.5322340130805969,0.5441339015960693,-0.019638968631625175,0.5061766505241394,0.5631104707717896,-0.034684304147958755,0.5062404870986938,0.5846128463745117,-0.05070232227444649,0.5306740403175354,0.46959188580513,-0.025482991710305214,0.4914368987083435,0.4595463275909424,-0.04485141485929489,0.46482694149017334,0.4487954080104828,-0.05633994936943054,0.4422384202480316,0.43486085534095764,-0.06587255746126175,0.5505968332290649,0.47315722703933716,-0.03405267372727394,0.5073269605636597,0.5478195548057556,-0.05824090167880058,0.5221918821334839,0.5753593444824219,-0.05969107151031494,0.5352011919021606,0.5675637722015381,-0.05920340120792389,0.5708586573600769,0.4954996109008789,-0.0433010570704937,0.529906690120697,0.5686163902282715,-0.0653076246380806,0.5416829586029053,0.5858427882194519,-0.05730069428682327,0.5528615713119507,0.5729367733001709,-0.04895784333348274,0.5880455374717712,0.5245178937911987,-0.053199365735054016,0.5505405068397522,0.5776413679122925,-0.06830581277608871,0.5537384748458862,0.5942524075508118,-0.06405599415302277,0.5607221126556396,0.5890699625015259,-0.058812402188777924
8,right,0.38796108961105347,0.6840359568595886,-7.22328508118153e-08,0.3722851872444153,0.6388442516326904,-0.029704339802265167,0.38748547434806824,0.5750219821929932,-0.05094089359045029,0.4123196601867676,0.5262061953544617,-0.06133416295051575,0.42413607239723206,0.48169541358947754,-0.07105350494384766,0.3743515610694885,0.6391953825950623,-0.09914029389619827,0.415007621049881,0.5566819310188293,-0.12593571841716766,0.43645355105400085,0.5138664841651917,-0.13053090870380402,0.4533701539039612,0.48192542791366577,-0.13190165162086487,0.4055950939655304,0.6644449234008789,-0.0887610986828804,0.44017499685287476,0.5618284344673157,-0.11281278729438782,0.4257865846157074,0.5650384426116943,-0.10046299546957016,0.41461434960365295,0.5898400545120239,-0.09029325842857361,0.4334476888179779,0.6754581928253174,-0.07684127241373062,0.459172785282135,0.5782819390296936,-0.09606993943452835,0.4439707100391388,0.5844204425811768,-0.07933607697486877,0.434935986995697,0.6089098453521729,-0.06647096574306488,0.4570777714252472,0.6745174527168274,-0.0660182312130928,0.4728125035762787,0.598555862903595,-0.08142800629138947,0.4599834084510803,0.6002108454704285,-0.07584509998559952,0.45180651545524597,0.6216142177581787,-0.07149150967597961
8,left,0.6234140992164612,0.5697991847991943,-1.4073657439439557e-07,0.5742591023445129,0.5611357092857361,0.0004188613092992455,0.534261167049408,0.5641626119613647,-0.01097190286964178,0.5093595385551453,0.5917336940765381,-0.0251336470246315,0.5018082857131958,0.6196076273918152,-0.04107954353094101,0.5212730765342712,0.5006696581840515,-0.020559586584568024,0.47947749495506287,0.49680688977241516,-0.03498929738998413,0.45191892981529236,0.49021801352500916,-0.04375053197145462,0.4296993017196655,0.48092466592788696,-0.05184521526098251,0.5402544140815735,0.5025803446769714,-0.03172232583165169,0.49874523282051086,0.5846624970436096,-0.051074184477329254,0.5086855292320251,0.611050546169281,-0.05343364179134369,0.5217720866203308,0.6074029207229614,-0.05474986881017685,0.561109185218811,0.5223463177680969,-0.04256558045744896,0.5224312543869019,0.605501651763916,-0.05724847689270973,0.5344530940055847,0.6161415576934814,-0.051693812012672424,0.5471363067626953,0.6015650629997253,-0.04768889769911766,0.5799638628959656,0.5476861000061035,-0.053876351565122604,0.5449820756912231,0.6112287640571594,-0.06458695232868195,0.5505556464195251,0.6225943565368652,-0.06110602989792824,0.5609539151191711,0.613132119178772,-0.05747990682721138
9,right,0.38481149077415466,0.6885720491409302,-2.0403202682928168e-08,0.36996129155158997,0.6440417766571045,-0.027793921530246735,0.3850284814834595,0.5786994099617004,-0.04797140508890152,0.4113645553588867,0.5297040343284607,-0.05752164497971535,0.42170411348342896,0.4846698045730591,-0.06650734692811966,0.3714355230331421,0.6461830139160156,-0.09776777029037476,0.412396639585495,0.5643191337585449,-0.12486038357019424,0.43460360169410706,0.522064745426178,-0.13016289472579956,0.4520697593688965,0.4900584816932678,-0.13170096278190613,0.4029044806957245,0.6718148589134216,-0.08844182640314102,0.43849724531173706,0.567014217376709,-0.11232178658246994,0.42472025752067566,0.5702771544456482,-0.099786676466465,0.4138036370277405,0.5959240198135376,-0.08891946077346802,0.43039005994796753,0.6827674508094788,-0.07735756039619446,0.45775243639945984,0.5837335586547852,-0.09638234227895737,0.4429680407047272,0.5888729691505432,-0.07895278930664062,0.43392738699913025,0.6134280562400818,-0.06493654102087021,0.4540335237979889,0.6814858913421631,-0.06716221570968628,0.47011637687683105,0.6053923964500427,-0.0814458429813385,0.45800065994262695,0.6063444018363953,-0.07441888004541397,0.4504910111427307,0.6274559497833252,-0.06877599656581879
9,left,0.6183961033821106,0.5705034732818604,-7.90568535080638e-08,0.5670436024665833,0.5631900429725647,-0.00445446977391839,0.5256141424179077,0.5598998665809631,-0.01925385184586048,0.49961695075035095,0.5779314041137695,-0.03601828217506409,0.5017284154891968,0.5941123366355896,-0.053780656307935715,0.5232535600662231,0.48150670528411865,-0.02455759607255459,0.4851953983306885,0.47269922494888306,-0.04455230385065079,0.459052711725235,0.4618515372276306,-0.05596936494112015,0.4372492730617523,0.4482917785644531,-0.06533806025981903,0.5441266298294067,0.4825480580329895,-0.0341302752494812,0.5006223320960999,0.5611498355865479,-0.05876275524497032,0.5168541073799133,0.5906676650047302,-0.0592544861137867,0.5297815799713135,0.5833788514137268,-0.05785974860191345,0.5650966763496399,0.5023378133773804,-0.044457174837589264,0.5244631767272949,0.5800822973251343,-0.0662684515118599,0.5374556183815002,0.5974518060684204,-0.05704537406563759,0.5488771200180054,0.5843425989151001,-0.04787742346525192,0.5828260183334351,0.5291901230812073,-0.055518053472042084,0.546212375164032,0.5852423310279846,-0.07011003792285919,0.5483720898628235,0.6052640676498413,-0.06547989696264267,0.5543398857116699,0.6036639213562012,-0.06003618612885475
10,right,0.38526299595832825,0.6909928321838379,-5.269959402198765e-08,0.3697754144668579,0.6461474895477295,-0.03107309900224209,0.38298287987709045,0.5843719244003296,-0.05373970791697502,0.4069441258907318,0.5365354418754578,-0.06510355323553085,0.418612539768219,0.49166199564933777,-0.07600674033164978,0.3715416491031647,0.6530091762542725,-0.10367931425571442,0.4108090400695801,0.5711239576339722,-0.1319245845079422,0.43199044466018677,0.527938723564148,-0.13766083121299744,0.449004203081131,0.4950331449508667,-0.1396501660346985,0.40344542264938354,0.6784768104553223,-0.0928201973438263,0.43678709864616394,0.5725554823875427,-0.11682683229446411,0.42362117767333984,0.5763483643531799,-0.10422728210687637,0.4136640131473541,0.6025381088256836,-0.09414394199848175,0.4316413700580597,0.6884645819664001,-0.08035168051719666,0.45662403106689453,0.5878221988677979,-0.09995587915182114,0.44244304299354553,0.5938391089439392,-0.08312764763832092,0.4344556927680969,0.6191198229789734,-0.07024328410625458,0.4556257426738739,0.6858537793159485,-0.06896935403347015,0.46927908062934875,0.6082257628440857,-0.0846756175160408,0.45755988359451294,0.6097022294998169,-0.0789158046245575,0.4506310820579529,0.6314034461975098,-0.07448772341012955
10,left,0.6198170781135559,0.5785080194473267,-1.5836791078527312e-07,0.5705256462097168,0.5719922184944153,0.0004680815909523517,0.5306925773620605,0.5730506777763367,-0.010232225060462952,0.5059318542480469,0.5985772013664246,-0.023636775091290474,0.49830740690231323,0.6262734532356262,-0.038870908319950104,0.5164004564285278,0.5121214389801025,-0.020580565556883812,0.47579503059387207,0.5061929225921631,-0.03562398627400398,0.4483421742916107,0.4991490840911865,-0.04552078992128372,0.4256310760974884,0.490771621465683,-0.05440901592373848,0.5356945395469666,0.5119553208351135,-0.031524624675512314,0.496014803647995,0.5961239337921143,-0.05115436017513275,0.5043278336524963,0.6218017339706421,-0.054335661232471466,0.5151363015174866,0.6194680333137512,-0.05619439855217934,0.5577734708786011,0.5304319262504578,-0.04212401807308197,0.5206162333488464,0.615545392036438,-0.05700896307826042,0.5325128436088562,0.6235256791114807,-0.05193854868412018,0.5441809296607971,0.607770562171936,-0.048126161098480225,0.5777995586395264,0.5548096299171448,-0.05319590121507645,0.5441922545433044,0.6182780265808105,-0.06434649229049683,0.5493923425674438,0.629226803779602,-0.06113950535655022,0.5588474273681641,0.6198251843452454,-0.05752148479223251
11,right,0.3851431608200073,0.6908754706382751,-1.0967153230012627e-07,0.3685126304626465,0.6442561149597168,-0.032453153282403946,0.3826693594455719,0.585068941116333,-0.05668039619922638,0.40678849816322327,0.5378170609474182,-0.06944667547941208,0.4218660295009613,0.4921606481075287,-0.08174076676368713,0.37131747603416443,0.6556375622749329,-0.10730322450399399,0.411284863948822,0.571908175945282,-0.13499192893505096,0.43183040618896484,0.5302250981330872,-0.13848209381103516,0.44911402463912964,0.499483585357666,-0.1390519142150879,0.4029666781425476,0.6804767847061157,-0.09611251950263977,0.4353913962841034,0.574495792388916,-0.12098889797925949,0.42195001244544983,0.5771616101264954,-0.10778933018445969,0.4122875928878784,0.6020260453224182,-0.0978175550699234,0.43158701062202454,0.6891034841537476,-0.08327449858188629,0.45402562618255615,0.5888923406600952,-0.10336215794086456,0.4396226406097412,0.5953062772750854,-0.08639301359653473,0.4324415624141693,0.6196942329406738,-0.07419401407241821,0.45583194494247437,0.6856905221939087,-0.07162849605083466,0.46859779953956604,0.6073353290557861,-0.08813513070344925,0.45608898997306824,0.6107771992683411,-0.08301291614770889,0.44924303889274597,0.6320491433143616,-0.0794866532087326
11,left,0.616986870765686,0.5732402205467224,-7.53755671212275e-08,0.5657491683959961,0.5657926201820374,-0.0036825714632868767,0.5247339010238647,0.5624628067016602,-0.018116749823093414,0.49855244159698486,0.5815236568450928,-0.03453916683793068,0.498298317193985,0.5997843146324158,-0.052089840173721313,0.5231072902679443,0.4864737093448639,-0.025233661755919456,0.4845665395259857,0.4736163318157196,-0.04542684182524681,0.4572916626930237,0.4609364867210388,-0.056878574192523956,0.43565890192985535,0.44765400886535645,-0.06604509055614471,0.5442027449607849,0.4876846671104431,-0.03473016247153282,0.5007261633872986,0.5654674768447876,-0.059392157942056656,0.5154253840446472,0.5951436758041382,-0.05976291745901108,0.5276607275009155,0.5892113447189331,-0.058246251195669174,0.5649036765098572,0.5074641108512878,-0.04479051008820534,0.5237494707107544,0.584040641784668,-0.0671013742685318,0.5372901558876038,0.600066602230072,-0.057885125279426575,0.5498232245445251,0.5867635011672974,-0.048430945724248886,0.5819859504699707,0.5342945456504822,-0.05534018948674202,0.5444982051849365,0.5902672410011292,-0.0710434839129448,0.5472639799118042,0.6105900406837463,-0.06653314083814621,0.5537675023078918,0.6090036034584045,-0.06075165793299675
12,right,0.38884636759757996,0.6875725984573364,-1.0365913283294503e-07,0.3722188174724579,0.640373170375824,-0.034716591238975525,0.3863838315010071,0.5812756419181824,-0.060133859515190125,0.40872639417648315,0.5334381461143494,-0.07358719408512115,0.4212052524089813,0.48853230476379395,-0.08667773753404617,0.372979998588562,0.6515246629714966,-0.11076484620571136,0.41209664940834045,0.5687426924705505,-0.13987620174884796,0.43298059701919556,0.5259650945663452,-0.1451587975025177,0.4506103992462158,0.49460312724113464,-0.14700709283351898,0.40499141812324524,0.6769866347312927,-0.09840156137943268,0.4372178912162781,0.5733591318130493,-0.12383008003234863,0.4246952533721924,0.5706855058670044,-0.1117696464061737,0.41408878564834595,0.5919501185417175,-0.10301525145769119,0.4341195821762085,0.6856657266616821,-0.08447124809026718,0.45650145411491394,0.5859893560409546,-0.10502533614635468,0.4414238929748535,0.5881975293159485,-0.0889945924282074,0.43234971165657043,0.6111072301864624,-0.07758999615907669,0.4590647220611572,0.6821111440658569,-0.07193951308727264,0.47061392664909363,0.6037776470184326,-0.08946835249662399,0.4578016996383667,0.6043365597724915,-0.08560438454151154,0.45044198632240295,0.6244366765022278,-0.08292976766824722
12,left,0.6211767792701721,0.580467164516449,-1.7106152938595187e-07,0.5709242820739746,0.5729446411132812,0.00045009987661615014,0.5297117233276367,0.5724640488624573,-0.009581543505191803,0.5039944648742676,0.5949302315711975,-0.02243313565850258,0.4997912347316742,0.6224204897880554,-0.03700952231884003,0.5179399847984314,0.5083681344985962,-0.018274560570716858,0.4806348979473114,0.4996468424797058,-0.03334531560540199,0.45311081409454346,0.49303627014160156,-0.04298067465424538,0.430523157119751,0.48652970790863037,-0.0515575036406517,0.5370267629623413,0.509803831577301,-0.029161034151911736,0.4965704381465912,0.5926280617713928,-0.04928835481405258,0.5020592212677002,0.621708869934082,-0.052889805287122726,0.5111784338951111,0.6232702136039734,-0.05472710728645325,0.5590433478355408,0.5296396613121033,-0.03986368700861931,0.5214486718177795,0.6146554946899414,-0.05610138177871704,0.5323634147644043,0.6239995956420898,-0.05192577838897705,0.5433686375617981,0.6094716191291809,-0.04804733768105507,0.5796221494674683,0.5550699830055237,-0.05097580328583717,0.5460010170936584,0.6181349158287048,-0.06280534714460373,0.5502251386642456,0.629691481590271,-0.060311879962682724,0.5588799118995667,0.6208930611610413,-0.05694964900612831
13,right,0.38746246695518494,0.6905825138092041,-1.1381570175217348e-07,0.37072116136550903,0.6441397070884705,-0.031615834683179855,0.38502931594848633,0.5834585428237915,-0.05539079010486603,0.4090871810913086,0.5354130864143372,-0.06802424043416977,0.42330649495124817,0.4889422655105591,-0.08029737323522568,0.37457090616226196,0.6537433862686157,-0.10580846667289734,0.4135589599609375,0.5690840482711792,-0.1315949261188507,0.43373095989227295,0.5263968110084534,-0.13375023007392883,0.450774610042572,0.49566686153411865,-0.13356612622737885,0.40617847442626953,0.6782201528549194,-0.09515243768692017,0.43829345703125,0.5722236633300781,-0.1180087998509407,0.42555367946624756,0.5693248510360718,-0.1044766828417778,0.4160155653953552,0.5908064246177673,-0.0947805717587471,0.43465083837509155,0.6866695284843445,-0.08266361057758331,0.4569423794746399,0.5859413146972656,-0.10066968202590942,0.4423711895942688,0.5886446237564087,-0.08334926515817642,0.4344431757926941,0.6117334365844727,-0.07146786898374557,0.45836275815963745,0.683542013168335,-0.07147139310836792,0.47114425897598267,0.6040527820587158,-0.08658662438392639,0.45857512950897217,0.6043424010276794,-0.08115027844905853,0.45118609070777893,0.624467670917511,-0.07760810852050781
13,left,0.6191690564155579,0.5751659274101257,-9.806377931909083e-08,0.5678616762161255,0.5659886598587036,-0.003242689883336425,0.5271317958831787,0.5606414675712585,-0.017256496474146843,0.5016568899154663,0.5783660411834717,-0.03298564627766609,0.4991820454597473,0.6030168533325195,-0.05010422319173813,0.5267521142959595,0.48717522621154785,-0.02785944566130638,0.4862944483757019,0.4745476245880127,-0.048567380756139755,0.4590451419353485,0.46164757013320923,-0.0612945631146431,0.4362163543701172,0.44777992367744446,-0.07166393846273422,0.5471504330635071,0.48894670605659485,-0.03710659593343735,0.5037112236022949,0.5663442015647888,-0.061187706887722015,0.5169073343276978,0.5998510718345642,-0.06212279573082924,0.5291265249252319,0.5984994173049927,-0.06185802444815636,0.567167341709137,0.5100962519645691,-0.046641696244478226,0.5265808701515198,0.5851103663444519,-0.06758512556552887,0.5386626720428467,0.6050776839256287,-0.05894075706601143,0.5516124963760376,0.5967273116111755,-0.05078277736902237,0.5841839909553528,0.5374337434768677,-0.056657638400793076,0.5473799705505371,0.5926283001899719,-0.07183210551738739,0.5475715398788452,0.6167941093444824,-0.0681958794593811,0.5524430871009827,0.6204637885093689,-0.06356511265039444
14,right,0.3889005184173584,0.6915745735168457,-1.0679212181230469e-07,0.3716616630554199,0.644136905670166,-0.035750098526477814,0.3860650062561035,0.5838066339492798,-0.0618143230676651,0.4100198447704315,0.5367535352706909,-0.07534155994653702,0.42609894275665283,0.4908614754676819,-0.0883949026465416,0.37596604228019714,0.6541465520858765,-0.11458149552345276,0.4135322570800781,0.5705454349517822,-0.14396534860134125,0.43432220816612244,0.526706874370575,-0.1485404223203659,0.45203545689582825,0.4944244623184204,-0.14988258481025696,0.4079647958278656,0.679125964641571,-0.10190887749195099,0.43966951966285706,0.5726433992385864,-0.12695199251174927,0.4256712794303894,0.572317361831665,-0.11292578279972076,0.4151152968406677,0.5953208804130554,-0.10274426639080048,0.4366731643676758,0.6875771284103394,-0.08764629065990448,0.45810434222221375,0.586824893951416,-0.10769792646169662,0.4427086114883423,0.5913376212120056,-0.08990462124347687,0.43438631296157837,0.6151946187019348,-0.07749350368976593,0.4607059359550476,0.6845888495445251,-0.074898861348629,0.47243785858154297,0.6049613952636719,-0.09226392209529877,0.45910757780075073,0.6066458225250244,-0.08738061785697937,0.45122721791267395,0.6274104714393616,-0.08401642739772797
14,left,0.6228892207145691,0.581978440284729,-1.5542453013495106e-07,0.5751384496688843,0.5707249641418457,0.0004702148726209998,0.5373606085777283,0.5662334561347961,-0.010130821727216244,0.5120048522949219,0.583037793636322,-0.02332955226302147,0.5038130283355713,0.607750415802002,-0.038355931639671326,0.5246449708938599,0.5003974437713623,-0.021452082321047783,0.4860824644565582,0.48838770389556885,-0.03830995783209801,0.4594884216785431,0.47659802436828613,-0.04932932183146477,0.43710029125213623,0.4648243188858032,-0.05858127400279045,0.5441069602966309,0.5041499733924866,-0.03206830099225044,0.5034878849983215,0.577781617641449,-0.052831318229436874,0.5026676654815674,0.6101213693618774,-0.056588850915431976,0.5070584416389465,0.6165730953216553,-0.05876922979950905,0.5650986433029175,0.5262256264686584,-0.04234945774078369,0.5262399315834045,0.6038228273391724,-0.05900534242391586,0.5328006744384766,0.6192067265510559,-0.053639646619558334,0.5425452589988708,0.6110671758651733,-0.04883475601673126,0.5843530297279358,0.5533220767974854,-0.052996039390563965,0.5489557385444641,0.6100987195968628,-0.06484290957450867,0.5497692823410034,0.6258000135421753,-0.06123628094792366,0.5564636588096619,0.6220906972885132,-0.056911639869213104
15,right,0.3890359699726105,0.6926095485687256,-1.1310471847991721e-07,0.37129226326942444,0.6451638340950012,-0.03374641761183739,0.3847885727882385,0.5846569538116455,-0.05901277810335159,0.40819108486175537,0.5366725921630859,-0.07276950776576996,0.4226377308368683,0.4899069368839264,-0.08626838028430939,0.3748875558376312,0.6557412147521973,-0.10863262414932251,0.4140084981918335,0.5719877481460571,-0.13623851537704468,0.43456992506980896,0.529630184173584,-0.13958442211151123,0.4520900547504425,0.49890968203544617,-0.1402086615562439,0.407266229391098,0.6801571249961853,-0.09756959974765778,0.4388108253479004,0.5725868940353394,-0.12308001518249512,0.4250483512878418,0.5735241770744324,-0.11049266904592514,0.41467607021331787,0.5976691842079163,-0.10089254379272461,0.43622469902038574,0.688262403011322,-0.08487816900014877,0.4568329453468323,0.5871773362159729,-0.10532506555318832,0.44207507371902466,0.593363344669342,-0.08848006278276443,0.43454912304878235,0.6175933480262756,-0.0764634907245636,0.4605836570262909,0.684683620929718,-0.07355188578367233,0.47161993384361267,0.6049113869667053,-0.09068161994218826,0.4591476321220398,0.6089177131652832,-0.08586208522319794,0.45263606309890747,0.6303051710128784,-0.08253032714128494
15,left,0.630966067314148,0.5689595341682434,-1.948200889501095e-07,0.5846304297447205,0.5540696382522583,-0.00037688962765969336,0.545363187789917,0.5495821237564087,-0.011424603872001171,0.515028715133667,0.5689213275909424,-0.023963581770658493,0.4982227087020874,0.5937632918357849,-0.038080424070358276,0.5364499092102051,0.48151344060897827,-0.026669064536690712,0.49278318881988525,0.4735812544822693,-0.044421955943107605,0.46498939394950867,0.46236172318458557,-0.05707380548119545,0.4408862590789795,0.45073258876800537,-0.06749028712511063,0.5543698668479919,0.4871780276298523,-0.035668257623910904,0.5127271413803101,0.5553013682365417,-0.0557105652987957,0.5076575875282288,0.5924550294876099,-0.060558367520570755,0.5078378915786743,0.6073290109634399,-0.06444118171930313,0.5730242729187012,0.5101600289344788,-0.04391619935631752,0.535151481628418,0.5805262923240662,-0.060055602341890335,0.539853572845459,0.6028682589530945,-0.05598938465118408,0.5491450428962708,0.6054602265357971,-0.052634015679359436,0.5904656052589417,0.5380991697311401,-0.05235432833433151,0.557192325592041,0.5907444357872009,-0.06541776657104492,0.5529875755310059,0.6154294610023499,-0.06404457986354828,0.5546702146530151,0.6256688833236694,-0.06153784692287445
16,right,0.3893485963344574,0.6886699795722961,-1.066004529093334e-07,0.37273240089416504,0.6417874693870544,-0.034669678658246994,0.3871266543865204,0.5812012553215027,-0.058978546410799026,0.41047990322113037,0.5333590507507324,-0.07136817276477814,0.42616450786590576,0.4890875518321991,-0.08323457837104797,0.37564048171043396,0.6544395089149475,-0.10851166397333145,0.414171427488327,0.5716527700424194,-0.1365511566400528,0.434477835893631,0.5286407470703125,-0.14108361303806305,0.45209628343582153,0.4961605668067932,-0.14273343980312347,0.40708330273628235,0.6800419688224792,-0.09626287966966629,0.43938809633255005,0.5742093920707703,-0.1216040626168251,0.42625945806503296,0.5736239552497864,-0.10975788533687592,0.41635704040527344,0.5952587723731995,-0.10089804977178574,0.43585118651390076,0.6881052255630493,-0.08247507363557816,0.4576404094696045,0.5871343612670898,-0.10275591909885406,0.44252094626426697,0.5918053388595581,-0.08635713160037994,0.43456774950027466,0.6150403022766113,-0.07457976788282394,0.4603492021560669,0.6838621497154236,-0.07017937302589417,0.4719148576259613,0.6044064164161682,-0.08746354281902313,0.45895683765411377,0.6067028641700745,-0.08322837203741074,0.45231112837791443,0.6273260116577148,-0.08023295551538467
16,left,0.6297652721405029,0.575473964214325,-1.7312217437392974e-07,0.5842944383621216,0.5597699284553528,0.002809719881042838,0.5438892245292664,0.5557963252067566,-0.006610556971281767,0.5135577321052551,0.5732194781303406,-0.019007237628102303,0.49776527285575867,0.5964961051940918,-0.033250592648983,0.5304493308067322,0.4975488781929016,-0.018137747421860695,0.4881932735443115,0.489627867937088,-0.033637650310993195,0.45927712321281433,0.4804554581642151,-0.0430578738451004,0.4346879720687866,0.4710724651813507,-0.050841137766838074,0.5480549335479736,0.5027649402618408,-0.029435398057103157,0.5076783299446106,0.5742061138153076,-0.04930579289793968,0.5063178539276123,0.6058063507080078,-0.05309769883751869,0.5087336897850037,0.6135254502296448,-0.055084098130464554,0.5675439834594727,0.5252153277397156,-0.04009159281849861,0.5301306843757629,0.6003920435905457,-0.05664880946278572,0.5364935398101807,0.6171081066131592,-0.05210199952125549,0.5438787937164307,0.6105146408081055,-0.04775925725698471,0.5849697589874268,0.5521988868713379,-0.0506257601082325,0.5520855188369751,0.6100015640258789,-0.06197582557797432,0.5546378493309021,0.6246546506881714,-0.05878494307398796,0.5610061287879944,0.6196627616882324,-0.054807938635349274
17,right,0.38920173048973083,0.6902265548706055,-1.3351565542052413e-07,0.37111085653305054,0.641336977481842,-0.03640013933181763,0.3849479556083679,0.5808922648429871,-0.06344852596521378,0.40868499875068665,0.5330718755722046,-0.0781807005405426,0.4255997836589813,0.4890066385269165,-0.09264242649078369,0.3740689158439636,0.6530697345733643,-0.11428945511579514,0.41370031237602234,0.569280207157135,-0.14356106519699097,0.4343078136444092,0.5258615016937256,-0.14844095706939697,0.45252683758735657,0.4937893748283386,-0.15031930804252625,0.40627825260162354,0.6781945824623108,-0.10189513117074966,0.43813830614089966,0.5729479789733887,-0.12753400206565857,0.42509832978248596,0.5722246170043945,-0.11507520079612732,0.4148057997226715,0.5939157605171204,-0.10643365979194641,0.4352799654006958,0.6863287091255188,-0.08787919580936432,0.45625847578048706,0.5864311456680298,-0.10876648873090744,0.44081979990005493,0.5914445519447327,-0.09191751480102539,0.432995468378067,0.6142928004264832,-0.08052726835012436,0.46014755964279175,0.682617723941803,-0.07535157352685928,0.47042548656463623,0.6035808324813843,-0.09281518310308456,0.4571918845176697,0.6071861982345581,-0.08784902095794678,0.45097464323043823,0.6272218823432922,-0.08479276299476624
17,left,0.6300627589225769,0.5686721801757812,-1.6679965142429864e-07,0.5849830508232117,0.5530288219451904,0.002451082458719611,0.5439271330833435,0.5506293177604675,-0.0060327607207000256,0.514583945274353,0.5717422366142273,-0.017139485105872154,0.5005476474761963,0.5996020436286926,-0.029927214607596397,0.5297707915306091,0.49222299456596375,-0.017885684967041016,0.4856726825237274,0.4851202666759491,-0.032354868948459625,0.4576357901096344,0.4764202833175659,-0.041575655341148376,0.4335879385471344,0.46699362993240356,-0.0494668073952198,0.5468519330024719,0.4975206255912781,-0.027979040518403053,0.5104654431343079,0.5719510316848755,-0.04748058319091797,0.5088278651237488,0.6056833863258362,-0.051945146173238754,0.5106532573699951,0.6154659986495972,-0.0546182282269001,0.5665830373764038,0.5198409557342529,-0.037323761731386185,0.5318988561630249,0.5955743789672852,-0.05331133306026459,0.5372384786605835,0.6135722398757935,-0.04969096928834915,0.5443000197410583,0.6092996001243591,-0.045989565551280975,0.5851052403450012,0.5468156933784485,-0.04650668799877167,0.5530723929405212,0.6041064858436584,-0.05804282799363136,0.5525547862052917,0.6215750575065613,-0.05571744963526726,0.5562465786933899,0.6214457750320435,-0.052251312881708145
18,right,0.38711562752723694,0.6894412040710449,-1.1069928262941175e-07,0.36981067061424255,0.64284747838974,-0.032528676092624664,0.38331061601638794,0.5826226472854614,-0.05589507520198822,0.40728774666786194,0.5360221266746521,-0.06771537661552429,0.4212819039821625,0.49100571870803833,-0.07901172339916229,0.3731668293476105,0.6531441807746887,-0.1059960424900055,0.41262078285217285,0.5697523951530457,-0.13336484134197235,0.43301495909690857,0.5270353555679321,-0.13735400140285492,0.4504201412200928,0.4951058626174927,-0.13844828307628632,0.4048928916454315,0.6783052682876587,-0.09471473097801208,0.43701234459877014,0.5715004205703735,-0.11908025294542313,0.4236729145050049,0.5706275701522827,-0.10654135793447495,0.41425037384033203,0.5927920341491699,-0.09715192019939423,0.4335545301437378,0.6864718198776245,-0.08184698224067688,0.4548458456993103,0.5855176448822021,-0.10153268277645111,0.4399260878562927,0.5898656249046326,-0.08500171452760696,0.4327324330806732,0.6129302978515625,-0.07309118658304214,0.45800742506980896,0.6824386715888977,-0.07028115540742874,0.4694361090660095,0.6033613681793213,-0.08678577095270157,0.456731915473938,0.6053286194801331,-0.08214481174945831,0.4504762291908264,0.6254924535751343,-0.07887822389602661
18,left,0.6341351866722107,0.564939022064209,-1.541605314514527e-07,0.5900413990020752,0.5469539165496826,0.00021520738664548844,0.5469828844070435,0.5467827916145325,-0.009817555546760559,0.5151411890983582,0.5726270079612732,-0.021851185709238052,0.5029727220535278,0.6034117341041565,-0.03539827838540077,0.5345956087112427,0.48801952600479126,-0.021106870844960213,0.4892506003379822,0.4815903604030609,-0.0370890311896801,0.46019047498703003,0.4745042026042938,-0.04687587171792984,0.4352480173110962,0.4658209979534149,-0.05538014695048332,0.5514708161354065,0.49622389674186707,-0.030381670221686363,0.5094944834709167,0.5723690986633301,-0.05153980478644371,0.5142606496810913,0.6040709018707275,-0.05514372140169144,0.5207837224006653,0.6079357266426086,-0.05695611983537674,0.5701262950897217,0.5201884508132935,-0.03914841264486313,0.5319372415542603,0.5947458148002625,-0.057467829436063766,0.5413469672203064,0.6102449893951416,-0.05318329483270645,0.5514527559280396,0.6005294322967529,-0.04834126681089401,0.5871177315711975,0.547617495059967,-0.047779541462659836,0.5530022382736206,0.6023446321487427,-0.06120092049241066,0.5555724501609802,0.617664635181427,-0.05916406959295273,0.5620988607406616,0.6137241125106812,-0.05565052479505539
19,right,0.38714444637298584,0.684027373790741,-9.54018162246939e-08,0.3707122206687927,0.637894332408905,-0.03307844698429108,0.38472169637680054,0.5781809091567993,-0.05754605308175087,0.407637357711792,0.5310255885124207,-0.07072602957487106,0.42167961597442627,0.4871630370616913,-0.08339047431945801,0.37293940782546997,0.6478391885757446,-0.10720844566822052,0.4132242202758789,0.5638978481292725,-0.13532713055610657,0.4333317279815674,0.5221089124679565,-0.13948111236095428,0.44957923889160156,0.49186980724334717,-0.1404501497745514,0.4045061469078064,0.6727455258369446,-0.09594161808490753,0.4374305307865143,0.5688647627830505,-0.12236510217189789,0.4245977997779846,0.5685911178588867,-0.11079785227775574,0.41361528635025024,0.5914061665534973,-0.1016884446144104,0.43328046798706055,0.6815512180328369,-0.08312887698411942,0.4559151530265808,0.5827931761741638,-0.10422457754611969,0.44111254811286926,0.5878658294677734,-0.08830998092889786,0.4323504567146301,0.6117621064186096,-0.07652878016233444,0.45786792039871216,0.6781304478645325,-0.07161633670330048,0.47039684653282166,0.6002954840660095,-0.08907709270715714,0.45825380086898804,0.6031702160835266,-0.08505046367645264,0.45148226618766785,0.6244772672653198,-0.08207348734140396
19,left,0.6348028779029846,0.5646018981933594,-1.2755072020809166e-07,0.5882298350334167,0.5497099161148071,0.0006624318775720894,0.5442074537277222,0.5535519123077393,-0.009775093756616116,0.5139397382736206,0.581325888633728,-0.022576291114091873,0.506340742111206,0.6109275817871094,-0.03699260950088501,0.5304580330848694,0.4962886869907379,-0.01962735876441002,0.4831688702106476,0.497469961643219,-0.034518904983997345,0.4538101553916931,0.49302569031715393,-0.04254128411412239,0.4292839467525482,0.4863242506980896,-0.04967149347066879,0.5481936931610107,0.5051486492156982,-0.030247921124100685,0.5057194828987122,0.5855602025985718,-0.051948096603155136,0.516227126121521,0.6111810803413391,-0.05487455427646637,0.5274426937103271,0.6088509559631348,-0.0557086355984211,0.5680060386657715,0.5280216336250305,-0.04035557806491852,0.5298469662666321,0.6068383455276489,-0.05976840481162071,0.5433001518249512,0.616659939289093,-0.054794881492853165,0.5547188520431519,0.602112889289856,-0.04927761107683182,0.5864527225494385,0.5538134574890137,-0.05028676241636276,0.5534441471099854,0.6119608879089355,-0.0634806677699089,0.5623381733894348,0.6209545135498047,-0.059822600334882736,0.5729385614395142,0.6093152761459351,-0.05526399612426758
20,right,0.3879598379135132,0.6859825849533081,-1.0246210280229207e-07,0.3706079125404358,0.6394262909889221,-0.03486885130405426,0.3837049901485443,0.5799670815467834,-0.06172337383031845,0.40638643503189087,0.5331448912620544,-0.07618649303913116,0.4212983250617981,0.48655661940574646,-0.09043373912572861,0.3721109628677368,0.6531679630279541,-0.11694705486297607,0.41068318486213684,0.5681881308555603,-0.146404430270195,0.43124881386756897,0.5259115695953369,-0.15080775320529938,0.44944730401039124,0.49523013830184937,-0.152041494846344,0.4037504196166992,0.6788516640663147,-0.10492613166570663,0.43590617179870605,0.57032710313797,-0.12949194014072418,0.423136830329895,0.5703838467597961,-0.11523507535457611,0.41345253586769104,0.5938032269477844,-0.10541264712810516,0.43227511644363403,0.6874496936798096,-0.09098856151103973,0.4536672830581665,0.5853930115699768,-0.11045830696821213,0.43892520666122437,0.5907767415046692,-0.09216281026601791,0.4313700795173645,0.6144456267356873,-0.0799403190612793,0.45656245946884155,0.6843047142028809,-0.07841142266988754,0.4680435359477997,0.6041620373725891,-0.0948457196354866,0.4557100832462311,0.6066684722900391,-0.08915309607982635,0.44923603534698486,0.6266072988510132,-0.08572985231876373
20,left,0.619045615196228,0.5449786186218262,-5.840657735234345e-09,0.5798834562301636,0.5335403680801392,-0.0033471707720309496,0.5395222306251526,0.5371464490890503,-0.017356596887111664,0.515069305896759,0.5694586038589478,-0.03239801526069641,0.5099984407424927,0.5990070104598999,-0.049675650894641876,0.5337972640991211,0.4809134900569916,-0.03197275474667549,0.49058422446250916,0.47399601340293884,-0.05142311006784439,0.46181851625442505,0.4630870819091797,-0.06364846229553223,0.4385342597961426,0.4499272108078003,-0.07374734431505203,0.5520592927932739,0.48830899596214294,-0.04011163488030434,0.508115291595459,0.5612096786499023,-0.06265467405319214,0.5206461548805237,0.5923762321472168,-0.06393977254629135,0.533027172088623,0.5910362005233765,-0.06384262442588806,0.571867823600769,0.5110337138175964,-0.047824110835790634,0.5290535092353821,0.5818418264389038,-0.06687811017036438,0.5396267771720886,0.5991897583007812,-0.05924353748559952,0.5532985329627991,0.5900013446807861,-0.05204276740550995,0.5899676084518433,0.5373041033744812,-0.05575774237513542,0.5533434748649597,0.590559184551239,-0.07192153483629227,0.5540208220481873,0.6089797616004944,-0.06967338174581528,0.5613957047462463,0.6079561710357666,-0.06567514687776566
21,right,0.38846126198768616,0.6814960837364197,-1.2155396689195186e-07,0.3705059587955475,0.6351237893104553,-0.03506889566779137,0.3838673532009125,0.5753598213195801,-0.06166446581482887,0.40709683299064636,0.5279750227928162,-0.07650763541460037,0.4218614399433136,0.48332905769348145,-0.09120980650186539,0.3717995584011078,0.64631587266922,-0.11324463784694672,0.41256505250930786,0.5629875659942627,-0.14286963641643524,0.43319427967071533,0.5214884281158447,-0.14779582619667053,0.4504828155040741,0.4920850396156311,-0.1492031365633011,0.403807669878006,0.672033965587616,-0.10131195187568665,0.4371412694454193,0.5676912665367126,-0.12746194005012512,0.42412692308425903,0.5634887218475342,-0.11543218046426773,0.41337794065475464,0.5833385586738586,-0.10687271505594254,0.43334680795669556,0.6808122396469116,-0.08777697384357452,0.4560759961605072,0.580568790435791,-0.10919753462076187,0.44018831849098206,0.5826307535171509,-0.093175508081913,0.4309846758842468,0.6050422787666321,-0.08192639797925949,0.4588891267776489,0.6776308417320251,-0.07559442520141602,0.47032538056373596,0.5980038046836853,-0.09332625567913055,0.45731139183044434,0.5995954871177673,-0.08919541537761688,0.45021316409111023,0.6201126575469971,-0.08652462065219879
21,left,0.6286683678627014,0.5577728152275085,-5.87788413497492e-08,0.5848620533943176,0.5468106269836426,-0.00018304839613847435,0.5422616600990295,0.5544315576553345,-0.011892694048583508,0.5161194801330566,0.589361846446991,-0.025965213775634766,0.5090450048446655,0.6221781969070435,-0.04197878763079643,0.5291377305984497,0.499917209148407,-0.022253379225730896,0.4867599606513977,0.49719345569610596,-0.037473905831575394,0.45805981755256653,0.4909898340702057,-0.045359719544649124,0.4351637065410614,0.4834299385547638,-0.05247247591614723,0.5476173162460327,0.5071794986724854,-0.0334036722779274,0.5042538642883301,0.5845842361450195,-0.054808709770441055,0.5192784070968628,0.6098053455352783,-0.05594045668840408,0.5341224670410156,0.6029056310653687,-0.05529385432600975,0.5681648254394531,0.5300319194793701,-0.04427196457982063,0.5274710655212402,0.6064023971557617,-0.06343430280685425,0.5419899225234985,0.6174682974815369,-0.056740183383226395,0.5556237697601318,0.6017504930496216,-0.050036631524562836,0.5870316624641418,0.5564179420471191,-0.055095650255680084,0.5507674813270569,0.6146738529205322,-0.06883377581834793,0.5583391189575195,0.6244205236434937,-0.0647725760936737,0.5697394013404846,0.6128717660903931,-0.05988780036568642
22,right,0.3876809775829315,0.6875909566879272,-1.1895905061010126e-07,0.36926260590553284,0.6397808194160461,-0.03555294871330261,0.3818433880805969,0.5800983905792236,-0.06323906034231186,0.4041740894317627,0.5331987738609314,-0.07840585708618164,0.4184131324291229,0.4870453476905823,-0.09344080835580826,0.37121832370758057,0.654169499874115,-0.1185876727104187,0.40985754132270813,0.569317102432251,-0.14913637936115265,0.42950448393821716,0.5271113514900208,-0.15474243462085724,0.44711369276046753,0.4964042901992798,-0.15674355626106262,0.4032011926174164,0.6792852878570557,-0.10635989904403687,0.43419891595840454,0.5704189538955688,-0.13116887211799622,0.42092645168304443,0.571710467338562,-0.11726008355617523,0.4109976291656494,0.5961639285087585,-0.10794217139482498,0.43180039525032043,0.6870007514953613,-0.09228406101465225,0.45221424102783203,0.5846537947654724,-0.11195188015699387,0.43653252720832825,0.5909393429756165,-0.0938071683049202,0.4286973178386688,0.6150328516960144,-0.08190983533859253,0.45643797516822815,0.6828345060348511,-0.07958709448575974,0.466765433549881,0.601981520652771,-0.09620428085327148,0.45378607511520386,0.6055575609207153,-0.09049822390079498,0.4473237097263336,0.6258165240287781,-0.08723297715187073
22,left,0.6295374035835266,0.5566051006317139,-4.886346616217452e-08,0.5857322812080383,0.5386154055595398,-0.0027124809566885233,0.5400236248970032,0.5425150990486145,-0.015791716054081917,0.5111977458000183,0.5764471292495728,-0.029635338112711906,0.5065794587135315,0.6074456572532654,-0.044785093516111374,0.5331910848617554,0.4825705587863922,-0.030140500515699387,0.48631155490875244,0.47886547446250916,-0.051379937678575516,0.4568595588207245,0.47132062911987305,-0.06436104327440262,0.43135350942611694,0.46077361702919006,-0.07480601966381073,0.5521189570426941,0.49071425199508667,-0.039484381675720215,0.5054135918617249,0.572615385055542,-0.06294453889131546,0.5238745212554932,0.5956263542175293,-0.06296655535697937,0.537493884563446,0.5848425030708313,-0.06229410320520401,0.5718985199928284,0.5151612162590027,-0.048919472843408585,0.5266309380531311,0.5913670659065247,-0.06988652050495148,0.5416275262832642,0.6037039756774902,-0.060016971081495285,0.5545462965965271,0.5878511071205139,-0.051056522876024246,0.5888078808784485,0.5436722636222839,-0.058495935052633286,0.5484949946403503,0.6005428433418274,-0.07371237874031067,0.5553352236747742,0.6122757196426392,-0.06879541277885437,0.5649021863937378,0.6027384400367737,-0.06333006918430328
23,right,0.3865355849266052,0.6839764714241028,-1.1523519560796558e-07,0.368122398853302,0.6374606490135193,-0.033730149269104004,0.38125187158584595,0.577624499797821,-0.05928875133395195,0.4044713079929352,0.5309852957725525,-0.07329937070608139,0.42031407356262207,0.48705971240997314,-0.08695312589406967,0.37037092447280884,0.6494361758232117,-0.11097347736358643,0.4106557071208954,0.5647729635238647,-0.13995733857154846,0.43114617466926575,0.5237975716590881,-0.14424747228622437,0.4484284818172455,0.4950087368488312,-0.14514018595218658,0.4021347165107727,0.6745069622993469,-0.09959516674280167,0.43495824933052063,0.5678444504737854,-0.12580959498882294,0.42209240794181824,0.5664610862731934,-0.11367131024599075,0.4114500880241394,0.5888093709945679,-0.10459037125110626,0.43157804012298584,0.6827197670936584,-0.08658930659294128,0.4534734785556793,0.58174729347229,-0.10768873244524002,0.4382607638835907,0.5862804055213928,-0.09159335494041443,0.42971110343933105,0.6096529364585876,-0.08003885298967361,0.4568517208099365,0.6786282658576965,-0.07486109435558319,0.46826449036598206,0.5989224314689636,-0.09233639389276505,0.45561835169792175,0.6024813055992126,-0.08818242698907852,0.44884464144706726,0.6237602233886719,-0.0853588879108429
23,left,0.6307373046875,0.5621897578239441,-1.214336862176424e-07,0.5872572660446167,0.5464308261871338,0.0012085475027561188,0.5437242984771729,0.5494675040245056,-0.008524295873939991,0.5143475532531738,0.5790188312530518,-0.020499782636761665,0.5045770406723022,0.6096391081809998,-0.03416343778371811,0.527515172958374,0.4989965558052063,-0.020794212818145752,0.47841718792915344,0.4972022473812103,-0.03582501411437988,0.44823896884918213,0.4920220375061035,-0.04336334764957428,0.4229043126106262,0.4858688414096832,-0.04999035969376564,0.5455728769302368,0.5064369440078735,-0.03159776329994202,0.501919686794281,0.5858004093170166,-0.05312025547027588,0.513242244720459,0.6118854284286499,-0.055313073098659515,0.5244524478912354,0.6090178489685059,-0.055493567138910294,0.5657974481582642,0.5286200046539307,-0.041792988777160645,0.526330292224884,0.6067768931388855,-0.060822948813438416,0.5390295386314392,0.6188522577285767,-0.055103447288274765,0.5492045283317566,0.6045827865600586,-0.049126364290714264,0.5842746496200562,0.5542885065078735,-0.05167650431394577,0.5505135655403137,0.613188624382019,-0.06435585021972656,0.558989405632019,0.621640145778656,-0.06011213734745979,0.5686991810798645,0.6081490516662598,-0.05518427491188049
24,right,0.38652902841567993,0.6859536170959473,-1.411514745086606e-07,0.3677256405353546,0.6392309665679932,-0.03229791298508644,0.3803243935108185,0.5796492099761963,-0.0570257343351841,0.4031803011894226,0.5324726104736328,-0.07064767181873322,0.4147045612335205,0.4865973889827728,-0.08407683670520782,0.3697282373905182,0.6522070169448853,-0.10719741880893707,0.409326434135437,0.5664889216423035,-0.13495390117168427,0.42866069078445435,0.5239688754081726,-0.1387382298707962,0.44497010111808777,0.49337533116340637,-0.13960541784763336,0.4012063443660736,0.6758681535720825,-0.09700342267751694,0.4327287971973419,0.566211998462677,-0.12376116961240768,0.4188486933708191,0.5683743357658386,-0.11255268007516861,0.4078909754753113,0.5934759378433228,-0.10366285592317581,0.4301663339138031,0.6833599805831909,-0.08504211902618408,0.4503420889377594,0.5808006525039673,-0.10639151930809021,0.4349294602870941,0.5887619853019714,-0.09043147414922714,0.42728191614151,0.6139265894889832,-0.07875300198793411,0.45520272850990295,0.678905725479126,-0.07428190112113953,0.46484920382499695,0.5980242490768433,-0.09148786216974258,0.452444463968277,0.6033797264099121,-0.08715111762285233,0.4468846023082733,0.6253977417945862,-0.08424951881170273
24,left,0.6319419741630554,0.5583689212799072,-1.2271499372218386e-07,0.5860424041748047,0.5402477383613586,-0.0005425994168035686,0.5402083396911621,0.5415087342262268,-0.012037486769258976,0.5096156001091003,0.5724548101425171,-0.025212833657860756,0.5016424059867859,0.6047818660736084,-0.03998735174536705,0.5307878255844116,0.47965294122695923,-0.025258716195821762,0.4841415286064148,0.4772430956363678,-0.04400315508246422,0.45441317558288574,0.47070032358169556,-0.0552436038851738,0.42911970615386963,0.4618799090385437,-0.06454426795244217,0.5495427250862122,0.48801761865615845,-0.035538412630558014,0.5035859942436218,0.5714191794395447,-0.05925046652555466,0.5163676738739014,0.6005036234855652,-0.061739902943372726,0.5277447700500488,0.5976545810699463,-0.06241677328944206,0.5695357322692871,0.5120809674263,-0.045460719615221024,0.5263938903808594,0.5915067195892334,-0.0664454996585846,0.5394076108932495,0.6058827638626099,-0.059289224445819855,0.5512715578079224,0.592018723487854,-0.051887862384319305,0.5867735147476196,0.5397491455078125,-0.05522174388170242,0.5478975772857666,0.5992067456245422,-0.06934312731027603,0.5534821152687073,0.611707866191864,-0.06507191807031631,0.5620652437210083,0.6018978953361511,-0.060046058148145676
25,right,0.387131929397583,0.6838048696517944,-1.0083336121624598e-07,0.36931610107421875,0.6384002566337585,-0.032246943563222885,0.3806163966655731,0.5795928239822388,-0.05665235593914986,0.4025005102157593,0.5321698188781738,-0.06979896873235703,0.41512084007263184,0.4867178201675415,-0.0825481191277504,0.3691099286079407,0.6521533727645874,-0.10660191625356674,0.4077405631542206,0.568908154964447,-0.13437187671661377,0.4278748631477356,0.5239404439926147,-0.13887354731559753,0.44444799423217773,0.4896572530269623,-0.14046862721443176,0.4008294343948364,0.6769102215766907,-0.09608692675828934,0.4328574240207672,0.5678233504295349,-0.12150518596172333,0.4197040796279907,0.5676847696304321,-0.10979302227497101,0.40894946455955505,0.5906323194503784,-0.10078835487365723,0.429634153842926,0.6849903464317322,-0.08379167318344116,0.45045220851898193,0.5824404358863831,-0.10405577719211578,0.4361213743686676,0.5886974930763245,-0.08735621720552444,0.42848169803619385,0.6125975251197815,-0.07523487508296967,0.45407986640930176,0.6805915236473083,-0.07273808121681213,0.46483150124549866,0.6008915901184082,-0.08926606178283691,0.4528719186782837,0.6049972772598267,-0.0841277539730072,0.44711700081825256,0.626102864742279,-0.08057194948196411
25,left,0.6340766549110413,0.5625065565109253,-1.6537062208499265e-07,0.5884486436843872,0.546396791934967,0.0015553345438092947,0.5454104542732239,0.5481838583946228,-0.007993677631020546,0.5145722031593323,0.5726861953735352,-0.02001848816871643,0.5023104548454285,0.6020228862762451,-0.03387013077735901,0.530322253704071,0.4929128587245941,-0.018421489745378494,0.4837823510169983,0.49409154057502747,-0.033019956201314926,0.4549578130245209,0.4897889494895935,-0.04144134745001793,0.43082839250564575,0.48283517360687256,-0.04877376928925514,0.5472193956375122,0.5008237361907959,-0.028804218396544456,0.5054451823234558,0.5746139287948608,-0.0485791340470314,0.5097049474716187,0.6072009801864624,-0.05207054316997528,0.5168943405151367,0.613536536693573,-0.05384645238518715,0.5665586590766907,0.5235541462898254,-0.038545724004507065,0.5291726589202881,0.5985733270645142,-0.056396760046482086,0.5387057065963745,0.6155014634132385,-0.052410244941711426,0.5490348935127258,0.6082332730293274,-0.04801160469651222,0.5843901038169861,0.5500606298446655,-0.047991521656513214,0.5517555475234985,0.6068167686462402,-0.06058721989393234,0.5568162202835083,0.6207488179206848,-0.05773774906992912,0.5654783844947815,0.6148761510848999,-0.05391712859272957
26,right,0.38658830523490906,0.6817341446876526,-1.0826391871887608e-07,0.3677751421928406,0.6356602311134338,-0.03489198535680771,0.38004982471466064,0.576807975769043,-0.06192847341299057,0.4023354649543762,0.5291479229927063,-0.07722821831703186,0.4153769612312317,0.48221099376678467,-0.09236614406108856,0.3675171434879303,0.6489456295967102,-0.11433618515729904,0.4066167175769806,0.5637249946594238,-0.14238612353801727,0.42656511068344116,0.5198587775230408,-0.14520177245140076,0.4436544179916382,0.4878416061401367,-0.14537568390369415,0.3993624746799469,0.6736525297164917,-0.10316990315914154,0.4312240183353424,0.5657029747962952,-0.12902897596359253,0.4192967116832733,0.562043309211731,-0.11584273725748062,0.4098376929759979,0.5832727551460266,-0.10631024092435837,0.4289439916610718,0.6813045740127563,-0.0901762992143631,0.45002031326293945,0.5790827870368958,-0.11115185171365738,0.4351640045642853,0.5812034606933594,-0.09391657263040543,0.4269750714302063,0.6036567687988281,-0.08186548203229904,0.45458585023880005,0.6770160794258118,-0.07858492434024811,0.4651969075202942,0.5959796905517578,-0.09545508027076721,0.4527491331100464,0.5971603989601135,-0.0902327373623848,0.4457196891307831,0.6174290776252747,-0.08692046999931335
26,left,0.6330768465995789,0.5589485168457031,-1.4219766342193907e-07,0.5891250967979431,0.539681613445282,0.0014569475315511227,0.5456601977348328,0.5397998690605164,-0.008377539925277233,0.5150583982467651,0.5682451725006104,-0.020219845697283745,0.5054552555084229,0.5993430018424988,-0.03370928764343262,0.5294385552406311,0.48521193861961365,-0.022277789190411568,0.4815002977848053,0.48398274183273315,-0.03903684765100479,0.45152992010116577,0.4779801666736603,-0.04927678033709526,0.4264410436153412,0.4696469306945801,-0.05795998126268387,0.5471254587173462,0.4924319386482239,-0.03269301354885101,0.5056540369987488,0.5758281350135803,-0.05396382138133049,0.5143839120864868,0.6043598651885986,-0.0564572811126709,0.5233542919158936,0.6038537621498108,-0.05767423287034035,0.5673427581787109,0.515913188457489,-0.04258503019809723,0.5293910503387451,0.5960607528686523,-0.06032969802618027,0.5407599210739136,0.6092107892036438,-0.05438455939292908,0.5515958666801453,0.5965327620506287,-0.04882132634520531,0.5861693620681763,0.542578399181366,-0.05236859619617462,0.5505086183547974,0.6027234196662903,-0.06514371931552887,0.5540969371795654,0.6173318028450012,-0.06193375959992409,0.5610372424125671,0.6117521524429321,-0.057879433035850525
27,right,0.387737512588501,0.6824166178703308,-1.0144751882990022e-07,0.36819958686828613,0.6378214359283447,-0.03484281897544861,0.3796136677265167,0.5790224075317383,-0.0611213855445385,0.4017818868160248,0.5315706133842468,-0.07546577602624893,0.41373831033706665,0.4847111999988556,-0.08945170044898987,0.36642006039619446,0.6528125405311584,-0.11249817907810211,0.40493276715278625,0.5684747695922852,-0.1418105512857437,0.4249989986419678,0.5243185758590698,-0.14676286280155182,0.4418923258781433,0.49079179763793945,-0.14863848686218262,0.3986060619354248,0.6778214573860168,-0.10129445046186447,0.43026673793792725,0.5671794414520264,-0.12796756625175476,0.41680908203125,0.5702122449874878,-0.11553724855184555,0.4060576558113098,0.5955690145492554,-0.10603173077106476,0.42777958512306213,0.6856475472450256,-0.08849374204874039,0.4483036994934082,0.5826612114906311,-0.1099160835146904,0.43415746092796326,0.590840220451355,-0.09271001815795898,0.42696258425712585,0.6156373023986816,-0.08033809810876846,0.45281609892845154,0.6810028553009033,-0.07711870968341827,0.4628317058086395,0.6008879542350769,-0.09493529796600342,0.4511522948741913,0.6061743497848511,-0.09017486870288849,0.44524553418159485,0.6277780532836914,-0.08704625815153122
27,left,0.6371431350708008,0.5590021014213562,-1.5269286279817607e-07,0.5921831727027893,0.5415169596672058,-0.0006912935059517622,0.5473937392234802,0.5443745851516724,-0.011137504130601883,0.515119731426239,0.5742291808128357,-0.02332562766969204,0.5050916075706482,0.605995237827301,-0.03693545237183571,0.5330659747123718,0.48831242322921753,-0.021806897595524788,0.48619353771209717,0.4876779019832611,-0.038740791380405426,0.4570904076099396,0.48340609669685364,-0.04891223460435867,0.43116727471351624,0.4769130349159241,-0.05773205682635307,0.5504103302955627,0.4966873824596405,-0.03126369044184685,0.5067641735076904,0.5793786644935608,-0.05367715656757355,0.5186265707015991,0.6058270335197449,-0.056515492498874664,0.5300353765487671,0.6034163236618042,-0.05754104256629944,0.5698062181472778,0.5208160281181335,-0.0404650904238224,0.5311523079872131,0.6000146865844727,-0.06031346693634987,0.5435723066329956,0.6112009286880493,-0.05471356585621834,0.5548324584960938,0.5981203317642212,-0.0486409030854702,0.5876669883728027,0.5481168031692505,-0.049612920731306076,0.5532251000404358,0.603789210319519,-0.06362052261829376,0.5592640042304993,0.6163802742958069,-0.060441844165325165,0.5675619840621948,0.6101820468902588,-0.05611112713813782
28,right,0.3863176703453064,0.6797255277633667,-1.1921957820959506e-07,0.3674990236759186,0.634817361831665,-0.03264089301228523,0.3791586458683014,0.5769856572151184,-0.05721147358417511,0.40075165033340454,0.5293428897857666,-0.07095145434141159,0.411425918340683,0.4823417067527771,-0.08447117358446121,0.3656315207481384,0.6494165062904358,-0.10526727139949799,0.4046397805213928,0.566558301448822,-0.13172288239002228,0.42469000816345215,0.522490382194519,-0.13451603055000305,0.4414280951023102,0.4901462197303772,-0.13485391438007355,0.39733681082725525,0.6742127537727356,-0.09516376256942749,0.43062207102775574,0.5667217373847961,-0.12042304873466492,0.4188219904899597,0.5612039566040039,-0.10887837409973145,0.4089314937591553,0.5815565586090088,-0.10017752647399902,0.4271143972873688,0.682281494140625,-0.08343935757875443,0.4492439925670624,0.5803118944168091,-0.10392335802316666,0.4344455599784851,0.5811221599578857,-0.08793497085571289,0.42620202898979187,0.603397011756897,-0.07633883506059647,0.452817440032959,0.6780266165733337,-0.07309751957654953,0.4643658399581909,0.5972075462341309,-0.08946381509304047,0.4525165557861328,0.5977943539619446,-0.08493374288082123,0.44587475061416626,0.6184699535369873,-0.08198627084493637
28,left,0.6381411552429199,0.5574671626091003,-1.378442249233558e-07,0.5950226783752441,0.5399116277694702,-0.001108722877688706,0.5512074828147888,0.5425085425376892,-0.01139382179826498,0.5187870264053345,0.573664665222168,-0.02328145131468773,0.5083957314491272,0.6035273671150208,-0.036479245871305466,0.5322434902191162,0.4899992346763611,-0.02135947346687317,0.48348793387413025,0.49163126945495605,-0.03893973305821419,0.45274609327316284,0.48796725273132324,-0.049331191927194595,0.4263719916343689,0.48145484924316406,-0.05796032398939133,0.5494123697280884,0.49825963377952576,-0.030449386686086655,0.5062608122825623,0.585328996181488,-0.05340181663632393,0.5210095643997192,0.6081383228302002,-0.05590938404202461,0.5337015986442566,0.6016679406166077,-0.056327491998672485,0.5687523484230042,0.5209395885467529,-0.03948315232992172,0.5300344228744507,0.6033194661140442,-0.05954122543334961,0.5443936586380005,0.6114679574966431,-0.05296199768781662,0.5558114051818848,0.5949180722236633,-0.046044353395700455,0.5868430733680725,0.5466696619987488,-0.04862573742866516,0.5514208674430847,0.6063311100006104,-0.06267630308866501,0.5596295595169067,0.6163808703422546,-0.058667976409196854,0.5692119598388672,0.6066882014274597,-0.053519487380981445
29,right,0.38484737277030945,0.6825636625289917,-1.1930872290122352e-07,0.36649250984191895,0.6367900371551514,-0.03404993563890457,0.37835079431533813,0.5773441195487976,-0.060289882123470306,0.40006861090660095,0.5296737551689148,-0.0748111680150032,0.4109220802783966,0.4835839867591858,-0.08911632001399994,0.36552533507347107,0.6491494178771973,-0.11311006546020508,0.4050419330596924,0.5638313293457031,-0.14198561012744904,0.42480766773223877,0.5205527544021606,-0.14580261707305908,0.44186702370643616,0.48877978324890137,-0.14668267965316772,0.3976423442363739,0.6739259958267212,-0.10209186375141144,0.4294932782649994,0.5637348294258118,-0.12888793647289276,0.41556012630462646,0.5632238984107971,-0.11606131494045258,0.40462085604667664,0.587169349193573,-0.10637982934713364,0.42687857151031494,0.6821792125701904,-0.0893048495054245,0.4469074010848999,0.5799674987792969,-0.11129584908485413,0.4315759241580963,0.5853126049041748,-0.09447436779737473,0.42392706871032715,0.6096295118331909,-0.0823112279176712,0.452204167842865,0.6785107851028442,-0.07773638516664505,0.46216174960136414,0.5978051424026489,-0.09535511583089828,0.4493739902973175,0.6013529896736145,-0.0905604138970375,0.4431724548339844,0.6225950717926025,-0.08749660104513168
29,left,0.620174765586853,0.5394515991210938,7.809729751784289e-09,0.5825889706611633,0.5239586234092712,-0.003272137837484479,0.5388708114624023,0.5330675840377808,-0.016529636457562447,0.5139448642730713,0.5663936138153076,-0.02998783253133297,0.5110247731208801,0.5973214507102966,-0.04581374675035477,0.5336843729019165,0.4804189205169678,-0.035109102725982666,0.48882728815078735,0.47613397240638733,-0.05353233590722084,0.45958495140075684,0.4676239788532257,-0.06361355632543564,0.4363280236721039,0.45760050415992737,-0.0718245655298233,0.5518811345100403,0.48788130283355713,-0.04281949624419212,0.5093640089035034,0.5642674565315247,-0.06342420727014542,0.5227416157722473,0.5918259024620056,-0.06399977207183838,0.5336521863937378,0.5885962247848511,-0.06377271562814713,0.5720317959785461,0.5106152296066284,-0.049622200429439545,0.5289524793624878,0.5832979679107666,-0.06940202414989471,0.5398945212364197,0.5976266264915466,-0.06257674098014832,0.5534104108810425,0.5862249135971069,-0.055465783923864365,0.5899046659469604,0.5366726517677307,-0.05604417622089386,0.5516352653503418,0.592507004737854,-0.07360713928937912,0.5551683306694031,0.6073569059371948,-0.07197324931621552,0.565777063369751,0.6024268865585327,-0.0681481882929802
30,right,0.38224583864212036,0.684340238571167,-1.0693323559962664e-07,0.3654228448867798,0.6372272372245789,-0.030990084633231163,0.3783579170703888,0.5758370161056519,-0.05309385433793068,0.4013228416442871,0.5266075134277344,-0.06422733515501022,0.41186216473579407,0.48029083013534546,-0.07458394765853882,0.3677864074707031,0.6440664529800415,-0.10005266219377518,0.4069978594779968,0.5606567859649658,-0.12629486620426178,0.42701268196105957,0.5163352489471436,-0.12967327237129211,0.4434898793697357,0.48224806785583496,-0.1303340047597885,0.3999479413032532,0.6690653562545776,-0.0897866040468216,0.43204107880592346,0.5614499449729919,-0.1147259846329689,0.4182246923446655,0.5612157583236694,-0.10313685983419418,0.4070122539997101,0.5849044919013977,-0.09354173392057419,0.428837388753891,0.6784590482711792,-0.07802914828062057,0.4500102698802948,0.5778844356536865,-0.09866787493228912,0.4346701502799988,0.5823060274124146,-0.08298564702272415,0.426405131816864,0.6063603758811951,-0.07067260146141052,0.45323652029037476,0.675502598285675,-0.06745082139968872,0.46498554944992065,0.5959132313728333,-0.08412465453147888,0.4518992602825165,0.59771728515625,-0.07962660491466522,0.44463443756103516,0.6190019249916077,-0.07601790875196457
30,left,0.6308550238609314,0.5498581528663635,-9.916242760255045e-08,0.5905293226242065,0.5349330306053162,0.00025332681252621114,0.5470827221870422,0.5419076681137085,-0.009749592281877995,0.5194030404090881,0.5759406685829163,-0.02187945693731308,0.5093728303909302,0.6089487671852112,-0.03579990193247795,0.5290994048118591,0.49387961626052856,-0.02030171826481819,0.48717692494392395,0.4961838722229004,-0.035512831062078476,0.4602620005607605,0.49257129430770874,-0.04302927106618881,0.4389733672142029,0.4857240915298462,-0.04931935667991638,0.5469602942466736,0.5025708079338074,-0.030584076419472694,0.5049294233322144,0.5820772647857666,-0.051743753254413605,0.5179235339164734,0.6101340651512146,-0.05327761545777321,0.5308207273483276,0.6062330603599548,-0.052618615329265594,0.567186176776886,0.52542644739151,-0.04056840389966965,0.529067873954773,0.6035143136978149,-0.06003366410732269,0.5429176092147827,0.6163266897201538,-0.05414995551109314,0.5552213788032532,0.6016120910644531,-0.04743509367108345,0.586051344871521,0.5504688024520874,-0.05028858408331871,0.5513438582420349,0.6104347705841064,-0.06398463994264603,0.558954119682312,0.6209472417831421,-0.06014101579785347,0.569587767124176,0.6095101833343506,-0.05500096455216408
31,right,0.3823905289173126,0.6832631826400757,-7.868551676892821e-08,0.36505186557769775,0.6370947360992432,-0.0322892852127552,0.3777097463607788,0.577302098274231,-0.05555761232972145,0.40085068345069885,0.5293639302253723,-0.06726368516683578,0.41161584854125977,0.4831981062889099,-0.07820667326450348,0.3648471236228943,0.6484561562538147,-0.10605627298355103,0.4044617712497711,0.5639311671257019,-0.13476377725601196,0.42540547251701355,0.5196090340614319,-0.13943806290626526,0.4420334994792938,0.4852129817008972,-0.14054228365421295,0.3974779546260834,0.6733993887901306,-0.0952523946762085,0.4307323098182678,0.5642358660697937,-0.12100382149219513,0.41748762130737305,0.5647327899932861,-0.10855349898338318,0.4066772758960724,0.5885021090507507,-0.09839184582233429,0.4267149269580841,0.6819353103637695,-0.08290969580411911,0.4486485421657562,0.5794214606285095,-0.10461407154798508,0.4338558316230774,0.5852877497673035,-0.08825740963220596,0.4263971447944641,0.6091472506523132,-0.0753132775425911,0.45160502195358276,0.677821695804596,-0.0716610997915268,0.4630988538265228,0.5976899266242981,-0.08803699165582657,0.450734406709671,0.6008800268173218,-0.08233177661895752,0.44418707489967346,0.6221215128898621,-0.07801232486963272
31,left,0.61616450548172,0.5398823022842407,3.0806756257106827e-08,0.5754105448722839,0.5285367965698242,-0.003002741141244769,0.5312937498092651,0.5399725437164307,-0.01662173494696617,0.5095016360282898,0.5745574235916138,-0.031148003414273262,0.5114049315452576,0.6018028855323792,-0.04776423051953316,0.5287603139877319,0.4817367494106293,-0.03222392499446869,0.4839401841163635,0.4773801267147064,-0.05026284605264664,0.45569533109664917,0.468824177980423,-0.059019435197114944,0.43296152353286743,0.45748114585876465,-0.06626184284687042,0.5484273433685303,0.4888339042663574,-0.041053205728530884,0.5066043138504028,0.5660673379898071,-0.06270695477724075,0.5231328010559082,0.5887847542762756,-0.062193356454372406,0.5346619486808777,0.5790070295333862,-0.06058547645807266,0.5695072412490845,0.511376678943634,-0.049337953329086304,0.525895893573761,0.5852541923522949,-0.06995236128568649,0.5388398766517639,0.5975961685180664,-0.0616014264523983,0.5517781376838684,0.5828683376312256,-0.05297385901212692,0.5875153541564941,0.5375049114227295,-0.05747050791978836,0.549091100692749,0.5958276391029358,-0.07474949955940247,0.5540136098861694,0.6083700656890869,-0.07205364108085632,0.5648862719535828,0.5992717146873474,-0.06736306101083755
32,right,0.382053017616272,0.6834554076194763,-1.2305063989970222e-07,0.36280524730682373,0.638471245765686,-0.03270580992102623,0.37562376260757446,0.5768908262252808,-0.05597791075706482,0.39900293946266174,0.5278579592704773,-0.06791413575410843,0.40956979990005493,0.48217663168907166,-0.07923680543899536,0.36495453119277954,0.6460040807723999,-0.1047183945775032,0.40453675389289856,0.5604358911514282,-0.13078072667121887,0.4241844117641449,0.5171777009963989,-0.1329173445701599,0.440423846244812,0.48508238792419434,-0.13284757733345032,0.39762189984321594,0.6700356602668762,-0.09403885155916214,0.4288593828678131,0.5599339604377747,-0.12038367986679077,0.41483640670776367,0.5617939829826355,-0.10868644714355469,0.4038393199443817,0.5875387787818909,-0.0989835113286972,0.4268825650215149,0.6784158945083618,-0.08176072686910629,0.4468022584915161,0.5764614343643188,-0.10342131555080414,0.43169286847114563,0.5829373002052307,-0.08791876584291458,0.4240025281906128,0.607966959476471,-0.07588982582092285,0.45157891511917114,0.6748021841049194,-0.07070063799619675,0.4624742865562439,0.594122052192688,-0.08806318789720535,0.44969627261161804,0.5981189608573914,-0.08411923050880432,0.4427727460861206,0.6205148100852966,-0.0811624675989151
32,left,0.6246002316474915,0.5526890158653259,-8.986436483837679e-08,0.5832901000976562,0.5388993620872498,-0.002376644406467676,0.5399407744407654,0.5400886535644531,-0.013499181717634201,0.5113803148269653,0.5696394443511963,-0.025696085765957832,0.5028012990951538,0.6011667251586914,-0.03943789750337601,0.5294825434684753,0.481801837682724,-0.02622290886938572,0.4840385317802429,0.4751598834991455,-0.04285890981554985,0.4549553096294403,0.46608811616897583,-0.05251143127679825,0.43065959215164185,0.4555075466632843,-0.06086508929729462,0.5465299487113953,0.4891532063484192,-0.03454387187957764,0.5043378472328186,0.5629178881645203,-0.056511908769607544,0.5128986239433289,0.5964629650115967,-0.05949791520833969,0.5222100019454956,0.6003137230873108,-0.06058576703071594,0.5659922957420349,0.5115101933479309,-0.04242807999253273,0.5275358557701111,0.5837364196777344,-0.06196625903248787,0.537423849105835,0.6040732860565186,-0.05745689198374748,0.548076868057251,0.5966731905937195,-0.05209120362997055,0.5843960642814636,0.5374487638473511,-0.05025060102343559,0.5496195554733276,0.593090295791626,-0.06424396485090256,0.5520827770233154,0.611931562423706,-0.06226194649934769,0.55931556224823,0.6097560524940491,-0.05887008458375931
33,right,0.38332656025886536,0.6822082996368408,-6.255221762785368e-08,0.3654446601867676,0.6370033621788025,-0.03234858065843582,0.3769422769546509,0.5762593746185303,-0.05644674599170685,0.39974769949913025,0.5267189145088196,-0.06899397075176239,0.4090152680873871,0.4789172410964966,-0.08069204539060593,0.3666895925998688,0.6438210606575012,-0.10638869553804398,0.4046381115913391,0.5589237809181213,-0.1338314563035965,0.42494872212409973,0.5145146250724792,-0.1365276724100113,0.44126424193382263,0.48126399517059326,-0.13611339032649994,0.39913657307624817,0.6681885123252869,-0.09563197940587997,0.43087518215179443,0.5601314306259155,-0.12005701661109924,0.4168638586997986,0.562279999256134,-0.1053326427936554,0.40626153349876404,0.5873487591743469,-0.09351969510316849,0.42784395813941956,0.676971435546875,-0.08336509019136429,0.45016413927078247,0.5753120183944702,-0.10407032072544098,0.43486401438713074,0.5814003348350525,-0.08602163195610046,0.4265469014644623,0.6059014201164246,-0.07203453034162521,0.45180097222328186,0.673924446105957,-0.07225456833839417,0.4644569456577301,0.5940654277801514,-0.08791475743055344,0.4520196318626404,0.5963478684425354,-0.08119279891252518,0.4442403018474579,0.618006706237793,-0.0762014091014862
33,left,0.6306233406066895,0.5551577806472778,-1.3821065181218728e-07,0.5888156890869141,0.5350297093391418,0.0020220212172716856,0.5468871593475342,0.5347626805305481,-0.006811587139964104,0.517250120639801,0.5598329901695251,-0.0182028878480196,0.5052402019500732,0.5892363786697388,-0.031588856130838394,0.5266444683074951,0.4906863868236542,-0.018999412655830383,0.47976016998291016,0.4922555983066559,-0.03343683481216431,0.4502808749675751,0.48716941475868225,-0.04153107851743698,0.4256664216518402,0.479903906583786,-0.04853338003158569,0.5431483387947083,0.4990543723106384,-0.029537348076701164,0.5035387873649597,0.5780161023139954,-0.049390148371458054,0.5100333094596863,0.605898380279541,-0.05262838304042816,0.5176111459732056,0.6073386669158936,-0.05415737256407738,0.5628385543823242,0.5217858552932739,-0.03931954503059387,0.527747631072998,0.6005650758743286,-0.05690300092101097,0.5383314490318298,0.6134164929389954,-0.0528021901845932,0.5476898550987244,0.6027098298072815,-0.048445604741573334,0.5813714265823364,0.5474005341529846,-0.04879073426127434,0.5501528978347778,0.606842041015625,-0.06088472530245781,0.5569803714752197,0.6167786121368408,-0.057715754956007004,0.5655885934829712,0.6069467067718506,-0.05377432331442833
34,right,0.38159823417663574,0.6812371015548706,-6.011516973103426e-08,0.364691823720932,0.6361353993415833,-0.03165104240179062,0.37680813670158386,0.5754787921905518,-0.054810721427202225,0.3999064266681671,0.5265709161758423,-0.0666465312242508,0.409252405166626,0.48006683588027954,-0.07774554193019867,0.3638674020767212,0.6459911465644836,-0.10457487404346466,0.4030417203903198,0.5630313158035278,-0.13203784823417664,0.4239167869091034,0.5183300971984863,-0.13555531203746796,0.440075546503067,0.48421376943588257,-0.13600221276283264,0.396435409784317,0.671109676361084,-0.09435233473777771,0.4302479326725006,0.5617667436599731,-0.11976835876703262,0.41654422879219055,0.5627989172935486,-0.10701560229063034,0.40487730503082275,0.5875593423843384,-0.09632996469736099,0.42549699544906616,0.6803336143493652,-0.08244867622852325,0.4479173421859741,0.5780537128448486,-0.10378004610538483,0.43327850103378296,0.5843141674995422,-0.08666487783193588,0.42510712146759033,0.6088736653327942,-0.07305122166872025,0.44992321729660034,0.6770246028900146,-0.07163229584693909,0.46141722798347473,0.5975196957588196,-0.08752721548080444,0.4494205117225647,0.6005178093910217,-0.0810604989528656,0.44273003935813904,0.6221389174461365,-0.07615804672241211
34,left,0.613548755645752,0.5426045060157776,-3.9982246846648195e-08,0.5770260691642761,0.5255991816520691,-0.0025890145916491747,0.5349747538566589,0.5308569073677063,-0.015675578266382217,0.5103890895843506,0.5629569292068481,-0.02948440983891487,0.5074025988578796,0.5908429622650146,-0.04562988504767418,0.5310713648796082,0.47487926483154297,-0.033037226647138596,0.48549607396125793,0.46843162178993225,-0.05104205384850502,0.4579090178012848,0.45931628346443176,-0.06079917028546333,0.4354095757007599,0.44719696044921875,-0.06884706765413284,0.548811674118042,0.4828330874443054,-0.04129985719919205,0.5053097605705261,0.5555616021156311,-0.06252361834049225,0.5160355567932129,0.5871931314468384,-0.06397397816181183,0.5255186557769775,0.5880935192108154,-0.06418910622596741,0.5680197477340698,0.5059190392494202,-0.048629969358444214,0.5254582166671753,0.5760952234268188,-0.06777070462703705,0.5361921191215515,0.5921309590339661,-0.06096765771508217,0.5485513806343079,0.5819495320320129,-0.054064393043518066,0.5851537585258484,0.5322322249412537,-0.05576210469007492,0.5473930835723877,0.5857590436935425,-0.07201927900314331,0.5503361225128174,0.6033672094345093,-0.0695527195930481,0.5600184798240662,0.601296067237854,-0.06527581810951233
35,right,0.3796326816082001,0.6845393776893616,-1.2650055225549295e-07,0.36114177107810974,0.6382696628570557,-0.03193255141377449,0.3750348389148712,0.576180100440979,-0.0540548674762249,0.3997790813446045,0.5267064571380615,-0.06525828689336777,0.4089776277542114,0.4812625050544739,-0.07582647353410721,0.36461031436920166,0.64454185962677,-0.09920340031385422,0.40291208028793335,0.5615102648735046,-0.1245986819267273,0.42262980341911316,0.5165112018585205,-0.12713390588760376,0.4393158555030823,0.4819364547729492,-0.1275036334991455,0.39713144302368164,0.6680997014045715,-0.08882085233926773,0.4285886883735657,0.5597571730613708,-0.11447778344154358,0.41379183530807495,0.5600051879882812,-0.10341957956552505,0.4026729464530945,0.584644079208374,-0.09386425465345383,0.42630162835121155,0.676304042339325,-0.07705306261777878,0.44690918922424316,0.5758411288261414,-0.09835601598024368,0.43108701705932617,0.5806389451026917,-0.08347894251346588,0.4229762852191925,0.6053435802459717,-0.07146262377500534,0.4510570466518402,0.6724667549133301,-0.06656133383512497,0.4629051685333252,0.5925571322441101,-0.08363465219736099,0.44957268238067627,0.5949377417564392,-0.07999065518379211,0.442431777715683,0.6171627044677734,-0.07696086168289185
35,left,0.6257232427597046,0.5523493885993958,-9.981847171047775e-08,0.5837336778640747,0.5371621251106262,0.00023881401284597814,0.5408477783203125,0.5446210503578186,-0.010654697194695473,0.5124819278717041,0.5810373425483704,-0.023838018998503685,0.5019279718399048,0.6168621778488159,-0.039037592709064484,0.5261485576629639,0.49388235807418823,-0.021248875185847282,0.48335063457489014,0.494500994682312,-0.03591368347406387,0.45618969202041626,0.4892953634262085,-0.04429438337683678,0.43387752771377563,0.48084545135498047,-0.05185838043689728,0.5431894659996033,0.5007597208023071,-0.03162718191742897,0.5009725689888,0.5807009935379028,-0.05115387588739395,0.5124163031578064,0.6060060262680054,-0.05311153829097748,0.524730920791626,0.6012806296348572,-0.0539366640150547,0.5622356534004211,0.5235921740531921,-0.04157382622361183,0.5241975784301758,0.6029434204101562,-0.05796557664871216,0.5377240777015686,0.6118008494377136,-0.05236033722758293,0.5502597689628601,0.596377968788147,-0.047569140791893005,0.5800512433052063,0.5497561693191528,-0.05159406363964081,0.5470356345176697,0.6113831996917725,-0.06362944841384888,0.5541955232620239,0.6211034059524536,-0.060498982667922974,0.563999354839325,0.6111489534378052,-0.05689609423279762
36,right,0.38167494535446167,0.6806535720825195,-4.683197118993121e-08,0.3636932075023651,0.6363358497619629,-0.03326711058616638,0.3747943937778473,0.5774543881416321,-0.05775514617562294,0.39719727635383606,0.5294216871261597,-0.07038775831460953,0.40847048163414,0.4829588234424591,-0.08229834586381912,0.36163729429244995,0.6482433080673218,-0.10955576598644257,0.40066009759902954,0.5648849606513977,-0.139471173286438,0.4216868579387665,0.5201234221458435,-0.14475400745868683,0.43784600496292114,0.48605936765670776,-0.14611096680164337,0.39541196823120117,0.6732369661331177,-0.09841802716255188,0.4278844892978668,0.5640465617179871,-0.12450522929430008,0.4142332375049591,0.5655329823493958,-0.11112633347511292,0.40291523933410645,0.5904115438461304,-0.10019434988498688,0.42505425214767456,0.6821370124816895,-0.08575499802827835,0.44618356227874756,0.5800079703330994,-0.1079445332288742,0.4319871664047241,0.5864768624305725,-0.09052947908639908,0.4243457317352295,0.6111173033714294,-0.07673750817775726,0.4498082995414734,0.6783213019371033,-0.07421451807022095,0.4603543281555176,0.5993375182151794,-0.09118179231882095,0.44874292612075806,0.6025230288505554,-0.0848226323723793,0.4422456920146942,0.6242192983627319,-0.079908087849617
36,left,0.6261252164840698,0.5590176582336426,-5.446108986006948e-08,0.5814526081085205,0.541878342628479,-0.0020435750484466553,0.5358196496963501,0.5417226552963257,-0.014189773239195347,0.5076999664306641,0.5696724057197571,-0.02739531733095646,0.5025203227996826,0.6010487079620361,-0.041997890919446945,0.5305459499359131,0.479270875453949,-0.027806304395198822,0.48515787720680237,0.4719616174697876,-0.0477663017809391,0.4564347267150879,0.46245768666267395,-0.06020486354827881,0.4318312406539917,0.4504188895225525,-0.07042215764522552,0.5491976141929626,0.4858068823814392,-0.03708706051111221,0.5027348399162292,0.5656378269195557,-0.05928589031100273,0.5189827680587769,0.5925976634025574,-0.05991930142045021,0.531822681427002,0.5849519968032837,-0.060014549642801285,0.5688260197639465,0.5099827647209167,-0.046337489038705826,0.5236482620239258,0.585005521774292,-0.06673798710107803,0.5373212695121765,0.6012715697288513,-0.05785899609327316,0.551025390625,0.5881441831588745,-0.04967641830444336,0.5855749845504761,0.5390342473983765,-0.05567410960793495,0.544837474822998,0.5951772332191467,-0.07124633342027664,0.5497912764549255,0.6119537949562073,-0.06733700633049011,0.5593970417976379,0.6068100929260254,-0.06254546344280243
