1,right,0,0,0,0,0,0,0,0,0,0,0,0,0,0,0,0,0,0,0,0,0,0,0,0,0,0,0,0,0,0,0,0,0,0,0,0,0,0,0,0,0,0,0,0,0,0,0,0,0,0,0,0,0,0,0,0,0,0,0,0,0,0,0
1,left,0,0,0,0,0,0,0,0,0,0,0,0,0,0,0,0,0,0,0,0,0,0,0,0,0,0,0,0,0,0,0,0,0,0,0,0,0,0,0,0,0,0,0,0,0,0,0,0,0,0,0,0,0,0,0,0,0,0,0,0,0,0,0
2,right,0,0,0,0,0,0,0,0,0,0,0,0,0,0,0,0,0,0,0,0,0,0,0,0,0,0,0,0,0,0,0,0,0,0,0,0,0,0,0,0,0,0,0,0,0,0,0,0,0,0,0,0,0,0,0,0,0,0,0,0,0,0,0
2,left,0,0,0,0,0,0,0,0,0,0,0,0,0,0,0,0,0,0,0,0,0,0,0,0,0,0,0,0,0,0,0,0,0,0,0,0,0,0,0,0,0,0,0,0,0,0,0,0,0,0,0,0,0,0,0,0,0,0,0,0,0,0,0
3,right,0,0,0,0,0,0,0,0,0,0,0,0,0,0,0,0,0,0,0,0,0,0,0,0,0,0,0,0,0,0,0,0,0,0,0,0,0,0,0,0,0,0,0,0,0,0,0,0,0,0,0,0,0,0,0,0,0,0,0,0,0,0,0
3,left,0,0,0,0,0,0,0,0,0,0,0,0,0,0,0,0,0,0,0,0,0,0,0,0,0,0,0,0,0,0,0,0,0,0,0,0,0,0,0,0,0,0,0,0,0,0,0,0,0,0,0,0,0,0,0,0,0,0,0,0,0,0,0
4,right,0.34045660495758057,0.8347756862640381,-2.5368342093656793e-08,0.3488078713417053,0.7737047672271729,-0.011626518331468105,0.38145190477371216,0.7266453504562378,-0.02422177419066429,0.41489800810813904,0.6974740028381348,-0.03394800052046776,0.4295022785663605,0.6758862733840942,-0.04271182045340538,0.3637896478176117,0.7772180438041687,-0.046944256871938705,0.4121849238872528,0.7309404015541077,-0.06566842645406723,0.4276221692562103,0.6987078189849854,-0.07236132770776749,0.4310500919818878,0.6758434772491455,-0.07413804531097412,0.3723756968975067,0.8144741654396057,-0.04800453782081604,0.4251773953437805,0.7575345635414124,-0.06781455874443054,0.4322390854358673,0.7190714478492737,-0.06914640963077545,0.4275705814361572,0.6966132521629333,-0.06829319149255753,0.38500988483428955,0.8423865437507629,-0.04798289015889168,0.43705594539642334,0.7859557867050171,-0.06424205750226974,0.4371248483657837,0.7577130794525146,-0.05806424841284752,0.4262157082557678,0.7454807758331299,-0.050691720098257065,0.39781710505485535,0.861524760723114,-0.04822206497192383,0.4361697733402252,0.8157728910446167,-0.05722906440496445,0.43931064009666443,0.7879036664962769,-0.05270456150174141,0.43075820803642273,0.7725104093551636,-0.04791685938835144
4,left,0,0,0,0,0,0,0,0,0,0,0,0,0,0,0,0,0,0,0,0,0,0,0,0,0,0,0,0,0,0,0,0,0,0,0,0,0,0,0,0,0,0,0,0,0,0,0,0,0,0,0,0,0,0,0,0,0,0,0,0,0,0,0
5,right,0.38020339608192444,0.7271692156791687,2.381701023068672e-07,0.36917901039123535,0.6802272200584412,-0.05054502189159393,0.38220158219337463,0.6332060098648071,-0.09753983467817307,0.4070375859737396,0.6025455594062805,-0.12656593322753906,0.43036648631095886,0.5678713917732239,-0.15430304408073425,0.34935975074768066,0.7134301662445068,-0.17614708840847015,0.3900773823261261,0.644370973110199,-0.2184378206729889,0.41075918078422546,0.6012569665908813,-0.22359243035316467,0.42371612787246704,0.5787809491157532,-0.22072109580039978,0.37726497650146484,0.7491761445999146,-0.1605352759361267,0.42426908016204834,0.6436505317687988,-0.19224564731121063,0.4165153503417969,0.6288352012634277,-0.16414842009544373,0.40878570079803467,0.6417961716651917,-0.1417578160762787,0.4066462516784668,0.758856475353241,-0.1419108361005783,0.4425943195819855,0.6585202217102051,-0.16173063218593597,0.4259856343269348,0.6507916450500488,-0.12498260289430618,0.4148016571998596,0.6654077768325806,-0.09904572367668152,0.4329144358634949,0.7542700171470642,-0.1262575387954712,0.4534711241722107,0.6778417229652405,-0.13182704150676727,0.43810147047042847,0.6686452031135559,-0.10933985561132431,0.42611587047576904,0.6857251524925232,-0.09490284323692322
5,left,0.6431253552436829,0.6100477576255798,3.5536388054424606e-07,0.6066188812255859,0.588392972946167,-0.00989843625575304,0.5718569755554199,0.5680105686187744,-0.029225023463368416,0.5498377084732056,0.57688307762146,-0.048942964524030685,0.5418675541877747,0.5902709364891052,-0.07014589756727219,0.5926281809806824,0.5047168135643005,-0.04411090910434723,0.5586841106414795,0.47116604447364807,-0.06834068894386292,0.5345610976219177,0.4480927288532257,-0.08220472931861877,0.51739501953125,0.42482590675354004,-0.09133484959602356,0.6124610304832458,0.5146698355674744,-0.052691806107759476,0.5699468851089478,0.491659015417099,-0.07583218067884445,0.5490785241127014,0.47301623225212097,-0.08248215168714523,0.5315464735031128,0.44973117113113403,-0.08629809319972992,0.6253965497016907,0.5424221158027649,-0.06051856279373169,0.5657002925872803,0.5758888721466064,-0.08081449568271637,0.5717626214027405,0.6007862687110901,-0.07380099594593048,0.5860879421234131,0.6029003262519836,-0.065662682056427,0.6316561102867126,0.5791512131690979,-0.06913835555315018,0.5825358629226685,0.6054778099060059,-0.08227039873600006,0.5855826139450073,0.6221321821212769,-0.07488367706537247,0.5984179973602295,0.621059775352478,-0.0676112100481987
6,right,0.3763219714164734,0.7123275995254517,9.638509368414816e-08,0.360355406999588,0.6618343591690063,-0.027840040624141693,0.3745993971824646,0.600396990776062,-0.048188112676143646,0.4008806645870209,0.5525169372558594,-0.058085016906261444,0.41547316312789917,0.5060672163963318,-0.0657571479678154,0.3615114092826843,0.6727855801582336,-0.0975506529211998,0.40269187092781067,0.5938524007797241,-0.12307395040988922,0.42345795035362244,0.5511962175369263,-0.12610451877117157,0.43966954946517944,0.5193125009536743,-0.12551933526992798,0.39275822043418884,0.6997462511062622,-0.08984628319740295,0.4296635091304779,0.5902809500694275,-0.11664747446775436,0.41814932227134705,0.5846774578094482,-0.10538408160209656,0.4084497094154358,0.6011713743209839,-0.09422551840543747,0.4214029014110565,0.7077811360359192,-0.07977303862571716,0.45018720626831055,0.6048386693000793,-0.09714782238006592,0.4340852200984955,0.6012899875640869,-0.07554797828197479,0.4243290424346924,0.6165514588356018,-0.05819465592503548,0.4449254870414734,0.7043324112892151,-0.07133320719003677,0.4645645320415497,0.6251928806304932,-0.07756578922271729,0.4493817985057831,0.6171534061431885,-0.06370113790035248,0.43981948494911194,0.6298653483390808,-0.05376777797937393
6,left,0.620166003704071,0.5549189448356628,-1.1036870972702673e-07,0.5821934938430786,0.5383853912353516,-0.006836919579654932,0.5513245463371277,0.5224068760871887,-0.020375020802021027,0.52610182762146,0.5252236723899841,-0.034641146659851074,0.5164796710014343,0.5350275635719299,-0.05015813186764717,0.5629419088363647,0.4470612406730652,-0.027730995789170265,0.5340018272399902,0.4182973802089691,-0.04614656791090965,0.510059118270874,0.39437660574913025,-0.057892777025699615,0.4903115928173065,0.37314578890800476,-0.06793315708637238,0.5820232033729553,0.45389848947525024,-0.035299304872751236,0.5287058353424072,0.5089178085327148,-0.05598378926515579,0.5354745388031006,0.5436881184577942,-0.056159667670726776,0.5500250458717346,0.5466386079788208,-0.05538690835237503,0.597286581993103,0.4811568558216095,-0.04336133599281311,0.5463741421699524,0.5350774526596069,-0.06137105077505112,0.552761971950531,0.5567654371261597,-0.05089690536260605,0.5660138726234436,0.5522265434265137,-0.04230217635631561,0.6083793640136719,0.5146932601928711,-0.0524577833712101,0.5652995705604553,0.5500009059906006,-0.06648043543100357,0.565944254398346,0.5685365796089172,-0.06005304306745529,0.57541424036026,0.5668667554855347,-0.05324269086122513
7,right,0.38714078068733215,0.6949935555458069,-1.808129468372499e-08,0.369182288646698,0.6504284739494324,-0.0374307855963707,0.38122090697288513,0.5887365937232971,-0.06471408158540726,0.4050136208534241,0.5401524901390076,-0.07906638830900192,0.4175020456314087,0.49101659655570984,-0.09298638254404068,0.3780742883682251,0.6573202610015869,-0.11861959844827652,0.411735862493515,0.5718193650245667,-0.1459936946630478,0.4301709234714508,0.5268425941467285,-0.1479383111000061,0.44522929191589355,0.4928625226020813,-0.14712384343147278,0.4107820689678192,0.6782554984092712,-0.10514741390943527,0.4358000159263611,0.5729102492332458,-0.128370463848114,0.42177724838256836,0.5724803805351257,-0.11153373122215271,0.41183093190193176,0.5950630307197571,-0.09916140139102936,0.4386403262615204,0.683610200881958,-0.08982698619365692,0.45563769340515137,0.5832801461219788,-0.10846932232379913,0.43978044390678406,0.5880172252655029,-0.08868566155433655,0.431170791387558,0.6112543940544128,-0.07505040615797043,0.46156424283981323,0.6781399250030518,-0.07609303295612335,0.4695759415626526,0.6021189093589783,-0.09219547361135483,0.45708590745925903,0.6039183139801025,-0.08567795157432556,0.4502873420715332,0.623627781867981,-0.08120987564325333
7,left,0.6073469519615173,0.5358560085296631,-6.749358050228693e-08,0.5633791089057922,0.5294511318206787,-0.009141884744167328,0.5343397855758667,0.5170575380325317,-0.025532079860568047,0.5126057267189026,0.5146610140800476,-0.043166983872652054,0.5112679600715637,0.5178498029708862,-0.06196751445531845,0.5483947992324829,0.42807987332344055,-0.026318702846765518,0.5181793570518494,0.4020606577396393,-0.04731816053390503,0.4918074607849121,0.37884488701820374,-0.06100751832127571,0.4712640941143036,0.3594816327095032,-0.07167856395244598,0.5686905384063721,0.432929128408432,-0.03362559527158737,0.5158387422561646,0.48362427949905396,-0.0554443895816803,0.5217132568359375,0.5208295583724976,-0.054869476705789566,0.535585880279541,0.5225317478179932,-0.05232390761375427,0.5849493741989136,0.45675721764564514,-0.042230863124132156,0.5331277847290039,0.5105205178260803,-0.06031801924109459,0.541240394115448,0.5346968770027161,-0.04824065417051315,0.5558704137802124,0.5311065912246704,-0.03807549178600311,0.596563994884491,0.48992884159088135,-0.05247873812913895,0.5544184446334839,0.5280758142471313,-0.06640631705522537,0.5576310753822327,0.5474265217781067,-0.05908120423555374,0.5701302886009216,0.5449728965759277,-0.051011331379413605
8,right,0.38634565472602844,0.6952376961708069,1.4986964913532574e-07,0.36739227175712585,0.6420034170150757,-0.024086985737085342,0.3806959390640259,0.5762408971786499,-0.04331827536225319,0.40678414702415466,0.5244856476783752,-0.053125716745853424,0.41485705971717834,0.47952157258987427,-0.061078645288944244,0.37659579515457153,0.6433299779891968,-0.0912720337510109,0.41506972908973694,0.5589959025382996,-0.11207964271306992,0.43305546045303345,0.5159187316894531,-0.11088762432336807,0.44682061672210693,0.4844626784324646,-0.10716766119003296,0.4086638391017914,0.6674110889434814,-0.08452633768320084,0.43551400303840637,0.5574557781219482,-0.10786112397909164,0.4242321252822876,0.5412357449531555,-0.09598595649003983,0.41598615050315857,0.5493522882461548,-0.08449374884366989,0.43668025732040405,0.6743015646934509,-0.07484529167413712,0.4550965428352356,0.5727699398994446,-0.08967708796262741,0.4375225901603699,0.5648593306541443,-0.06901747733354568,0.42740702629089355,0.5772936344146729,-0.052317991852760315,0.4590258002281189,0.6704747080802917,-0.06645786017179489,0.4692409336566925,0.591306209564209,-0.07034657150506973,0.45257219672203064,0.5837016105651855,-0.0562555193901062,0.4441796839237213,0.5968188643455505,-0.04598696902394295
8,left,0.616583526134491,0.5465484857559204,-1.8283718361544743e-07,0.5725402235984802,0.534072756767273,-0.006967794615775347,0.5405043959617615,0.5201796293258667,-0.019743425771594048,0.5155748724937439,0.5205767750740051,-0.03409438207745552,0.5040275454521179,0.5337888598442078,-0.049458976835012436,0.5402923822402954,0.4399297833442688,-0.021379178389906883,0.5048895478248596,0.41977518796920776,-0.04104284942150116,0.4778592586517334,0.3994883894920349,-0.055287785828113556,0.455513060092926,0.38202333450317383,-0.06664564460515976,0.5587961673736572,0.4410427212715149,-0.029698636382818222,0.509380578994751,0.5018630027770996,-0.05379629135131836,0.5127716064453125,0.5391624569892883,-0.05828646570444107,0.5235877633094788,0.5485848784446716,-0.05897348001599312,0.5765892267227173,0.4623050391674042,-0.03899155184626579,0.5300432443618774,0.5291252732276917,-0.057531606405973434,0.539770245552063,0.5508120059967041,-0.05029137805104256,0.5539568662643433,0.5477383136749268,-0.043364107608795166,0.5914027094841003,0.4917445182800293,-0.04988628625869751,0.5517386198043823,0.540174126625061,-0.06277772039175034,0.5551922917366028,0.5590531826019287,-0.05784076824784279,0.5660796761512756,0.5571871399879456,-0.05193665996193886
9,right,0.3863139748573303,0.6871427297592163,-1.7219569770077214e-08,0.36666738986968994,0.6427643895149231,-0.03069438226521015,0.38062453269958496,0.5773530006408691,-0.05173524096608162,0.4063575565814972,0.5262147188186646,-0.062100574374198914,0.4140850007534027,0.4792841076850891,-0.07217707484960556,0.3762317895889282,0.6468815207481384,-0.09670531004667282,0.4119760990142822,0.5597632527351379,-0.11917199939489365,0.4302414059638977,0.5152998566627502,-0.12036913633346558,0.4463505744934082,0.4821920394897461,-0.11975154280662537,0.4079248309135437,0.6677654385566711,-0.0866902619600296,0.4369041621685028,0.5599913001060486,-0.1083388552069664,0.4232478141784668,0.5596673488616943,-0.09649873524904251,0.41474485397338867,0.5819611549377441,-0.08692334592342377,0.4353196620941162,0.6738975644111633,-0.07483191043138504,0.45637407898902893,0.5727667808532715,-0.09106932580471039,0.43982189893722534,0.5765590667724609,-0.07387270033359528,0.43099626898765564,0.6006141901016235,-0.06117550656199455,0.4575473964214325,0.6682220101356506,-0.06446787714958191,0.46965739130973816,0.5893570184707642,-0.07737452536821365,0.45591163635253906,0.5904070734977722,-0.07081786543130875,0.4480935037136078,0.6119228601455688,-0.06602895259857178
9,left,0.6085119247436523,0.5571416616439819,-5.3687141843283825e-08,0.5665595531463623,0.5485977530479431,-0.005045957863330841,0.5313512086868286,0.550560474395752,-0.01765930838882923,0.5114396810531616,0.5797988772392273,-0.03166752681136131,0.5075497031211853,0.6065075397491455,-0.0476783886551857,0.5251195430755615,0.49122264981269836,-0.026297707110643387,0.4884408116340637,0.48718300461769104,-0.04274027422070503,0.46079885959625244,0.48020899295806885,-0.05375642329454422,0.438023179769516,0.4702066481113434,-0.0635264441370964,0.5456655621528625,0.49346616864204407,-0.0345977284014225,0.509151816368103,0.5712288618087769,-0.05706923454999924,0.515876293182373,0.6047105193138123,-0.06146612390875816,0.5265462398529053,0.6077172160148621,-0.06323759257793427,0.5677632093429565,0.5130983591079712,-0.04289482161402702,0.530926525592804,0.5908707976341248,-0.06184571236371994,0.5385782122612,0.6098239421844482,-0.05758087709546089,0.5496348142623901,0.6016350984573364,-0.052683014422655106,0.5879178643226624,0.5376542210578918,-0.05176885053515434,0.5550782680511475,0.5965569019317627,-0.0662323534488678,0.5560030937194824,0.6130568981170654,-0.06382308155298233,0.5638085007667542,0.6080312728881836,-0.05993043631315231
10,right,0.3849678337574005,0.7018703818321228,-1.3371766272030072e-07,0.36666133999824524,0.654487133026123,-0.03029315546154976,0.3817657232284546,0.5931975841522217,-0.0513211227953434,0.4077118933200836,0.5475965738296509,-0.06110703945159912,0.4204574227333069,0.5052431225776672,-0.07036155462265015,0.3726694583892822,0.6666145324707031,-0.10042041540145874,0.4090240001678467,0.5828189253807068,-0.12592779099941254,0.42821183800697327,0.5410621166229248,-0.12968575954437256,0.44424960017204285,0.5092910528182983,-0.13055670261383057,0.4042266309261322,0.6896083950996399,-0.0898067057132721,0.4357181787490845,0.5822376012802124,-0.11357558518648148,0.4248894453048706,0.5877924561500549,-0.10236666351556778,0.4147382974624634,0.6141543388366699,-0.09304496645927429,0.43210524320602417,0.6955246925354004,-0.07736807316541672,0.45465660095214844,0.5934699773788452,-0.09676124900579453,0.4424254298210144,0.6022145748138428,-0.08207416534423828,0.4348417818546295,0.6265296936035156,-0.07062480598688126,0.45563918352127075,0.6891614198684692,-0.06589066237211227,0.467129647731781,0.6105713844299316,-0.08171594142913818,0.45749297738075256,0.6151859760284424,-0.07752183079719543,0.4521043300628662,0.6360515356063843,-0.07423067092895508
10,left,0.6092665791511536,0.5810468196868896,-9.847639148574672e-08,0.5655491352081299,0.5800783634185791,-0.004551242105662823,0.5322754979133606,0.5853245854377747,-0.018443159759044647,0.5135820508003235,0.6115980744361877,-0.034080516546964645,0.5120612382888794,0.6355305910110474,-0.051151350140571594,0.5196331739425659,0.5204865336418152,-0.026606570929288864,0.48180222511291504,0.5186429619789124,-0.04346083104610443,0.45404863357543945,0.5148864388465881,-0.05286373570561409,0.43195992708206177,0.5090510249137878,-0.060994260013103485,0.5407100915908813,0.517062246799469,-0.03631972149014473,0.5089148283004761,0.5994859933853149,-0.058046989142894745,0.5225070118904114,0.6265558004379272,-0.05924471840262413,0.5351472496986389,0.6213948726654053,-0.0587349459528923,0.5643690228462219,0.5325278639793396,-0.04631267860531807,0.53367680311203,0.6173365712165833,-0.06456664204597473,0.5464218854904175,0.6299031376838684,-0.05700679123401642,0.5572447180747986,0.6155279874801636,-0.05038079246878624,0.5856982469558716,0.55467289686203,-0.05706337094306946,0.5575757622718811,0.6206467151641846,-0.07017252594232559,0.5642232894897461,0.632349967956543,-0.06543319672346115,0.5729643106460571,0.6206467747688293,-0.06022205203771591
11,right,0.38661107420921326,0.7038871049880981,-1.1277921885266551e-07,0.36662039160728455,0.6576489806175232,-0.03877243399620056,0.3789840042591095,0.6004083752632141,-0.06614799052476883,0.4020441472530365,0.555801510810852,-0.080525241792202,0.41823264956474304,0.5134848356246948,-0.09431435912847519,0.37469127774238586,0.6735060214996338,-0.11649172008037567,0.4087582230567932,0.5883803963661194,-0.1454441249370575,0.42747431993484497,0.5469123125076294,-0.1501661241054535,0.44492509961128235,0.5172755122184753,-0.15162117779254913,0.40667709708213806,0.694860577583313,-0.10241144150495529,0.4337279498577118,0.5919711589813232,-0.12756381928920746,0.4208930432796478,0.592929482460022,-0.11468666046857834,0.4123098850250244,0.6161422729492188,-0.10535905510187149,0.43524372577667236,0.6995770931243896,-0.08693695068359375,0.4524041712284088,0.601900577545166,-0.1075000986456871,0.43792271614074707,0.604790449142456,-0.09165441244840622,0.4302099943161011,0.627430260181427,-0.08039075136184692,0.45922350883483887,0.6932027339935303,-0.07323362678289413,0.46910998225212097,0.6165109276771545,-0.09166580438613892,0.45579826831817627,0.6153966188430786,-0.08824878931045532,0.44726160168647766,0.6335030794143677,-0.08558697998523712
11,left,0.6128194332122803,0.5901358127593994,-6.964113907770297e-08,0.5651881694793701,0.5875217914581299,-0.005586179438978434,0.5285142064094543,0.5919290781021118,-0.019955191761255264,0.5105729103088379,0.6185368299484253,-0.03568362072110176,0.513521671295166,0.6410424709320068,-0.05284806340932846,0.5207870006561279,0.5280841588973999,-0.028197811916470528,0.48647570610046387,0.5267124176025391,-0.046100251376628876,0.4607941508293152,0.5221399664878845,-0.056387562304735184,0.4392792582511902,0.5170510411262512,-0.06519456207752228,0.5427202582359314,0.5251981019973755,-0.03716529160737991,0.5116917490959167,0.6078499555587769,-0.05898908153176308,0.5259463787078857,0.6270484924316406,-0.06019214540719986,0.5380005836486816,0.6177868247032166,-0.060327544808387756,0.5667197704315186,0.540739893913269,-0.04652831703424454,0.5363451242446899,0.6250479221343994,-0.0643526241183281,0.5493156909942627,0.6305935382843018,-0.056370001286268234,0.5596894025802612,0.6130141615867615,-0.04985464736819267,0.5882270932197571,0.5627853274345398,-0.056763701140880585,0.5587813854217529,0.628450870513916,-0.0693451389670372,0.5653331875801086,0.6342218518257141,-0.0646219253540039,0.5734652876853943,0.61959308385849,-0.05983629450201988
12,right,0.3855942189693451,0.7046622037887573,-1.4768644973628398e-07,0.36684751510620117,0.6587932109832764,-0.03775801882147789,0.3782295286655426,0.5995265245437622,-0.06601446121931076,0.40038394927978516,0.5535079836845398,-0.08150976896286011,0.417216956615448,0.5119034051895142,-0.09679409861564636,0.37432634830474854,0.6719101667404175,-0.11852831393480301,0.4096671938896179,0.5881749391555786,-0.14812792837619781,0.4292147755622864,0.5451847314834595,-0.15399087965488434,0.44701501727104187,0.5135841965675354,-0.15658628940582275,0.4066851735115051,0.6941529512405396,-0.10474276542663574,0.4331136643886566,0.5913280248641968,-0.12872476875782013,0.420627623796463,0.5878998637199402,-0.11500394344329834,0.41121402382850647,0.6073939800262451,-0.10638872534036636,0.43488284945487976,0.6996603608131409,-0.08935566991567612,0.4534027576446533,0.6009812951087952,-0.10952944308519363,0.4387432336807251,0.6016835570335388,-0.09314387291669846,0.43045273423194885,0.6225776672363281,-0.08256956934928894,0.4587996006011963,0.6944743394851685,-0.07547986507415771,0.4689618945121765,0.6167739629745483,-0.09315175563097,0.4559444487094879,0.616273820400238,-0.0887778028845787,0.4482654631137848,0.634670078754425,-0.08618077635765076
12,left,0.611517608165741,0.5794048309326172,-9.08047468328732e-08,0.5680618286132812,0.5710081458091736,-0.004516494460403919,0.5329739451408386,0.5702088475227356,-0.018436456099152565,0.508584201335907,0.5879532098770142,-0.0337468646466732,0.5023840069770813,0.6076254844665527,-0.05057521164417267,0.5270742177963257,0.49996137619018555,-0.02942456118762493,0.49094924330711365,0.48758167028427124,-0.04904308542609215,0.4635904133319855,0.4765039384365082,-0.061151210218667984,0.44038525223731995,0.46612977981567383,-0.0710352212190628,0.5478000044822693,0.5006660223007202,-0.03818637505173683,0.5123904347419739,0.5730174779891968,-0.06217040494084358,0.5171659588813782,0.6119596362113953,-0.06474841386079788,0.5236511826515198,0.6202991008758545,-0.06529556214809418,0.5701019763946533,0.5198652148246765,-0.04702502489089966,0.535593569278717,0.5928781032562256,-0.06824550777673721,0.5410723090171814,0.6173077821731567,-0.06175969913601875,0.5495588779449463,0.6157451272010803,-0.054965242743492126,0.5900640487670898,0.5451534986495972,-0.05631982162594795,0.5579878687858582,0.6019729971885681,-0.07276386022567749,0.5553424954414368,0.6261113286018372,-0.07030708342790604,0.5585314035415649,0.629263699054718,-0.06605618447065353
13,right,0.3849526047706604,0.7065591216087341,-1.3909996710026462e-07,0.36583030223846436,0.6589102745056152,-0.04067318141460419,0.376581609249115,0.6005472540855408,-0.07058178633451462,0.39866286516189575,0.5556724667549133,-0.08657872676849365,0.4160483777523041,0.5132637023925781,-0.10220929235219955,0.3725306987762451,0.6743042469024658,-0.12494760751724243,0.40778228640556335,0.5916082262992859,-0.1582198292016983,0.42811059951782227,0.5472303628921509,-0.16635823249816895,0.44614022970199585,0.5147860050201416,-0.16988587379455566,0.40541592240333557,0.6966645121574402,-0.1096525713801384,0.433180570602417,0.5913167595863342,-0.13458074629306793,0.41912946105003357,0.5900937914848328,-0.11937794834375381,0.4091982841491699,0.6125904321670532,-0.10941988974809647,0.43403345346450806,0.7018380165100098,-0.09315032511949539,0.45272576808929443,0.6015507578849792,-0.11453615874052048,0.43704602122306824,0.604551374912262,-0.09724722057580948,0.42909693717956543,0.6272996664047241,-0.08563574403524399,0.4585224986076355,0.6963585019111633,-0.07824622094631195,0.468564510345459,0.6177378296852112,-0.09621401876211166,0.45534786581993103,0.6185649633407593,-0.09115421772003174,0.4477580189704895,0.6375208497047424,-0.0880146324634552
13,left,0.6104596853256226,0.5708418488502502,-3.720766983406065e-08,0.5636305212974548,0.5604017376899719,-0.006631168071180582,0.5269026160240173,0.5531336665153503,-0.023015495389699936,0.5018987655639648,0.5632820725440979,-0.040750790387392044,0.5037416219711304,0.5783474445343018,-0.059718288481235504,0.5336988568305969,0.47507181763648987,-0.030452201142907143,0.4979269802570343,0.45593804121017456,-0.05099082738161087,0.47087034583091736,0.43843895196914673,-0.06206017732620239,0.449033260345459,0.4207633435726166,-0.07126232981681824,0.5565656423568726,0.47601938247680664,-0.03922312706708908,0.5097090005874634,0.5450377464294434,-0.0641249567270279,0.5225012302398682,0.5781419277191162,-0.06305847316980362,0.5369479656219482,0.5741828680038452,-0.060433436185121536,0.5770444273948669,0.49692970514297485,-0.048729922622442245,0.5313931703567505,0.5663204193115234,-0.07112601399421692,0.5414506793022156,0.5867056846618652,-0.0608254000544548,0.5547413229942322,0.57825767993927,-0.05100351944565773,0.5923857688903809,0.5255143046379089,-0.05907563492655754,0.5522164106369019,0.5769243240356445,-0.07502466440200806,0.5544890761375427,0.5963674187660217,-0.07007536292076111,0.5634855031967163,0.5931662917137146,-0.06411127746105194
14,right,0.3859432339668274,0.700003445148468,-1.6691504356458609e-07,0.36725953221321106,0.6536388993263245,-0.034592270851135254,0.37870359420776367,0.5940037369728088,-0.05969011038541794,0.4007938802242279,0.5471758842468262,-0.07365648448467255,0.4181400537490845,0.5043613910675049,-0.08742418885231018,0.372241735458374,0.6682223677635193,-0.1058165580034256,0.4095028340816498,0.58515465259552,-0.132713183760643,0.42854562401771545,0.5416373610496521,-0.13691860437393188,0.44556933641433716,0.5089625716209412,-0.13866107165813446,0.40452998876571655,0.6908631324768066,-0.09467719495296478,0.43235859274864197,0.5860204696655273,-0.12018658965826035,0.4185367524623871,0.5863558053970337,-0.10976072400808334,0.4079146981239319,0.6091345548629761,-0.10218781232833862,0.4333880543708801,0.6974202990531921,-0.08208953589200974,0.45216840505599976,0.595798134803772,-0.10333769023418427,0.4366571009159088,0.6008350253105164,-0.0885661393404007,0.42823368310928345,0.6246151328086853,-0.07807740569114685,0.4582408368587494,0.6929351091384888,-0.07092534005641937,0.4683132767677307,0.6120592951774597,-0.08899075537919998,0.45540139079093933,0.6146963238716125,-0.0851077064871788,0.4482129216194153,0.6355615258216858,-0.08229868113994598
14,left,0.6165583729743958,0.5798473954200745,-1.5188739155291842e-07,0.5698202848434448,0.5673131346702576,-0.004964941646903753,0.5346149206161499,0.5612451434135437,-0.018175223842263222,0.510464608669281,0.579673707485199,-0.033474527299404144,0.501919686794281,0.6068727374076843,-0.050135377794504166,0.5299071669578552,0.4915342926979065,-0.02372593805193901,0.4906310439109802,0.4783560037612915,-0.04122498258948326,0.4624035954475403,0.46416717767715454,-0.05295165628194809,0.4398626983165741,0.4510927200317383,-0.06286588311195374,0.5476456880569458,0.4932388961315155,-0.03321605175733566,0.5056446194648743,0.5674431920051575,-0.0559428445994854,0.5138686299324036,0.5983069539070129,-0.05973152816295624,0.5270656943321228,0.6016861200332642,-0.06086456775665283,0.5674223899841309,0.5144803524017334,-0.043100401759147644,0.5278681516647339,0.59169602394104,-0.060495104640722275,0.5396425724029541,0.6066330075263977,-0.05457327887415886,0.5531874299049377,0.5983417630195618,-0.0492648184299469,0.5854047536849976,0.5422689914703369,-0.0542682409286499,0.5509152412414551,0.599619448184967,-0.06611689180135727,0.5541747212409973,0.6162924766540527,-0.06204978749155998,0.5626977682113647,0.6134691834449768,-0.05749673768877983
15,right,0.3841530680656433,0.697974443435669,-1.4279910942605056e-07,0.3659501373767853,0.6493321657180786,-0.038066498935222626,0.3778243064880371,0.5907466411590576,-0.0666208267211914,0.39994144439697266,0.546280026435852,-0.08244679123163223,0.4178878366947174,0.5064457654953003,-0.09795119613409042,0.37084829807281494,0.6658974885940552,-0.11897648870944977,0.4077497124671936,0.5831765532493591,-0.15184670686721802,0.4276958107948303,0.5406857132911682,-0.1599762886762619,0.44552168250083923,0.5096403360366821,-0.16352945566177368,0.4029916226863861,0.6888521909713745,-0.10569211840629578,0.4316410720348358,0.583975076675415,-0.13307718932628632,0.41825300455093384,0.5846503376960754,-0.12127359211444855,0.4082530736923218,0.6081713438034058,-0.1130429357290268,0.43213456869125366,0.6948379278182983,-0.09105733036994934,0.450924277305603,0.5947073698043823,-0.11369532346725464,0.4354717433452606,0.5996012091636658,-0.09824766963720322,0.42802226543426514,0.6234517693519592,-0.08746838569641113,0.45748013257980347,0.6891313195228577,-0.0779256820678711,0.46689409017562866,0.6104041337966919,-0.0967239961028099,0.45362842082977295,0.6126587390899658,-0.09269673377275467,0.447031170129776,0.6325071454048157,-0.09002102166414261
15,left,0.6199357509613037,0.598575234413147,-1.3920602270900417e-07,0.5703564882278442,0.5933698415756226,-0.0016842619515955448,0.5341955423355103,0.5968983173370361,-0.016046766191720963,0.5096759796142578,0.6221910119056702,-0.03299441933631897,0.5024046897888184,0.6468530893325806,-0.05121941491961479,0.5216644406318665,0.5268710851669312,-0.02470427192747593,0.4823996424674988,0.5204089879989624,-0.04335232824087143,0.4566689133644104,0.5153788328170776,-0.05402529612183571,0.43655046820640564,0.510157585144043,-0.06259999424219131,0.5428246855735779,0.5277456045150757,-0.036354824900627136,0.5014216303825378,0.6053715348243713,-0.05746735632419586,0.516833484172821,0.6291207671165466,-0.05814752355217934,0.5315775871276855,0.6206293702125549,-0.05794950947165489,0.5650923848152161,0.5467667579650879,-0.04833684489130974,0.5262261629104614,0.6276924014091492,-0.06442640721797943,0.5417877435684204,0.6358180642127991,-0.05575881525874138,0.5546298027038574,0.6181983947753906,-0.049612998962402344,0.5849001407623291,0.5721347332000732,-0.061098162084817886,0.5509103536605835,0.6349607706069946,-0.07230304926633835,0.558515191078186,0.6430834531784058,-0.0669066533446312,0.5685395002365112,0.6295156478881836,-0.061993781477212906
16,right,0.3854385316371918,0.7049264907836914,-1.5896759464339993e-07,0.3656304180622101,0.6563516855239868,-0.039591386914253235,0.37886008620262146,0.5966589450836182,-0.06763539463281631,0.40204450488090515,0.5517714023590088,-0.0823100209236145,0.4210622012615204,0.5129222869873047,-0.09656848013401031,0.3725177049636841,0.6731321215629578,-0.1191948652267456,0.40799975395202637,0.5894691944122314,-0.15066315233707428,0.42675450444221497,0.5475764870643616,-0.1586761474609375,0.4449598789215088,0.516859769821167,-0.1629769504070282,0.40478163957595825,0.6955122947692871,-0.10466324537992477,0.43342292308807373,0.5908023118972778,-0.13121041655540466,0.42049410939216614,0.5934748649597168,-0.11978012323379517,0.41179347038269043,0.6187140941619873,-0.11225298792123795,0.433972030878067,0.7009157538414001,-0.08878269791603088,0.45332586765289307,0.6014485955238342,-0.10965415090322495,0.43794742226600647,0.6077130436897278,-0.09382019191980362,0.43121615052223206,0.6329331994056702,-0.08348414301872253,0.4589589238166809,0.6945080161094666,-0.07479336112737656,0.4687930941581726,0.6172188520431519,-0.09414681047201157,0.4554192125797272,0.6196141242980957,-0.09175058454275131,0.4495317041873932,0.6397956609725952,-0.09035846590995789
16,left,0.6152697801589966,0.6043054461479187,-7.543513902419363e-08,0.5671496987342834,0.5936567783355713,-0.004800266586244106,0.5267247557640076,0.5962953567504883,-0.020074134692549706,0.5020588040351868,0.6253202557563782,-0.03656430169939995,0.5022202730178833,0.6482675671577454,-0.054359789937734604,0.5204596519470215,0.5318388342857361,-0.03171692043542862,0.4815502464771271,0.5268308520317078,-0.052457261830568314,0.455012708902359,0.5215638279914856,-0.06374270468950272,0.4313870668411255,0.5149246454238892,-0.0730135515332222,0.5438164472579956,0.5344977378845215,-0.0412922203540802,0.5026254057884216,0.6178020238876343,-0.06690222769975662,0.5166803598403931,0.6391050815582275,-0.06853032857179642,0.5284374356269836,0.6293638944625854,-0.0683392733335495,0.5673925876617432,0.5554174780845642,-0.05103536695241928,0.5278812646865845,0.6379401683807373,-0.07338649779558182,0.5413652658462524,0.6459686756134033,-0.06505376100540161,0.552482545375824,0.6270216703414917,-0.05681265518069267,0.5865445137023926,0.5812427401542664,-0.061162352561950684,0.5501430034637451,0.6410782337188721,-0.07705140858888626,0.5558041334152222,0.6497010588645935,-0.07274891436100006,0.5635709762573242,0.6357867121696472,-0.0674099326133728
17,right,0.38556182384490967,0.7035439610481262,-1.249983796469678e-07,0.3664304316043854,0.6542162895202637,-0.041867103427648544,0.3778490424156189,0.5959160327911377,-0.07212571799755096,0.40057212114334106,0.5525259971618652,-0.08847040683031082,0.4202388525009155,0.514972448348999,-0.10422835499048233,0.3738142251968384,0.6726628541946411,-0.12481727451086044,0.4089440703392029,0.5877967476844788,-0.1589926928281784,0.4288530945777893,0.5448642373085022,-0.1680348962545395,0.446806401014328,0.5136664509773254,-0.1721736043691635,0.40618351101875305,0.6947643160820007,-0.10920020937919617,0.4331834018230438,0.5912532210350037,-0.1366552710533142,0.4197516441345215,0.5916749835014343,-0.1240888386964798,0.40984413027763367,0.6143079400062561,-0.11559335887432098,0.43490269780158997,0.7000293135643005,-0.09247341752052307,0.45271027088165283,0.6012356281280518,-0.11514080315828323,0.43740150332450867,0.6056070327758789,-0.09930787980556488,0.4300929605960846,0.6289486885070801,-0.08848636597394943,0.4593247175216675,0.6942179203033447,-0.07757638394832611,0.4684648811817169,0.6173153519630432,-0.09700822085142136,0.4554313123226166,0.6190701127052307,-0.09349523484706879,0.44906118512153625,0.6383185386657715,-0.0911572054028511
17,left,0.6151373386383057,0.6031206846237183,-1.1390471854610951e-07,0.5691865086555481,0.594028115272522,-0.003969115205109119,0.5303585529327393,0.5960375666618347,-0.017579685896635056,0.5053516030311584,0.6236130595207214,-0.032722022384405136,0.5001081228256226,0.6461420059204102,-0.04896482452750206,0.5225978493690491,0.5310510993003845,-0.02676338329911232,0.48292896151542664,0.5268203020095825,-0.04668854549527168,0.45607733726501465,0.5215531587600708,-0.05810778960585594,0.43314215540885925,0.5155189633369446,-0.06708911061286926,0.5437775254249573,0.5326170921325684,-0.036138009279966354,0.5041878819465637,0.6136126518249512,-0.06129450350999832,0.5161542296409607,0.6375443935394287,-0.06394434720277786,0.5276188254356384,0.6309513449668884,-0.0640735775232315,0.5656819343566895,0.5521624684333801,-0.04586567357182503,0.5270801186561584,0.6330422759056091,-0.06745332479476929,0.538942813873291,0.6455584764480591,-0.06023799255490303,0.5493776202201843,0.6305385231971741,-0.05262969061732292,0.5841758847236633,0.576944887638092,-0.056037772446870804,0.5500448942184448,0.6377395391464233,-0.07074831426143646,0.5542797446250916,0.6494864821434021,-0.06673218309879303,0.5610185861587524,0.638632595539093,-0.061553988605737686
18,right,0.3842207193374634,0.7031936645507812,-1.674664957818095e-07,0.36515161395072937,0.6555595397949219,-0.038745757192373276,0.3766273260116577,0.5971888303756714,-0.06747037917375565,0.3993103504180908,0.5518593192100525,-0.08317963033914566,0.41663843393325806,0.5096350312232971,-0.0986374095082283,0.36969509720802307,0.6714372634887695,-0.11981906741857529,0.40664127469062805,0.590042233467102,-0.152272567152977,0.42715683579444885,0.5464463829994202,-0.16102172434329987,0.44616037607192993,0.5131474733352661,-0.16558973491191864,0.4026325047016144,0.6950029730796814,-0.10584211349487305,0.43031179904937744,0.5907386541366577,-0.13116717338562012,0.4168217182159424,0.5903528332710266,-0.11827069520950317,0.40743809938430786,0.6128961443901062,-0.11025463044643402,0.4316893517971039,0.7011867761611938,-0.09051869064569473,0.4511246085166931,0.6012753844261169,-0.1119709387421608,0.4355071783065796,0.6044735312461853,-0.09534601122140884,0.427400678396225,0.627578854560852,-0.08443925529718399,0.4571903347969055,0.6961042284965515,-0.07677101343870163,0.4681221544742584,0.6170938611030579,-0.09511058032512665,0.4543180763721466,0.6173652410507202,-0.09034636616706848,0.4465537965297699,0.6359398365020752,-0.08743221312761307
18,left,0.6091098785400391,0.5892476439476013,-5.852086459867678e-08,0.562990665435791,0.576671302318573,-0.005451202858239412,0.5255643129348755,0.57191401720047,-0.019918275997042656,0.501770555973053,0.5906833410263062,-0.035652294754981995,0.49674659967422485,0.6162495017051697,-0.05304526910185814,0.5215527415275574,0.5017939209938049,-0.029913457110524178,0.48435139656066895,0.48941299319267273,-0.050023168325424194,0.4572307765483856,0.4767523407936096,-0.06250476837158203,0.4335298538208008,0.4641721248626709,-0.0726117268204689,0.5428127646446228,0.5029113292694092,-0.038527026772499084,0.5041990280151367,0.5778151154518127,-0.062075674533843994,0.5132367610931396,0.6101693511009216,-0.06362296640872955,0.5229328274726868,0.6106992959976196,-0.06349717825651169,0.5650468468666077,0.5237268805503845,-0.04744810611009598,0.5274484157562256,0.597663938999176,-0.06864313781261444,0.5366045236587524,0.6163397431373596,-0.060994990170001984,0.5481336712837219,0.6095651984214783,-0.05313175171613693,0.5842999219894409,0.5511254072189331,-0.056930311024188995,0.5473167300224304,0.6064565777778625,-0.07286770641803741,0.548265814781189,0.6264054775238037,-0.06902968883514404,0.5547358989715576,0.6254351735115051,-0.06369026750326157
19,right,0.3843010365962982,0.7024269700050354,-1.3181089286717906e-07,0.3652510643005371,0.6540266871452332,-0.04215919226408005,0.3757500648498535,0.5966274738311768,-0.07333188503980637,0.39855435490608215,0.5522488355636597,-0.09015553444623947,0.4164741337299347,0.5097606778144836,-0.10659123957157135,0.3695489764213562,0.6732432842254639,-0.1284668743610382,0.40561819076538086,0.591896116733551,-0.16440707445144653,0.4266206920146942,0.5472544431686401,-0.17480801045894623,0.44507014751434326,0.5140263438224792,-0.17974364757537842,0.4031499922275543,0.6960654854774475,-0.11264565587043762,0.43166303634643555,0.5890626311302185,-0.1393187940120697,0.417368620634079,0.5886858701705933,-0.1246141791343689,0.4075818359851837,0.6126902103424072,-0.11496608704328537,0.43240171670913696,0.7010816931724548,-0.09575016796588898,0.45158877968788147,0.599086344242096,-0.11887810379266739,0.43591076135635376,0.6021684408187866,-0.10158026218414307,0.42824655771255493,0.6264023184776306,-0.0897449404001236,0.45773938298225403,0.6951034665107727,-0.08047933876514435,0.46780821681022644,0.6154363751411438,-0.0996784195303917,0.4541529715061188,0.6157011985778809,-0.0945998951792717,0.44621652364730835,0.6350927352905273,-0.0913597047328949
19,left,0.6081494688987732,0.5759419798851013,-7.419993863777563e-08,0.5612226724624634,0.5657364726066589,-0.00571399787440896,0.5254918336868286,0.5600218176841736,-0.02163369208574295,0.4985758364200592,0.5748610496520996,-0.03910946100950241,0.4964919984340668,0.5894091725349426,-0.057601671665906906,0.5235925316810608,0.4825060963630676,-0.0282027255743742,0.484819233417511,0.4655308425426483,-0.04872998222708702,0.45776984095573425,0.4500316381454468,-0.06034798547625542,0.43565890192985535,0.4330310821533203,-0.06990420073270798,0.5457324385643005,0.4834495186805725,-0.037677276879549026,0.49926039576530457,0.5560784935951233,-0.06332793831825256,0.5129433870315552,0.5871177911758423,-0.06425236165523529,0.5281413793563843,0.5833588242530823,-0.06277183443307877,0.5668675303459167,0.5044770836830139,-0.04779382422566414,0.5228543281555176,0.5785841345787048,-0.06994612514972687,0.5350785255432129,0.5972676277160645,-0.06088896095752716,0.5479709506034851,0.5865610241889954,-0.05190448462963104,0.584489643573761,0.5325469374656677,-0.05869661271572113,0.5459427833557129,0.5874224305152893,-0.07330894470214844,0.5497307181358337,0.6053454875946045,-0.06806837767362595,0.5577847957611084,0.6000375151634216,-0.061988405883312225
20,right,0.39071232080459595,0.6849104762077332,2.7627686804976292e-08,0.3695279657840729,0.6424046754837036,-0.02824443392455578,0.38030844926834106,0.5835014581680298,-0.047573454678058624,0.4079143702983856,0.5375161170959473,-0.056882549077272415,0.4191388189792633,0.4926247298717499,-0.06464529782533646,0.3727933168411255,0.6641899347305298,-0.09213310480117798,0.41260573267936707,0.581099271774292,-0.11474873125553131,0.4311109483242035,0.5397699475288391,-0.11679123342037201,0.4454842507839203,0.5095142126083374,-0.11593291163444519,0.4042408764362335,0.6903048157691956,-0.08404305577278137,0.436050683259964,0.5815629959106445,-0.1088486909866333,0.4234040081501007,0.574934720993042,-0.09822054952383041,0.41472235321998596,0.5918553471565247,-0.08786921203136444,0.43218928575515747,0.6953161954879761,-0.0739496722817421,0.4559839069843292,0.5909445285797119,-0.0912865400314331,0.43851354718208313,0.5913023948669434,-0.07159563899040222,0.4300581216812134,0.6109651327133179,-0.05552872270345688,0.4556402564048767,0.6872336268424988,-0.06553887575864792,0.4687363803386688,0.6095069646835327,-0.07373244315385818,0.4538784325122833,0.6042262315750122,-0.06245061755180359,0.44748714566230774,0.6202349662780762,-0.054076023399829865
20,left,0.6116323471069336,0.5864711403846741,-1.5503763961532968e-07,0.563288688659668,0.573743999004364,-0.0034358983393758535,0.5260006785392761,0.5690633058547974,-0.01664530299603939,0.5019269585609436,0.5859833359718323,-0.0321880467236042,0.49636709690093994,0.6118778586387634,-0.04933711886405945,0.5191765427589417,0.5006651878356934,-0.024369044229388237,0.4805143177509308,0.49052146077156067,-0.041891131550073624,0.45300883054733276,0.4791329503059387,-0.053121864795684814,0.43056923151016235,0.4676104784011841,-0.06259974837303162,0.5382750034332275,0.5023710131645203,-0.03480204939842224,0.49783357977867126,0.580416202545166,-0.057477694004774094,0.504168689250946,0.6114197969436646,-0.06094067916274071,0.515367329120636,0.6149954795837402,-0.06202957034111023,0.5595580339431763,0.5233914256095886,-0.045352935791015625,0.5211683511734009,0.6043605804443359,-0.06266806274652481,0.5327250957489014,0.6163254380226135,-0.05648133531212807,0.5460169315338135,0.6050369739532471,-0.051083602011203766,0.5787049531936646,0.5508645176887512,-0.056915149092674255,0.5447052121162415,0.6117242574691772,-0.06809589266777039,0.5492129325866699,0.623561680316925,-0.06357920914888382,0.558895468711853,0.6150599718093872,-0.058818645775318146
21,right,0.39890381693840027,0.6629094481468201,-3.0933055228388184e-08,0.37475818395614624,0.6238786578178406,-0.02880231663584709,0.3828769326210022,0.5691496133804321,-0.04875311255455017,0.4118674695491791,0.5296341180801392,-0.05852552503347397,0.43005070090293884,0.49354857206344604,-0.06699296087026596,0.3727332353591919,0.6614266037940979,-0.09564114362001419,0.41086214780807495,0.5799772143363953,-0.1181066557765007,0.4291137158870697,0.5372957587242126,-0.11994344741106033,0.4439862072467804,0.5067791938781738,-0.11912181228399277,0.4040469527244568,0.6875005960464478,-0.08765970915555954,0.43685826659202576,0.5788652300834656,-0.11252143979072571,0.4249473810195923,0.570798397064209,-0.10191464424133301,0.4174611270427704,0.5887497067451477,-0.09166816622018814,0.43331366777420044,0.6907399296760559,-0.07738514989614487,0.4553309977054596,0.5864431858062744,-0.09568925946950912,0.43862384557724,0.5862825512886047,-0.07731777429580688,0.4310873746871948,0.6081997752189636,-0.06210224702954292,0.458919495344162,0.6797081828117371,-0.06870704889297485,0.4684063196182251,0.601859450340271,-0.07868149131536484,0.4529595971107483,0.5984583497047424,-0.06864608079195023,0.4465459883213043,0.6182583570480347,-0.0612034872174263
21,left,0.6114952564239502,0.5989664196968079,-9.809981094122122e-08,0.5629429817199707,0.5923919677734375,-0.003040409879758954,0.5262898206710815,0.5932748913764954,-0.01867908425629139,0.5014059543609619,0.6159976720809937,-0.036437004804611206,0.4999544024467468,0.6348183751106262,-0.055644214153289795,0.5168493986129761,0.5224652886390686,-0.02866017445921898,0.47688543796539307,0.5137820243835449,-0.04928797855973244,0.44884422421455383,0.5056392550468445,-0.06157258152961731,0.4263134300708771,0.4976901113986969,-0.07163771986961365,0.5392756462097168,0.5239448547363281,-0.03947236016392708,0.4957202970981598,0.6046724319458008,-0.06322308629751205,0.5108208656311035,0.6274382472038269,-0.06388875097036362,0.5244941115379333,0.6180685758590698,-0.06332727521657944,0.5622394680976868,0.5435677766799927,-0.05056048557162285,0.5209412574768066,0.6267104148864746,-0.06880497932434082,0.535224437713623,0.6345744132995605,-0.05845268443226814,0.5470604300498962,0.6160798072814941,-0.05041886121034622,0.5820579528808594,0.5691697001457214,-0.062577985227108,0.5463801026344299,0.6324262619018555,-0.075127512216568,0.5528705716133118,0.6410451531410217,-0.06914982199668884,0.5620458722114563,0.627098023891449,-0.06336850672960281
22,right,0.399261474609375,0.6673824191093445,-4.347936410908915e-08,0.3749748170375824,0.6291159391403198,-0.03025917336344719,0.3836354613304138,0.5741643309593201,-0.049781907349824905,0.41260555386543274,0.5343202352523804,-0.058603473007678986,0.43102651834487915,0.49745047092437744,-0.06594375520944595,0.37358570098876953,0.6672521829605103,-0.09584735333919525,0.41215890645980835,0.5872966647148132,-0.11808881908655167,0.4300941526889801,0.5444686412811279,-0.11989050358533859,0.4447968006134033,0.5131989121437073,-0.11918525397777557,0.40511956810951233,0.693072497844696,-0.08685015887022018,0.43758344650268555,0.5844210982322693,-0.11144345253705978,0.42478612065315247,0.5765097737312317,-0.10069473087787628,0.4169190227985382,0.5941010117530823,-0.09044726192951202,0.4341250956058502,0.6955550909042358,-0.07571699470281601,0.4561837613582611,0.5907188653945923,-0.09431253373622894,0.43868741393089294,0.5910834670066833,-0.07593099772930145,0.43085187673568726,0.6125863194465637,-0.06059890612959862,0.45917487144470215,0.683911144733429,-0.06626524031162262,0.4691731333732605,0.6058221459388733,-0.07643233984708786,0.4531686305999756,0.6027776598930359,-0.06637172400951385,0.44611746072769165,0.6223477125167847,-0.05889422446489334
22,left,0.6131293177604675,0.6039166450500488,-9.147180435320479e-08,0.5667767524719238,0.5937772989273071,-0.003399129956960678,0.5285919308662415,0.5962920784950256,-0.017994707450270653,0.5028947591781616,0.6238760948181152,-0.03451832756400108,0.4989802837371826,0.6425168514251709,-0.0523727685213089,0.5180392265319824,0.5289223790168762,-0.026711033657193184,0.478547066450119,0.5222536325454712,-0.04662884771823883,0.4521258771419525,0.513013482093811,-0.0572945810854435,0.4314143657684326,0.5033695101737976,-0.06567487120628357,0.5408509373664856,0.5324411392211914,-0.03680998459458351,0.49831417202949524,0.6109260320663452,-0.0613572783768177,0.5111343860626221,0.6351675987243652,-0.06223500519990921,0.5237744450569153,0.6279756426811218,-0.060843322426080704,0.5639578700065613,0.5527450442314148,-0.04728446528315544,0.5233277678489685,0.6335979700088501,-0.06771884113550186,0.5354304909706116,0.6420339941978455,-0.058298755437135696,0.5458710193634033,0.6235904693603516,-0.049500010907649994,0.5836158394813538,0.5780452489852905,-0.05827361345291138,0.5468779802322388,0.6397683620452881,-0.07211267203092575,0.5532100200653076,0.6463595032691956,-0.06635678559541702,0.561524510383606,0.6298277378082275,-0.059949975460767746
23,right,0.40034905076026917,0.6638031601905823,-4.9620048514498194e-08,0.37733790278434753,0.6257591247558594,-0.030419453978538513,0.3852579891681671,0.5750563144683838,-0.05153077468276024,0.411770761013031,0.5374358892440796,-0.06172872707247734,0.4265180230140686,0.49682384729385376,-0.07050921767950058,0.37367528676986694,0.6645620465278625,-0.09870916604995728,0.4104495942592621,0.5871102809906006,-0.12292082607746124,0.4293779134750366,0.5457110404968262,-0.12679548561573029,0.4464449882507324,0.5152548551559448,-0.12740974128246307,0.4048473536968231,0.6914511919021606,-0.08974597603082657,0.437019944190979,0.5848302245140076,-0.11375430971384048,0.4224475026130676,0.5799881815910339,-0.10214468836784363,0.415053129196167,0.599345862865448,-0.09203441441059113,0.4339699149131775,0.6951477527618408,-0.07874744385480881,0.4553881585597992,0.5938735008239746,-0.09638170152902603,0.43713200092315674,0.5959353446960449,-0.07676545530557632,0.43016427755355835,0.6183764934539795,-0.06145279109477997,0.45983579754829407,0.68525630235672,-0.06954129040241241,0.46975865960121155,0.6094855070114136,-0.07863321155309677,0.45365309715270996,0.6074261665344238,-0.06745709478855133,0.446946918964386,0.6272849440574646,-0.05983372777700424
23,left,0.6129319071769714,0.6000391840934753,-1.216085081523488e-07,0.5672176480293274,0.5891420841217041,-0.0025867067743092775,0.5277727842330933,0.588894784450531,-0.014693000353872776,0.5021437406539917,0.6139683723449707,-0.028621047735214233,0.49742719531059265,0.6374673843383789,-0.04368826746940613,0.5205446481704712,0.5250775218009949,-0.022971851751208305,0.4795219898223877,0.5204266309738159,-0.040395841002464294,0.4521044194698334,0.5151265263557434,-0.049635861068964005,0.4291572570800781,0.5091514587402344,-0.05728158727288246,0.5408338904380798,0.527916431427002,-0.03296199440956116,0.5002505779266357,0.6082994937896729,-0.05735349655151367,0.5119075775146484,0.631292462348938,-0.060278572142124176,0.5234355330467224,0.6250836849212646,-0.06038280576467514,0.561845600605011,0.5483145713806152,-0.043125852942466736,0.5230556130409241,0.6282672882080078,-0.06431791186332703,0.535845160484314,0.6377383470535278,-0.05836561322212219,0.5463113188743591,0.6207453608512878,-0.05156359449028969,0.5797571539878845,0.5740591287612915,-0.05350174754858017,0.5452684760093689,0.634660005569458,-0.0673210620880127,0.5517840385437012,0.6434932947158813,-0.06342781335115433,0.5598432421684265,0.6301695704460144,-0.058497536927461624
24,right,0.3960472643375397,0.6812201738357544,-3.833015327359135e-08,0.37386709451675415,0.6446320414543152,-0.026939401403069496,0.3812411427497864,0.5861825942993164,-0.045434460043907166,0.4068138003349304,0.5440933704376221,-0.05396723002195358,0.4192432761192322,0.5038028955459595,-0.061518874019384384,0.3704763948917389,0.6682451367378235,-0.09290144592523575,0.4095064103603363,0.5868901610374451,-0.11491905897855759,0.42953598499298096,0.5466126203536987,-0.11635292321443558,0.44660961627960205,0.5179393887519836,-0.1154976561665535,0.4025286138057709,0.6952072381973267,-0.08552006632089615,0.4353901445865631,0.5858608484268188,-0.10942001640796661,0.42329850792884827,0.5855544805526733,-0.09773782640695572,0.4163883626461029,0.6074402332305908,-0.08687148988246918,0.4320189356803894,0.7014002799987793,-0.07602623850107193,0.4553720951080322,0.5983793139457703,-0.0938052386045456,0.44015052914619446,0.6030532121658325,-0.07459058612585068,0.43299391865730286,0.6258039474487305,-0.05903340503573418,0.45701009035110474,0.6936130523681641,-0.0679306760430336,0.46913647651672363,0.6144388318061829,-0.07853133976459503,0.45665472745895386,0.6142356395721436,-0.06857319176197052,0.4510722756385803,0.6351739168167114,-0.06117631494998932
24,left,0.6090991497039795,0.5834334492683411,-5.6774826617811414e-08,0.5617424249649048,0.5687115788459778,-0.0039500282146036625,0.5235301852226257,0.5628827810287476,-0.018534038215875626,0.4995100796222687,0.5807175636291504,-0.03471589833498001,0.495679646730423,0.6057813167572021,-0.052730973809957504,0.5243899822235107,0.49204757809638977,-0.030320437625050545,0.4845319986343384,0.47775179147720337,-0.05076970160007477,0.4572809934616089,0.4629006087779999,-0.0639260932803154,0.4337759017944336,0.4482909142971039,-0.074739009141922,0.5443621277809143,0.49452224373817444,-0.03947640210390091,0.5019980669021606,0.5673596262931824,-0.06338281184434891,0.5095663070678711,0.6004757881164551,-0.06535188853740692,0.5181856751441956,0.6020798087120056,-0.06573907285928726,0.5650485754013062,0.5162131786346436,-0.04868030920624733,0.5234971046447754,0.5876757502555847,-0.06960641592741013,0.5317172408103943,0.6071008443832397,-0.062164321541786194,0.5433187484741211,0.601412832736969,-0.05469974875450134,0.5830302834510803,0.5442370176315308,-0.058320995420217514,0.5448776483535767,0.5968766808509827,-0.0743320882320404,0.5438337922096252,0.6180164217948914,-0.07113274186849594,0.5491799116134644,0.619120180606842,-0.06645543873310089
25,right,0.3945257067680359,0.6831681728363037,-4.577008994033349e-08,0.37344682216644287,0.6464433073997498,-0.026132673025131226,0.38159844279289246,0.5863441228866577,-0.04354342445731163,0.4059974253177643,0.5420485734939575,-0.051447462290525436,0.41733068227767944,0.5010135173797607,-0.05816037207841873,0.37061524391174316,0.6658403873443604,-0.08794427663087845,0.40969499945640564,0.584007740020752,-0.10969527065753937,0.4291449785232544,0.5433661937713623,-0.11173015832901001,0.4456395208835602,0.5139216780662537,-0.11149393767118454,0.4019402265548706,0.692142128944397,-0.08078771084547043,0.4349812865257263,0.5817632675170898,-0.10574528574943542,0.4232037663459778,0.5821755528450012,-0.09616772085428238,0.41619306802749634,0.6050532460212708,-0.08636869490146637,0.43103712797164917,0.6984996795654297,-0.07167138904333115,0.45558005571365356,0.5950852632522583,-0.09024598449468613,0.4409855008125305,0.6002308130264282,-0.07264718413352966,0.43431001901626587,0.6238146424293518,-0.057699669152498245,0.45593976974487305,0.6910375356674194,-0.06387189775705338,0.46926307678222656,0.6117161512374878,-0.07499194890260696,0.4571343660354614,0.612555980682373,-0.06614028662443161,0.45206019282341003,0.6346287727355957,-0.059252504259347916
25,left,0.6102085709571838,0.5725919604301453,-1.1223055906839363e-07,0.563048243522644,0.5619061589241028,-0.005343806464225054,0.5267674922943115,0.5553708076477051,-0.019633689895272255,0.4998387098312378,0.5712277889251709,-0.03554653376340866,0.4947195053100586,0.5926610231399536,-0.052623506635427475,0.5233346223831177,0.4848560392856598,-0.02774142473936081,0.48337772488594055,0.46914273500442505,-0.04698887839913368,0.4553566575050354,0.4558314085006714,-0.058744050562381744,0.4317879378795624,0.4413003623485565,-0.06876210123300552,0.5438899397850037,0.4859832525253296,-0.036887042224407196,0.5010619163513184,0.5618525743484497,-0.06179746985435486,0.5126453638076782,0.5913205146789551,-0.06452509760856628,0.5267161130905151,0.5890529155731201,-0.06504598259925842,0.5645840167999268,0.5073137879371643,-0.04638875648379326,0.5236223340034485,0.5849379897117615,-0.06726974248886108,0.5349035859107971,0.6018797159194946,-0.06022830307483673,0.5473013520240784,0.5923575162887573,-0.05334888771176338,0.582390546798706,0.5347005724906921,-0.05675797909498215,0.5458188056945801,0.5922195911407471,-0.07085643708705902,0.5482567548751831,0.6088464260101318,-0.06700300425291061,0.5552260279655457,0.604329526424408,-0.06232532858848572
26,right,0.39751026034355164,0.6657325625419617,-2.7104066546712602e-08,0.371682345867157,0.628625214099884,-0.028906621038913727,0.37949106097221375,0.574290931224823,-0.04808284714818001,0.4084993004798889,0.5330156087875366,-0.057139068841934204,0.4261777997016907,0.49510645866394043,-0.0649358332157135,0.37280213832855225,0.665071964263916,-0.09290699660778046,0.4100750982761383,0.5843300223350525,-0.11519204080104828,0.4275955557823181,0.5416914820671082,-0.11749947816133499,0.44159072637557983,0.5115302205085754,-0.11689978092908859,0.40443041920661926,0.6893424391746521,-0.0845462903380394,0.4356723129749298,0.5821977257728577,-0.10893313586711884,0.4238896071910858,0.5720418691635132,-0.09928331524133682,0.416632741689682,0.5880874991416931,-0.08977001905441284,0.43351927399635315,0.691220760345459,-0.07401041686534882,0.4541980028152466,0.5886880159378052,-0.09198044240474701,0.4374626874923706,0.5869875550270081,-0.07443667948246002,0.43021896481513977,0.607258141040802,-0.05972723662853241,0.45850270986557007,0.6791131496429443,-0.0650910958647728,0.4670935869216919,0.6023837924003601,-0.07476100325584412,0.4518834352493286,0.598354697227478,-0.06484825909137726,0.4459950029850006,0.6167935132980347,-0.05733392760157585
26,left,0.6143578886985779,0.5935877561569214,-1.5535111685949232e-07,0.5632704496383667,0.5848211050033569,-0.0006714490591548383,0.5248954892158508,0.5857534408569336,-0.0133150490000844,0.5001237392425537,0.6100303530693054,-0.02884642407298088,0.493780255317688,0.6362601518630981,-0.04590165987610817,0.5150896310806274,0.5212670564651489,-0.021394699811935425,0.47545185685157776,0.5131964683532715,-0.03858576714992523,0.4481152594089508,0.5083633661270142,-0.048635534942150116,0.4267672300338745,0.5042822957038879,-0.05681503191590309,0.5361178517341614,0.5236460566520691,-0.032799720764160156,0.49494537711143494,0.6009474396705627,-0.05330141261219978,0.508065402507782,0.626042366027832,-0.05473139509558678,0.5214322805404663,0.6199418306350708,-0.05483507737517357,0.5582959055900574,0.5435040593147278,-0.04441496729850769,0.5194680690765381,0.6233808994293213,-0.0600394532084465,0.534420371055603,0.6300594806671143,-0.053035326302051544,0.547162652015686,0.6117998361587524,-0.047736603766679764,0.5780488848686218,0.5698679685592651,-0.0566256120800972,0.5439488291740417,0.6307910680770874,-0.06713654845952988,0.5519098043441772,0.6378893852233887,-0.06221744790673256,0.5628005266189575,0.6234872937202454,-0.05752202868461609
27,right,0.3925531208515167,0.6889262795448303,-2.8419378850230714e-08,0.3682176470756531,0.6470287442207336,-0.02815891057252884,0.37749460339546204,0.5861135125160217,-0.04719080775976181,0.40787723660469055,0.5406993627548218,-0.055942051112651825,0.42891889810562134,0.5057588219642639,-0.06329454481601715,0.3736658990383148,0.675895631313324,-0.09333685040473938,0.4133080244064331,0.5927866697311401,-0.11537110805511475,0.43108946084976196,0.5506932139396667,-0.11733643710613251,0.44446149468421936,0.5198667049407959,-0.11676497012376785,0.406096875667572,0.7005398273468018,-0.0848257839679718,0.4370531141757965,0.5898592472076416,-0.10901200026273727,0.423722505569458,0.5827191472053528,-0.0986514762043953,0.41484159231185913,0.6003481149673462,-0.08851390331983566,0.43478885293006897,0.7029772996902466,-0.074006088078022,0.4549596607685089,0.597011387348175,-0.09199897199869156,0.4372575283050537,0.5972270369529724,-0.0742264911532402,0.42875295877456665,0.6177213788032532,-0.05919302999973297,0.45833343267440796,0.6910923719406128,-0.06455980241298676,0.46706461906433105,0.6119643449783325,-0.07445389032363892,0.4507196545600891,0.6081666350364685,-0.06485843658447266,0.4438483715057373,0.626240074634552,-0.05745730549097061
27,left,0.6119764447212219,0.6056050062179565,-1.1219501061532355e-07,0.5633640885353088,0.5957292914390564,-0.0019305727910250425,0.52351975440979,0.5963698029518127,-0.015330124646425247,0.4986030161380768,0.6224142909049988,-0.03059169463813305,0.4947189688682556,0.6450915336608887,-0.047309067100286484,0.5155124664306641,0.5298864841461182,-0.026974983513355255,0.47595903277397156,0.5255717039108276,-0.046466976404190063,0.448836088180542,0.5200641751289368,-0.05687569081783295,0.42603373527526855,0.5136449337005615,-0.06525137275457382,0.5388182997703552,0.5338035821914673,-0.03772774338722229,0.497107595205307,0.6137637495994568,-0.06212672218680382,0.5096964240074158,0.640340268611908,-0.06311139464378357,0.5207780003547668,0.6357609033584595,-0.062074337154626846,0.5623700022697449,0.55543452501297,-0.04849151149392128,0.5225121974945068,0.6362062692642212,-0.069414421916008,0.5354021787643433,0.6458655595779419,-0.06028442084789276,0.5458366274833679,0.6280109286308289,-0.051519595086574554,0.5819523930549622,0.5817063450813293,-0.05946630612015724,0.5457155704498291,0.6409465074539185,-0.07356200367212296,0.5514047741889954,0.6494225263595581,-0.06790831685066223,0.5590519905090332,0.6346758604049683,-0.061625368893146515
28,right,0.39133819937705994,0.6904411911964417,-2.813733956941178e-08,0.36936402320861816,0.647769033908844,-0.03159637376666069,0.37971583008766174,0.5876718759536743,-0.05262618884444237,0.40838930010795593,0.5441254377365112,-0.06234433501958847,0.42958366870880127,0.5072644352912903,-0.07058962434530258,0.3728073239326477,0.6751596331596375,-0.1007084995508194,0.41154229640960693,0.5927186012268066,-0.12454470992088318,0.4293890595436096,0.5514203906059265,-0.12649409472942352,0.44398266077041626,0.5217247605323792,-0.125346377491951,0.40470051765441895,0.7010833024978638,-0.09067505598068237,0.4374980628490448,0.5927876830101013,-0.11467339843511581,0.42499595880508423,0.5858137011528015,-0.10249999165534973,0.4169885516166687,0.6031241416931152,-0.09132346510887146,0.43390265107154846,0.704768180847168,-0.07857199758291245,0.45551222562789917,0.6004812717437744,-0.09623608738183975,0.4383021891117096,0.6015385389328003,-0.07700743526220322,0.4299103021621704,0.6215462684631348,-0.06136830523610115,0.45846471190452576,0.6945122480392456,-0.06822223961353302,0.4680337607860565,0.6167248487472534,-0.07817719876766205,0.45284754037857056,0.6134560704231262,-0.06786783784627914,0.44609659910202026,0.6313620209693909,-0.060050077736377716
28,left,0.6126144528388977,0.6034387946128845,-6.3351542678447e-08,0.5655947923660278,0.5880573987960815,-0.002991961780935526,0.5258255004882812,0.5910060405731201,-0.017507854849100113,0.5016380548477173,0.6236879229545593,-0.03352716192603111,0.4983024299144745,0.6507925987243652,-0.0511920303106308,0.517723560333252,0.5332850217819214,-0.029479529708623886,0.47840189933776855,0.5310133695602417,-0.04931623488664627,0.4525430202484131,0.5239991545677185,-0.06058604270219803,0.4308094382286072,0.5164801478385925,-0.06950526684522629,0.5409386157989502,0.5385587811470032,-0.039132267236709595,0.49920743703842163,0.6204500794410706,-0.062321897596120834,0.5105094313621521,0.6389151811599731,-0.06328888982534409,0.5207955837249756,0.6289035081863403,-0.06280652433633804,0.563862681388855,0.5609463453292847,-0.048772282898426056,0.5229297280311584,0.6410958170890808,-0.06734709441661835,0.5338199138641357,0.6451815962791443,-0.05798891559243202,0.5438927412033081,0.625056803226471,-0.049799442291259766,0.5826411247253418,0.58738112449646,-0.058776307851076126,0.5457727909088135,0.6464800834655762,-0.07146711647510529,0.5507476925849915,0.649989664554596,-0.06558310240507126,0.5582075119018555,0.6329789757728577,-0.059428539127111435
29,right,0.39481645822525024,0.6823814511299133,-8.103982906959573e-08,0.3717411756515503,0.6464594006538391,-0.033038802444934845,0.37949568033218384,0.5874661207199097,-0.05404442176222801,0.40625524520874023,0.5444024801254272,-0.06361450254917145,0.42309650778770447,0.5041385293006897,-0.07243649661540985,0.3732044994831085,0.6710758209228516,-0.10043936222791672,0.41006460785865784,0.5903042554855347,-0.1252850890159607,0.42829418182373047,0.5483270883560181,-0.13015443086624146,0.44412681460380554,0.5163061618804932,-0.13206927478313446,0.40525054931640625,0.6950806379318237,-0.08962137252092361,0.43456995487213135,0.5874651670455933,-0.11330927908420563,0.42017289996147156,0.5894237160682678,-0.1026497483253479,0.41269269585609436,0.6122524738311768,-0.09357066452503204,0.4343582093715668,0.7000208497047424,-0.07702451199293137,0.45327749848365784,0.5986645221710205,-0.09538683295249939,0.43592771887779236,0.6051245927810669,-0.07772562652826309,0.42855963110923767,0.6291934251785278,-0.06406959891319275,0.4593140184879303,0.6915453672409058,-0.06619899719953537,0.4685799181461334,0.6130541563034058,-0.07928752899169922,0.45347297191619873,0.6150210499763489,-0.07124705612659454,0.4473779499530792,0.6369473934173584,-0.06541276723146439
29,left,0.6134907007217407,0.5905373692512512,-1.6012323555969488e-07,0.5680191516876221,0.5817694664001465,-0.0011692134430631995,0.5292523503303528,0.5816237330436707,-0.012063514441251755,0.5026167035102844,0.6033639907836914,-0.02505611442029476,0.4937739670276642,0.6276885271072388,-0.039517320692539215,0.5192293524742126,0.5171065330505371,-0.02032388374209404,0.47835877537727356,0.5163441300392151,-0.03623056411743164,0.45126503705978394,0.5137406587600708,-0.0449526309967041,0.4295811057090759,0.5101805925369263,-0.05213269591331482,0.5394814014434814,0.5203173160552979,-0.03089410997927189,0.5000519156455994,0.59496009349823,-0.05320882052183151,0.5051103234291077,0.6296892762184143,-0.05677235499024391,0.5127994418144226,0.6361482739448547,-0.057469915598630905,0.561797022819519,0.5402165055274963,-0.04137280955910683,0.524520993232727,0.6165967583656311,-0.06173393502831459,0.534151554107666,0.6349889636039734,-0.05717778950929642,0.543437659740448,0.6263359189033508,-0.05138014629483223,0.5818300247192383,0.5657753944396973,-0.0518009215593338,0.5488908290863037,0.6269014477729797,-0.06590474396944046,0.5533692240715027,0.6400556564331055,-0.06273184716701508,0.5605481266975403,0.6300755143165588,-0.05823282524943352
30,right,0.3935653567314148,0.6802219152450562,1.2505315005739703e-08,0.3697550296783447,0.6434221863746643,-0.027446268126368523,0.3771500587463379,0.5868677496910095,-0.04616860672831535,0.40307489037513733,0.5454148054122925,-0.054981306195259094,0.4153487980365753,0.5051640272140503,-0.06240633502602577,0.3681265711784363,0.6713041663169861,-0.09160540997982025,0.40645188093185425,0.589758038520813,-0.11416560411453247,0.426256000995636,0.5476744771003723,-0.11668150126934052,0.44206714630126953,0.5171284675598145,-0.1164415255188942,0.3998705744743347,0.6962681412696838,-0.08424869179725647,0.4312291443347931,0.586711585521698,-0.10994566231966019,0.41924968361854553,0.5836013555526733,-0.09981301426887512,0.4120413362979889,0.6034308075904846,-0.08927277475595474,0.42880603671073914,0.7006372809410095,-0.0747629776597023,0.45143717527389526,0.5977098345756531,-0.09356165677309036,0.4357263445854187,0.6001450419425964,-0.07452649623155594,0.42850157618522644,0.6216295957565308,-0.05821194499731064,0.45364800095558167,0.6915896534919739,-0.06676390767097473,0.46583786606788635,0.6134368777275085,-0.07642825692892075,0.45229101181030273,0.6113160252571106,-0.06549840420484543,0.44651713967323303,0.6312823295593262,-0.05703035369515419
30,left,0.6107590198516846,0.5714818239212036,-7.916768396398766e-08,0.5655336976051331,0.555377185344696,-0.0032234645914286375,0.5285478234291077,0.548175573348999,-0.017037170007824898,0.504501223564148,0.5653437972068787,-0.032387323677539825,0.49788910150527954,0.5910648107528687,-0.04977475851774216,0.5259233713150024,0.47869041562080383,-0.029610922560095787,0.4835537075996399,0.4686862528324127,-0.04956045746803284,0.4556121826171875,0.4556652903556824,-0.06281197816133499,0.4319828450679779,0.4418397843837738,-0.07359199970960617,0.5455499887466431,0.48189425468444824,-0.038688190281391144,0.5048716068267822,0.5545164942741394,-0.06158173456788063,0.5110530853271484,0.5864715576171875,-0.06440486758947372,0.51808762550354,0.5881832242012024,-0.06576535105705261,0.566197395324707,0.5030785202980042,-0.04758600890636444,0.5261175632476807,0.5751281976699829,-0.0671268031001091,0.5343149304389954,0.5925476551055908,-0.060090210288763046,0.5452173948287964,0.5852908492088318,-0.05345480144023895,0.5845646858215332,0.5304190516471863,-0.05685432627797127,0.5466878414154053,0.5842040181159973,-0.07150155305862427,0.5483860969543457,0.6030119061470032,-0.06757957488298416,0.5558902025222778,0.6006293892860413,-0.06273925304412842
31,right,0.38904449343681335,0.6822620630264282,-3.523858538301283e-08,0.3671944737434387,0.6427297592163086,-0.027175378054380417,0.37561357021331787,0.5847275257110596,-0.04631762579083443,0.4016495645046234,0.539644181728363,-0.05571203678846359,0.4132453203201294,0.49644818902015686,-0.06378297507762909,0.3674224019050598,0.666557788848877,-0.09259704500436783,0.4067203402519226,0.5820455551147461,-0.11469098925590515,0.42506957054138184,0.5398668050765991,-0.11546976864337921,0.44005537033081055,0.5089221000671387,-0.11383901536464691,0.3995755910873413,0.692627489566803,-0.08549715578556061,0.4295899569988251,0.5808035731315613,-0.11024489998817444,0.4158780574798584,0.5788568258285522,-0.09797395765781403,0.4081963896751404,0.6005544066429138,-0.08624547719955444,0.4285237789154053,0.6975358128547668,-0.07641804963350296,0.44957220554351807,0.5927173495292664,-0.09475620090961456,0.43286269903182983,0.5954880118370056,-0.07475944608449936,0.4262638986110687,0.617004930973053,-0.058313362300395966,0.453265905380249,0.6883343458175659,-0.0688101276755333,0.463130921125412,0.6089127063751221,-0.07835078984498978,0.44879773259162903,0.6065463423728943,-0.0674138069152832,0.4436120092868805,0.6258112788200378,-0.059299714863300323
31,left,0.6115675568580627,0.5658712983131409,-1.1484673478889817e-07,0.5649774670600891,0.5554349422454834,-0.006563588511198759,0.5293012857437134,0.5476089119911194,-0.021231340244412422,0.5006637573242188,0.5620259642601013,-0.03728819638490677,0.4930840730667114,0.58328777551651,-0.05446420609951019,0.5267771482467651,0.4725041389465332,-0.027128413319587708,0.4846900701522827,0.45854246616363525,-0.04760396108031273,0.4553161561489105,0.4454655051231384,-0.06067167595028877,0.4312446415424347,0.4310840368270874,-0.07127827405929565,0.546720564365387,0.47380542755126953,-0.03568626940250397,0.5012093782424927,0.544833779335022,-0.0612238347530365,0.5115306377410889,0.5766944885253906,-0.06409746408462524,0.5249691605567932,0.5759191513061523,-0.06419313699007034,0.5664315819740295,0.49460214376449585,-0.044908419251441956,0.5233170390129089,0.5693063139915466,-0.0658312737941742,0.5333919525146484,0.5883826613426208,-0.0581454373896122,0.5457378625869751,0.5797949433326721,-0.050573818385601044,0.5831696391105652,0.5228960514068604,-0.055243272334337234,0.5456740260124207,0.5781907439231873,-0.06908337026834488,0.5483936071395874,0.5952282547950745,-0.06456983089447021,0.5568497180938721,0.5900405645370483,-0.059267204254865646
32,right,0.38707900047302246,0.6809095144271851,-3.40084014283093e-08,0.36588943004608154,0.633607029914856,-0.02983822487294674,0.37748292088508606,0.5728990435600281,-0.04986048862338066,0.4070729613304138,0.5262641906738281,-0.05939140170812607,0.4248189330101013,0.4825214743614197,-0.0674595832824707,0.37038806080818176,0.659640371799469,-0.09518955647945404,0.40720289945602417,0.5769441723823547,-0.11740274727344513,0.42325296998023987,0.5346457362174988,-0.11770189553499222,0.43711158633232117,0.5024577975273132,-0.11560286581516266,0.40114670991897583,0.6866956353187561,-0.08662337809801102,0.43002569675445557,0.5761518478393555,-0.10948267579078674,0.41711103916168213,0.5691654682159424,-0.09643304347991943,0.4104335606098175,0.5872777700424194,-0.08500927686691284,0.4292939603328705,0.692441463470459,-0.07626422494649887,0.4488525986671448,0.5875098705291748,-0.0930824801325798,0.4306715726852417,0.5883089900016785,-0.07278897613286972,0.42308640480041504,0.6084547638893127,-0.05680093541741371,0.45368656516075134,0.6845217943191528,-0.0677156001329422,0.46277859807014465,0.6051623225212097,-0.07634091377258301,0.44699862599372864,0.6013097763061523,-0.06514862179756165,0.4407622516155243,0.6184991002082825,-0.05719917640089989
32,left,0.61372971534729,0.5820116996765137,-1.9915509597012715e-07,0.5637091398239136,0.5695073008537292,0.00014984638255555183,0.526486337184906,0.5670849084854126,-0.011512872762978077,0.5035943984985352,0.5868154168128967,-0.02614706940948963,0.49505627155303955,0.6162814497947693,-0.04261626675724983,0.5168667435646057,0.5032555460929871,-0.021437078714370728,0.4749189615249634,0.49726784229278564,-0.038452617824077606,0.44509416818618774,0.4936214089393616,-0.048825882375240326,0.4215317368507385,0.49048638343811035,-0.056870125234127045,0.5361984372138977,0.5078359246253967,-0.033069636672735214,0.49567317962646484,0.5836919546127319,-0.054161395877599716,0.4973490238189697,0.6147834658622742,-0.05766209959983826,0.5050219297409058,0.6203973293304443,-0.05881641060113907,0.5571020841598511,0.5300936698913574,-0.04453631490468979,0.5185508728027344,0.6094092130661011,-0.059775371104478836,0.5282706022262573,0.6198714971542358,-0.05463831126689911,0.5398960113525391,0.6077040433883667,-0.050322894006967545,0.5758057236671448,0.5578768849372864,-0.0566105879843235,0.5429747700691223,0.618640661239624,-0.06671079993247986,0.5464857816696167,0.6292837262153625,-0.06250761449337006,0.5552870631217957,0.6202634572982788,-0.057969607412815094
33,right,0.39449912309646606,0.6685793399810791,-4.6239499340572365e-08,0.3704470694065094,0.6299532055854797,-0.029015399515628815,0.3788600265979767,0.5768173933029175,-0.0486699678003788,0.4055548906326294,0.5364761352539062,-0.058865901082754135,0.42473387718200684,0.4992188811302185,-0.06781221181154251,0.3662223219871521,0.6679239273071289,-0.09120737016201019,0.4022141098976135,0.5846925973892212,-0.11292385309934616,0.4198957681655884,0.5425208210945129,-0.11321810632944107,0.43488040566444397,0.5124014616012573,-0.11139510571956635,0.396862655878067,0.6945213675498962,-0.0837302953004837,0.4286210536956787,0.5864646434783936,-0.10956568270921707,0.41702988743782043,0.5864301323890686,-0.0988348126411438,0.41027331352233887,0.6102256774902344,-0.08828382194042206,0.4258754253387451,0.6994651556015015,-0.07454369962215424,0.4472912549972534,0.5962260961532593,-0.09469804912805557,0.43222540616989136,0.6031109690666199,-0.07625564187765121,0.4260554313659668,0.6282161474227905,-0.060820624232292175,0.4508385956287384,0.6900079846382141,-0.06703542172908783,0.46185481548309326,0.6126360297203064,-0.07890073210000992,0.44915157556533813,0.6145205497741699,-0.06932901591062546,0.44376489520072937,0.6374043226242065,-0.06226399913430214
33,left,0.6104132533073425,0.5969818830490112,-1.1971529545462545e-07,0.561191737651825,0.5882288217544556,-0.0006871848017908633,0.5213466882705688,0.5900134444236755,-0.014012966305017471,0.4964331090450287,0.6152051687240601,-0.029770664870738983,0.4928428530693054,0.6389885544776917,-0.046889569610357285,0.512866199016571,0.5226877331733704,-0.024685807526111603,0.4717201590538025,0.518323540687561,-0.0433611199259758,0.44392168521881104,0.5147954225540161,-0.05310454219579697,0.42155978083610535,0.5115683674812317,-0.06084316596388817,0.535184383392334,0.5265249609947205,-0.03607868403196335,0.49262019991874695,0.6074704527854919,-0.05901797488331795,0.5077856779098511,0.6314697861671448,-0.05920863524079323,0.5201463103294373,0.6229959726333618,-0.05784197151660919,0.5579511523246765,0.5471403002738953,-0.04751928150653839,0.5171642303466797,0.6287087202072144,-0.06625301390886307,0.5308839082717896,0.6388466358184814,-0.0567564032971859,0.5408764481544495,0.6210509538650513,-0.048572469502687454,0.5778374075889587,0.5724091529846191,-0.05934546887874603,0.5423257350921631,0.6332722902297974,-0.07109283655881882,0.5484544038772583,0.6423755288124084,-0.06487301737070084,0.5565463304519653,0.6283984184265137,-0.058780472725629807
34,right,0.39315786957740784,0.6716275215148926,-4.935190034416337e-08,0.36912965774536133,0.633812665939331,-0.02946598455309868,0.37660515308380127,0.5801992416381836,-0.04900282248854637,0.40397050976753235,0.5393937826156616,-0.058466099202632904,0.42305809259414673,0.502119779586792,-0.06661976128816605,0.36798974871635437,0.6727501153945923,-0.09353391826152802,0.40462157130241394,0.5906111598014832,-0.11507467180490494,0.4215085506439209,0.5482783317565918,-0.11590181291103363,0.4355776607990265,0.5174500942230225,-0.11452499777078629,0.39919114112854004,0.6990810632705688,-0.08501465618610382,0.4289635121822357,0.5905010104179382,-0.10860055685043335,0.4154135584831238,0.5866217613220215,-0.09678620100021362,0.40807047486305237,0.6065057516098022,-0.08615479618310928,0.42783355712890625,0.7024962902069092,-0.07458217442035675,0.4485415816307068,0.5986445546150208,-0.09245793521404266,0.43094417452812195,0.6014328002929688,-0.07317100465297699,0.4239146113395691,0.6234139800071716,-0.05770498514175415,0.4522002339363098,0.6911318302154541,-0.06587295234203339,0.46171337366104126,0.6141147017478943,-0.0756060779094696,0.4464503824710846,0.6118232011795044,-0.06532838195562363,0.4407537877559662,0.6303701996803284,-0.05810001119971275
34,left,0.6097948551177979,0.6011301875114441,-8.724877886834292e-08,0.5622966885566711,0.5909442901611328,-0.0031746148597449064,0.5225405097007751,0.5931901931762695,-0.018240762874484062,0.4970667362213135,0.6213295459747314,-0.03493862226605415,0.49335548281669617,0.6433702707290649,-0.05296548828482628,0.5123550295829773,0.5281532406806946,-0.029823491349816322,0.4696325659751892,0.5248168706893921,-0.05082531273365021,0.44084432721138,0.5198527574539185,-0.06206141412258148,0.41704198718070984,0.5144670605659485,-0.07093249261379242,0.53578120470047,0.5319209098815918,-0.04022802412509918,0.4923299551010132,0.6149327754974365,-0.06593968719244003,0.507513165473938,0.6375652551651001,-0.06679219007492065,0.5203101634979248,0.6282309889793396,-0.06560984998941422,0.5590824484825134,0.5529300570487976,-0.0507793053984642,0.518020749092102,0.6364129781723022,-0.0723457932472229,0.5324044227600098,0.6437004804611206,-0.06260322779417038,0.5436307787895203,0.6235914826393127,-0.0535932220518589,0.578402042388916,0.5786800384521484,-0.06167879328131676,0.5410440564155579,0.6397234201431274,-0.07652889937162399,0.5491325259208679,0.6464422345161438,-0.07070814073085785,0.5582970976829529,0.6297996044158936,-0.06428951025009155
35,right,0.3964008390903473,0.6649686098098755,-4.0132235312739795e-08,0.3707229793071747,0.6340641975402832,-0.029771320521831512,0.37633416056632996,0.5840549468994141,-0.0498906746506691,0.40156880021095276,0.545040488243103,-0.05989422649145126,0.41569727659225464,0.503699004650116,-0.06855805963277817,0.36586639285087585,0.6741091012954712,-0.0953785851597786,0.40352827310562134,0.5918140411376953,-0.11866213381290436,0.42171788215637207,0.5472138524055481,-0.12053355574607849,0.43710166215896606,0.5151689052581787,-0.1197543665766716,0.39801332354545593,0.6988388299942017,-0.08792421966791153,0.4280868172645569,0.587158203125,-0.1143646240234375,0.4141249656677246,0.58548903465271,-0.10306726396083832,0.40707525610923767,0.6078377366065979,-0.09211596101522446,0.42763978242874146,0.701561450958252,-0.0786171481013298,0.44828590750694275,0.5976204872131348,-0.09877835959196091,0.4310445785522461,0.6017422080039978,-0.07840783894062042,0.4251638352870941,0.6236857175827026,-0.06161890923976898,0.4530791640281677,0.6899105906486511,-0.07109548896551132,0.46272557973861694,0.6117945313453674,-0.08142062276601791,0.44847530126571655,0.6100951433181763,-0.06984297931194305,0.44386449456214905,0.6285600662231445,-0.061561599373817444
35,left,0.60892653465271,0.5937056541442871,-1.4368427514455107e-07,0.562591552734375,0.5854887962341309,-0.002778005786240101,0.5245853662490845,0.5822906494140625,-0.014382986351847649,0.4975842237472534,0.6000856161117554,-0.027480101212859154,0.4894474744796753,0.6235626935958862,-0.04203455150127411,0.5163682103157043,0.5133041739463806,-0.025105446577072144,0.4724056124687195,0.5062469244003296,-0.043452776968479156,0.44271788001060486,0.4976229667663574,-0.054623205214738846,0.4184161126613617,0.4872927665710449,-0.06366808712482452,0.5363180637359619,0.5154330730438232,-0.034554652869701385,0.49459221959114075,0.5908641815185547,-0.05826622620224953,0.497464656829834,0.6253975033760071,-0.062008004635572433,0.5040567517280579,0.6315374374389648,-0.06304001808166504,0.5574528574943542,0.5359983444213867,-0.043897595256567,0.5195038318634033,0.6154350638389587,-0.06387263536453247,0.5280779600143433,0.6314961314201355,-0.058154162019491196,0.5377821922302246,0.6203533411026001,-0.05189131572842598,0.5759544372558594,0.5629775524139404,-0.053607746958732605,0.542342483997345,0.6240732669830322,-0.06735412776470184,0.545482337474823,0.6385385990142822,-0.06372179836034775,0.5523372888565063,0.6299256682395935,-0.05893145129084587
36,right,0.39456266164779663,0.6704399585723877,2.6758893767464542e-08,0.37051039934158325,0.6404591798782349,-0.026853539049625397,0.37409064173698425,0.5898293852806091,-0.04705507680773735,0.3964572548866272,0.5496804714202881,-0.05782995745539665,0.40798425674438477,0.5075491666793823,-0.06742087006568909,0.3615947365760803,0.6738760471343994,-0.09398949146270752,0.3997672498226166,0.5905407071113586,-0.11732129752635956,0.419918030500412,0.5460513830184937,-0.11974125355482101,0.43542787432670593,0.5150282979011536,-0.1191892921924591,0.3947904109954834,0.6984521746635437,-0.08756915479898453,0.42552781105041504,0.5874654650688171,-0.11634252220392227,0.41376325488090515,0.5853346586227417,-0.10598017275333405,0.40519416332244873,0.60794597864151,-0.0942973643541336,0.42473283410072327,0.7019179463386536,-0.07883088290691376,0.44567522406578064,0.5981996655464172,-0.09984976053237915,0.4310918152332306,0.6008095741271973,-0.07971759140491486,0.42449167370796204,0.6229485869407654,-0.06192055344581604,0.44984322786331177,0.6915764212608337,-0.07143732905387878,0.46009188890457153,0.6135600805282593,-0.08149980008602142,0.4473886489868164,0.6123133897781372,-0.06940092891454697,0.44276267290115356,0.6334047317504883,-0.059982918202877045
36,left,0.6104005575180054,0.5744850039482117,-8.295025821780655e-08,0.5630996227264404,0.5605003237724304,-0.004913445562124252,0.5254424810409546,0.5548620820045471,-0.019740290939807892,0.4974510073661804,0.5728146433830261,-0.036057114601135254,0.49211061000823975,0.5941005349159241,-0.053676363080739975,0.5213490724563599,0.48243051767349243,-0.029082350432872772,0.48066282272338867,0.4671911597251892,-0.04988515377044678,0.45317697525024414,0.4523718059062958,-0.0625188946723938,0.42973625659942627,0.4365289807319641,-0.07260522991418839,0.5426142811775208,0.4844357669353485,-0.0382295660674572,0.4990736246109009,0.5569491982460022,-0.06371936202049255,0.5088154673576355,0.589564859867096,-0.06572065502405167,0.5202263593673706,0.5894956588745117,-0.06526956707239151,0.5637635588645935,0.5055156350135803,-0.04770075902342796,0.5219784379005432,0.5787634253501892,-0.06945452839136124,0.5305691957473755,0.5976559519767761,-0.06142980232834816,0.5419201254844666,0.5885942578315735,-0.053145632147789,0.5814119577407837,0.5330853462219238,-0.05779341980814934,0.5429514646530151,0.5883243680000305,-0.07198123633861542,0.5446891188621521,0.6075965762138367,-0.06692048162221909,0.5524048209190369,0.6039265990257263,-0.06101716682314873
