1,right,0,0,0,0,0,0,0,0,0,0,0,0,0,0,0,0,0,0,0,0,0,0,0,0,0,0,0,0,0,0,0,0,0,0,0,0,0,0,0,0,0,0,0,0,0,0,0,0,0,0,0,0,0,0,0,0,0,0,0,0,0,0,0
1,left,0,0,0,0,0,0,0,0,0,0,0,0,0,0,0,0,0,0,0,0,0,0,0,0,0,0,0,0,0,0,0,0,0,0,0,0,0,0,0,0,0,0,0,0,0,0,0,0,0,0,0,0,0,0,0,0,0,0,0,0,0,0,0
2,right,0,0,0,0,0,0,0,0,0,0,0,0,0,0,0,0,0,0,0,0,0,0,0,0,0,0,0,0,0,0,0,0,0,0,0,0,0,0,0,0,0,0,0,0,0,0,0,0,0,0,0,0,0,0,0,0,0,0,0,0,0,0,0
2,left,0,0,0,0,0,0,0,0,0,0,0,0,0,0,0,0,0,0,0,0,0,0,0,0,0,0,0,0,0,0,0,0,0,0,0,0,0,0,0,0,0,0,0,0,0,0,0,0,0,0,0,0,0,0,0,0,0,0,0,0,0,0,0
3,right,0,0,0,0,0,0,0,0,0,0,0,0,0,0,0,0,0,0,0,0,0,0,0,0,0,0,0,0,0,0,0,0,0,0,0,0,0,0,0,0,0,0,0,0,0,0,0,0,0,0,0,0,0,0,0,0,0,0,0,0,0,0,0
3,left,0,0,0,0,0,0,0,0,0,0,0,0,0,0,0,0,0,0,0,0,0,0,0,0,0,0,0,0,0,0,0,0,0,0,0,0,0,0,0,0,0,0,0,0,0,0,0,0,0,0,0,0,0,0,0,0,0,0,0,0,0,0,0
4,right,0.37449824810028076,0.7497131824493408,1.7187990408729092e-07,0.3673606514930725,0.7023454904556274,-0.022998148575425148,0.3892841935157776,0.6471311450004578,-0.041213903576135635,0.42533251643180847,0.6093688607215881,-0.05245915427803993,0.4503575563430786,0.5807304382324219,-0.06208030879497528,0.3597843647003174,0.703594446182251,-0.07295472174882889,0.39621397852897644,0.6457805037498474,-0.0945989117026329,0.4141300320625305,0.6124307513237,-0.10084028542041779,0.42659658193588257,0.5849834084510803,-0.10293346643447876,0.38227465748786926,0.7392830848693848,-0.06896389275789261,0.4298800528049469,0.6514045000076294,-0.09021703153848648,0.4445984661579132,0.6180304288864136,-0.08900157362222672,0.452762633562088,0.6021770238876343,-0.08715895563364029,0.40934988856315613,0.7606695294380188,-0.06300617754459381,0.44886764883995056,0.6751229763031006,-0.08195403963327408,0.43609780073165894,0.671066164970398,-0.07167414575815201,0.42216527462005615,0.6850672364234924,-0.061029739677906036,0.4355946481227875,0.7709771990776062,-0.0578467920422554,0.45876795053482056,0.7015256285667419,-0.06642201542854309,0.44498246908187866,0.6973565816879272,-0.056991104036569595,0.4335828423500061,0.7115156650543213,-0.04931969195604324
4,left,0.6173551082611084,0.6239252686500549,9.008519263886683e-09,0.5791367888450623,0.6102033853530884,-0.002248771023005247,0.5398787260055542,0.6048279404640198,-0.013289513997733593,0.5194154977798462,0.622806191444397,-0.025219686329364777,0.5134204030036926,0.6418536901473999,-0.03855453059077263,0.5446923971176147,0.5367419123649597,-0.025141604244709015,0.5105594992637634,0.5164560079574585,-0.0427023209631443,0.4806572496891022,0.5059814453125,-0.053153324872255325,0.45611336827278137,0.49859923124313354,-0.06214645504951477,0.5622403621673584,0.5419678688049316,-0.035152167081832886,0.5157037973403931,0.6053735017776489,-0.05662664398550987,0.5317413806915283,0.6262017488479614,-0.05765638127923012,0.5466409921646118,0.6161924600601196,-0.05700932443141937,0.5805257558822632,0.5653451681137085,-0.04503592103719711,0.5359273552894592,0.6280922293663025,-0.06527654826641083,0.549858033657074,0.6370182037353516,-0.0567779615521431,0.561741828918457,0.6201037168502808,-0.0486944243311882,0.5958871245384216,0.5937679409980774,-0.05478718504309654,0.55795818567276,0.6404520273208618,-0.07147543132305145,0.5680898427963257,0.6461729407310486,-0.06647322326898575,0.579282820224762,0.6317473649978638,-0.0605110302567482
5,right,0.36953288316726685,0.7376183271408081,8.629108805280339e-08,0.3589552938938141,0.6882347464561462,-0.023575257509946823,0.37706029415130615,0.6177148222923279,-0.03546081855893135,0.4052468538284302,0.5677460432052612,-0.038816217333078384,0.41386181116104126,0.5265927314758301,-0.04120161384344101,0.3658265173435211,0.6771668791770935,-0.0705169141292572,0.4139517545700073,0.6068786978721619,-0.0895933285355568,0.4401353895664215,0.5689412355422974,-0.09279952943325043,0.4610011875629425,0.5409948825836182,-0.09351751953363419,0.3922213912010193,0.7072473764419556,-0.0636063814163208,0.4385635256767273,0.6103613972663879,-0.08754513412714005,0.42489349842071533,0.6076633930206299,-0.08200822025537491,0.41193723678588867,0.6291589140892029,-0.07324241101741791,0.4182088375091553,0.723771870136261,-0.054980069398880005,0.45487672090530396,0.6313139796257019,-0.07282231748104095,0.4380154013633728,0.6273295879364014,-0.05961516126990318,0.4255717396736145,0.6468711495399475,-0.04618587717413902,0.4411686360836029,0.7280281186103821,-0.0473792627453804,0.4632226228713989,0.6531055569648743,-0.05820507928729057,0.4487164616584778,0.648283064365387,-0.05040428414940834,0.43892040848731995,0.667648434638977,-0.042794935405254364
5,left,0.6235489249229431,0.6155169606208801,-1.3938696952209284e-07,0.5736706852912903,0.6098319292068481,0.004244220908731222,0.535596489906311,0.6064183712005615,-0.0022342612501233816,0.507034182548523,0.6206845045089722,-0.012058380991220474,0.48842474818229675,0.6390807628631592,-0.022578243166208267,0.527972400188446,0.5391851663589478,-0.006541685666888952,0.5060715079307556,0.5236074328422546,-0.019214805215597153,0.4904453158378601,0.5143671035766602,-0.027075419202446938,0.47756561636924744,0.5103625059127808,-0.03309043496847153,0.5431943535804749,0.5414626002311707,-0.01792087033390999,0.499870240688324,0.607907772064209,-0.03440658748149872,0.5043959021568298,0.6341189742088318,-0.038621995598077774,0.5121906399726868,0.6393795013427734,-0.040343884378671646,0.5609771609306335,0.5601014494895935,-0.029331719502806664,0.5225430727005005,0.6331523656845093,-0.04349544271826744,0.5336836576461792,0.6429115533828735,-0.041056036949157715,0.5428248643875122,0.6314628720283508,-0.03816278278827667,0.5777490139007568,0.5841929912567139,-0.0405711904168129,0.5464614033699036,0.6407644152641296,-0.05022120848298073,0.5539280772209167,0.6489301919937134,-0.04793427884578705,0.5625889301300049,0.6369351744651794,-0.0447205975651741
6,right,0.3711369037628174,0.7430326342582703,1.544118255480953e-08,0.358656644821167,0.6955035924911499,-0.025742126628756523,0.37562572956085205,0.6241439580917358,-0.042048633098602295,0.4020448625087738,0.5759373307228088,-0.04845818504691124,0.41352641582489014,0.533698558807373,-0.05402291193604469,0.36103925108909607,0.6927604079246521,-0.08628728985786438,0.4083102345466614,0.6170883774757385,-0.10955943912267685,0.4351915717124939,0.577656626701355,-0.1138371154665947,0.45587098598480225,0.548967182636261,-0.11509692668914795,0.3910039961338043,0.7228599786758423,-0.0784614160656929,0.4363569915294647,0.6179252862930298,-0.10422395169734955,0.4216974079608917,0.6148533225059509,-0.09685348719358444,0.40767061710357666,0.6365358233451843,-0.0877065658569336,0.4190892279148102,0.7368586659431458,-0.06853058189153671,0.45268893241882324,0.637594997882843,-0.08700601756572723,0.43538665771484375,0.6373474597930908,-0.0718454048037529,0.42402511835098267,0.6590257883071899,-0.05806827172636986,0.4432549476623535,0.73709636926651,-0.05964823067188263,0.4624689221382141,0.6595684289932251,-0.07198211550712585,0.44843846559524536,0.6574755311012268,-0.0650329440832138,0.44066891074180603,0.6777395606040955,-0.058674488216638565
6,left,0.6134786605834961,0.6085774898529053,-7.662750078907266e-08,0.5666619539260864,0.5981478691101074,0.002130241598933935,0.5230099558830261,0.6004399061203003,-0.006997010670602322,0.49740928411483765,0.6272865533828735,-0.018597163259983063,0.4901313781738281,0.658126711845398,-0.031856175512075424,0.5161953568458557,0.5409319400787354,-0.016763603314757347,0.4830203652381897,0.54287189245224,-0.03040529601275921,0.46005091071128845,0.5416679978370667,-0.038098663091659546,0.4409409761428833,0.5408241152763367,-0.04444437846541405,0.5359039902687073,0.5469627380371094,-0.028050048276782036,0.49641039967536926,0.6250793933868408,-0.04686730355024338,0.5022807121276855,0.6461015939712524,-0.050281524658203125,0.5086550116539001,0.6439948081970215,-0.051531728357076645,0.557495653629303,0.5671753883361816,-0.03871743753552437,0.5207695364952087,0.6465218663215637,-0.05471876636147499,0.534162700176239,0.6470527052879333,-0.05087936297059059,0.5439473390579224,0.6278389096260071,-0.0465710423886776,0.5775267481803894,0.5913952589035034,-0.04908619821071625,0.5441155433654785,0.6501402258872986,-0.0599048025906086,0.5538617968559265,0.6511304974555969,-0.0559849888086319,0.5643693804740906,0.6335391998291016,-0.051490891724824905
7,right,0.3717005252838135,0.7475655674934387,-4.948583409714047e-08,0.35495084524154663,0.7007700204849243,-0.030589623376727104,0.3690977692604065,0.6336327791213989,-0.050810009241104126,0.3943917155265808,0.5841072797775269,-0.06004384905099869,0.40783390402793884,0.5400693416595459,-0.06893900036811829,0.3636016547679901,0.704813539981842,-0.09719878435134888,0.4046948552131653,0.6237452030181885,-0.12209080904722214,0.4273957908153534,0.5808016061782837,-0.12611831724643707,0.44669294357299805,0.5486568212509155,-0.12767620384693146,0.3957696855068207,0.7300786375999451,-0.0865546390414238,0.42870113253593445,0.6242093443870544,-0.10864290595054626,0.41419222950935364,0.624276340007782,-0.09721070528030396,0.4043993353843689,0.6466302871704102,-0.08814937621355057,0.4237477481365204,0.7403177618980408,-0.07424697279930115,0.4474159777164459,0.6398038864135742,-0.09080924838781357,0.4307887852191925,0.6435015201568604,-0.07343444228172302,0.42181286215782166,0.6670750975608826,-0.060712896287441254,0.44643309712409973,0.7388007640838623,-0.0634443536400795,0.4583067297935486,0.6606598496437073,-0.07744796574115753,0.44539913535118103,0.6613917350769043,-0.0718746930360794,0.43968677520751953,0.681871235370636,-0.06761560589075089
7,left,0.6104180216789246,0.5993132591247559,-3.399079417931716e-08,0.5652137398719788,0.593087375164032,-0.0019256796222180128,0.5260735154151917,0.5963584184646606,-0.015055535361170769,0.500799298286438,0.6241846084594727,-0.02995973266661167,0.4893469512462616,0.6537392735481262,-0.04644806683063507,0.5132765769958496,0.5324670076370239,-0.02586134523153305,0.4714939594268799,0.5337644219398499,-0.04650602117180824,0.4440309703350067,0.5243144631385803,-0.0600709542632103,0.42002907395362854,0.513673722743988,-0.0705191120505333,0.5335035920143127,0.537524938583374,-0.036874812096357346,0.49331769347190857,0.6159470081329346,-0.06216321140527725,0.5061200261116028,0.6371057033538818,-0.06606242060661316,0.5164767503738403,0.630999743938446,-0.06703423708677292,0.5548264980316162,0.5575271248817444,-0.047899279743433,0.5170508027076721,0.6350326538085938,-0.0684545636177063,0.5324315428733826,0.6393623948097229,-0.060638751834630966,0.5432147979736328,0.6202883720397949,-0.05307665839791298,0.5746569037437439,0.5819713473320007,-0.05921090766787529,0.5401828289031982,0.6418052315711975,-0.07299146801233292,0.5500078797340393,0.6454815864562988,-0.06715382635593414,0.5593019127845764,0.6282917857170105,-0.060936763882637024
8,right,0.37134188413619995,0.7448313236236572,-1.2630123080725753e-07,0.3541375398635864,0.6944112181663513,-0.035295937210321426,0.36919665336608887,0.6310860514640808,-0.05838519707322121,0.3918290138244629,0.5813747644424438,-0.0689811185002327,0.4054063558578491,0.535423994064331,-0.07873964309692383,0.3646700382232666,0.7041402459144592,-0.10743516683578491,0.40325695276260376,0.6213048696517944,-0.13580606877803802,0.424627423286438,0.5765562057495117,-0.14143607020378113,0.4440685510635376,0.5417884588241577,-0.1439264714717865,0.39714646339416504,0.729178786277771,-0.09475764632225037,0.42638108134269714,0.6215240955352783,-0.11819819360971451,0.41209876537323,0.6177948713302612,-0.1059095486998558,0.4019430875778198,0.6380963921546936,-0.09728986024856567,0.4259907305240631,0.7371262907981873,-0.0808197483420372,0.4457833468914032,0.6363590359687805,-0.09927445650100708,0.429108202457428,0.6380616426467896,-0.08224602043628693,0.42073526978492737,0.6599939465522766,-0.07041612267494202,0.44978782534599304,0.7335797548294067,-0.06868790835142136,0.4601025879383087,0.6539003849029541,-0.08498266339302063,0.44610148668289185,0.6544721126556396,-0.08047634363174438,0.4394065737724304,0.6736217141151428,-0.07723139226436615
8,left,0.6148354411125183,0.6098377704620361,-1.1859773252353989e-07,0.5696027278900146,0.600615918636322,0.0008829273283481598,0.5289657711982727,0.6023074984550476,-0.009994041174650192,0.5006684064865112,0.6274531483650208,-0.02322385646402836,0.4852603077888489,0.6536625027656555,-0.03792719170451164,0.5143954157829285,0.5422714948654175,-0.021093519404530525,0.4734926223754883,0.5432116985321045,-0.036835234612226486,0.44622179865837097,0.5365160703659058,-0.04604777693748474,0.42304185032844543,0.5291153192520142,-0.0536809004843235,0.5336456894874573,0.547577977180481,-0.0323808416724205,0.49499747157096863,0.6244626641273499,-0.053542088717222214,0.5020700097084045,0.644332766532898,-0.05738106369972229,0.5083693861961365,0.641339123249054,-0.05913357064127922,0.5552213191986084,0.5677452087402344,-0.043012745678424835,0.5190059542655945,0.644517183303833,-0.0604768767952919,0.5312483310699463,0.6479731202125549,-0.054573144763708115,0.5400301218032837,0.6309370994567871,-0.04919964447617531,0.5751556158065796,0.5916221141815186,-0.053569577634334564,0.5423028469085693,0.6478215456008911,-0.06507831066846848,0.5503214597702026,0.6502475142478943,-0.060179777443408966,0.5593394041061401,0.6344186067581177,-0.05512710288167
9,right,0.37076905369758606,0.7412477135658264,-1.483746814301412e-07,0.3545137643814087,0.6905131936073303,-0.03741883486509323,0.3694320023059845,0.6255546808242798,-0.06298691034317017,0.392421156167984,0.5740283727645874,-0.07566778361797333,0.4059029817581177,0.5265465974807739,-0.08778650313615799,0.3659168779850006,0.6997265815734863,-0.11400744318962097,0.40376508235931396,0.617440402507782,-0.14488808810710907,0.425496369600296,0.5711859464645386,-0.15189610421657562,0.44487664103507996,0.5358203649520874,-0.15514624118804932,0.39789557456970215,0.7246522307395935,-0.10045424848794937,0.4266670048236847,0.6172662973403931,-0.1258799284696579,0.41282200813293457,0.6111026406288147,-0.11386042088270187,0.4025079607963562,0.6301904916763306,-0.10572003573179245,0.42630326747894287,0.7320885062217712,-0.08562111109495163,0.44490623474121094,0.629194438457489,-0.10715553909540176,0.4282902777194977,0.6300152540206909,-0.0914258360862732,0.4197610914707184,0.6524427533149719,-0.08041384071111679,0.45025917887687683,0.7284848093986511,-0.07239172607660294,0.4589041769504547,0.6472976207733154,-0.09092431515455246,0.4448451101779938,0.6479567885398865,-0.08745542168617249,0.4385363757610321,0.6676586866378784,-0.08509479463100433
9,left,0.6133904457092285,0.6028909683227539,-1.0249512172322284e-07,0.5675575137138367,0.5959427952766418,0.0005093556828796864,0.5290893912315369,0.5976837873458862,-0.011144590564072132,0.5032644271850586,0.6194415092468262,-0.02520662732422352,0.4881633222103119,0.6423534750938416,-0.0406113862991333,0.5091760754585266,0.5340162515640259,-0.0226224847137928,0.4670464098453522,0.5352030992507935,-0.040714431554079056,0.43923327326774597,0.527254045009613,-0.05157864838838577,0.4158126711845398,0.5179955363273621,-0.05999968573451042,0.5293951034545898,0.5366617441177368,-0.0345136858522892,0.49495652318000793,0.6184801459312439,-0.05711174011230469,0.5054092407226562,0.6389789581298828,-0.0599726065993309,0.5135912299156189,0.6328779458999634,-0.0608532652258873,0.5518409013748169,0.5558230876922607,-0.046262115240097046,0.5187824964523315,0.6382078528404236,-0.06467489153146744,0.5330497622489929,0.6426481604576111,-0.057127129286527634,0.5425131916999817,0.6240878701210022,-0.050617534667253494,0.5734455585479736,0.5799264311790466,-0.05818454548716545,0.542303740978241,0.6443697810173035,-0.07041309773921967,0.5512486100196838,0.6469339728355408,-0.0647551417350769,0.5596375465393066,0.629331648349762,-0.059095561504364014
10,right,0.3722280263900757,0.742760419845581,-1.5912046080757136e-07,0.3548906743526459,0.690642237663269,-0.03547470271587372,0.36947038769721985,0.6255536079406738,-0.06077882647514343,0.39281803369522095,0.5751784443855286,-0.07423467934131622,0.4059414267539978,0.5290542840957642,-0.08740366250276566,0.3640021085739136,0.7010170221328735,-0.10816411674022675,0.4032759666442871,0.617827296257019,-0.13638567924499512,0.4239581227302551,0.5720570683479309,-0.1415988653898239,0.44368040561676025,0.537656307220459,-0.14409947395324707,0.3967125117778778,0.7259057760238647,-0.09603311866521835,0.426238089799881,0.6193668246269226,-0.12108153849840164,0.41096222400665283,0.6183597445487976,-0.10926005244255066,0.4013858139514923,0.6411252617835999,-0.10091135650873184,0.4257107973098755,0.7336532473564148,-0.08246954530477524,0.44467803835868835,0.6315014958381653,-0.10229292511940002,0.42777055501937866,0.636297345161438,-0.08557693660259247,0.42043954133987427,0.6605542898178101,-0.0742393434047699,0.45023638010025024,0.7303494215011597,-0.07053785771131516,0.4591165781021118,0.6484999656677246,-0.08666539192199707,0.44481247663497925,0.651581346988678,-0.08172112703323364,0.43949654698371887,0.6725661754608154,-0.07874366641044617
10,left,0.6145780682563782,0.6100656390190125,-1.1067415783827528e-07,0.5656170845031738,0.6035980582237244,0.0020924662239849567,0.524818480014801,0.6046308875083923,-0.009047547355294228,0.49817201495170593,0.6254004240036011,-0.02291392907500267,0.4863162934780121,0.6502279043197632,-0.038158174604177475,0.5128594040870667,0.5349882245063782,-0.02100367657840252,0.47160765528678894,0.5270165205001831,-0.037732355296611786,0.4440469741821289,0.5178965926170349,-0.047264762222766876,0.4205544888973236,0.5101310014724731,-0.05509369447827339,0.5327116250991821,0.5398668646812439,-0.03323482349514961,0.49117493629455566,0.6194941401481628,-0.0554349310696125,0.49942919611930847,0.6422914862632751,-0.058411795645952225,0.5066088438034058,0.6398063898086548,-0.059273794293403625,0.5536951422691345,0.5611191391944885,-0.04488416016101837,0.5147736668586731,0.6404200196266174,-0.06408629566431046,0.5298129916191101,0.6443163156509399,-0.057329773902893066,0.5407664775848389,0.6259316205978394,-0.050664596259593964,0.5724865198135376,0.5864167213439941,-0.0562470480799675,0.5386856198310852,0.6450127363204956,-0.06927687674760818,0.5489182472229004,0.6477676630020142,-0.06398829072713852,0.559306800365448,0.6308748126029968,-0.05812757834792137
11,right,0.3718932867050171,0.7412338852882385,-1.4030027273292944e-07,0.354184627532959,0.6907184720039368,-0.03565246984362602,0.3690764307975769,0.6261624097824097,-0.05974967032670975,0.3924601376056671,0.5759191513061523,-0.07179094851016998,0.40551289916038513,0.5298647284507751,-0.08330884575843811,0.36635279655456543,0.6995656490325928,-0.10715092718601227,0.40389007329940796,0.6172184944152832,-0.13538949191570282,0.42424529790878296,0.5709593296051025,-0.14069774746894836,0.442920982837677,0.5355876684188843,-0.14312595129013062,0.39907655119895935,0.7228480577468872,-0.09468371421098709,0.42638033628463745,0.616454005241394,-0.11867979168891907,0.4120289385318756,0.6127369999885559,-0.10675003379583359,0.4030599594116211,0.633197546005249,-0.09859076887369156,0.42781925201416016,0.7301943898200989,-0.08097365498542786,0.445561945438385,0.6295819282531738,-0.10031742602586746,0.42880845069885254,0.6325247287750244,-0.08383601158857346,0.4210076928138733,0.6559528708457947,-0.07264199107885361,0.45148903131484985,0.7267216444015503,-0.06904319673776627,0.45957568287849426,0.6469985842704773,-0.08576041460037231,0.4455530643463135,0.6491721868515015,-0.08176310360431671,0.44014406204223633,0.6699613928794861,-0.07922129333019257
11,left,0.6190342903137207,0.6100335717201233,-1.7235608140708791e-07,0.5738219022750854,0.5976146459579468,0.002511656377464533,0.5333908200263977,0.5984237790107727,-0.007924786768853664,0.5046272873878479,0.6228883266448975,-0.02113054320216179,0.48858508467674255,0.6481197476387024,-0.03571068122982979,0.5131853818893433,0.5384408831596375,-0.01869145780801773,0.46833640336990356,0.5446525812149048,-0.03403394669294357,0.44062089920043945,0.5405614972114563,-0.043426867574453354,0.41725847125053406,0.5337629914283752,-0.05108966678380966,0.5315871238708496,0.5438945293426514,-0.030569391325116158,0.4947301149368286,0.625646710395813,-0.05072108656167984,0.49847158789634705,0.6473397016525269,-0.054889339953660965,0.5021710991859436,0.6454192996025085,-0.05725773796439171,0.5527893900871277,0.5648394823074341,-0.041738610714673996,0.5185797810554504,0.645799458026886,-0.05783620849251747,0.5303622484207153,0.6478756666183472,-0.052306145429611206,0.5385915637016296,0.6291480660438538,-0.047715768218040466,0.5724274516105652,0.5898783206939697,-0.0528264082968235,0.5406778454780579,0.6496578454971313,-0.06352024525403976,0.5489238500595093,0.6514590382575989,-0.05852533504366875,0.5580396056175232,0.6346250176429749,-0.05354152247309685
12,right,0.37304186820983887,0.7395574450492859,-1.3808647736368584e-07,0.35538023710250854,0.6895240545272827,-0.03566017001867294,0.36935916543006897,0.6250300407409668,-0.060891397297382355,0.39194944500923157,0.5742462873458862,-0.07378990948200226,0.40377551317214966,0.526583731174469,-0.08623723685741425,0.3659055829048157,0.6993874907493591,-0.11036275327205658,0.40321749448776245,0.6157665848731995,-0.1391754150390625,0.4237521290779114,0.5700938701629639,-0.14450044929981232,0.44314664602279663,0.5364794731140137,-0.14683686196804047,0.39885208010673523,0.7233386635780334,-0.09761213511228561,0.42708316445350647,0.6163100004196167,-0.12129195779561996,0.4128783345222473,0.6134253740310669,-0.10802029818296432,0.40498486161231995,0.6356915235519409,-0.09912820160388947,0.42731809616088867,0.7307879328727722,-0.08346497267484665,0.4449370503425598,0.6294169425964355,-0.10238675028085709,0.428783118724823,0.6316791772842407,-0.08521267026662827,0.4222615659236908,0.6555817723274231,-0.07391592860221863,0.45080670714378357,0.7273811101913452,-0.07097406685352325,0.4588008522987366,0.6480613350868225,-0.0872671827673912,0.44544804096221924,0.6491900682449341,-0.08278029412031174,0.4404869079589844,0.6695947051048279,-0.08021605014801025
12,left,0.61244136095047,0.6048571467399597,-6.0845614768823e-08,0.5634728074073792,0.5935600996017456,-0.0003715693310368806,0.5202664136886597,0.5910566449165344,-0.011990673840045929,0.49384352564811707,0.6148563623428345,-0.02556208334863186,0.48831868171691895,0.6448450684547424,-0.040970973670482635,0.5115420818328857,0.5286683440208435,-0.024746648967266083,0.46710875630378723,0.521472692489624,-0.04345782473683357,0.4370929002761841,0.5131872296333313,-0.054834190756082535,0.4120865762233734,0.5033916234970093,-0.06415191292762756,0.5323280096054077,0.5339678525924683,-0.03585759922862053,0.4866713881492615,0.6135575175285339,-0.059735652059316635,0.4960661828517914,0.6407116055488586,-0.06234852224588394,0.5054439902305603,0.6390582323074341,-0.06261034309864044,0.5537214279174805,0.5556190609931946,-0.046583861112594604,0.513290524482727,0.6361075043678284,-0.06597049534320831,0.5271510481834412,0.6427174806594849,-0.05798732861876488,0.5392250418663025,0.6248766779899597,-0.05021824315190315,0.5723941922187805,0.5827240943908691,-0.05743003264069557,0.5357296466827393,0.6431023478507996,-0.07057134807109833,0.5446450710296631,0.6480215191841125,-0.06496843695640564,0.5555111169815063,0.6323559880256653,-0.058852870017290115
13,right,0.37311381101608276,0.7371445894241333,-1.5042458301195438e-07,0.355967253446579,0.6860485672950745,-0.03599242866039276,0.3708931505680084,0.6198654174804688,-0.0606125183403492,0.39357149600982666,0.5666930079460144,-0.07288273423910141,0.40651434659957886,0.5180651545524597,-0.08472736179828644,0.36622464656829834,0.6945462822914124,-0.11079304665327072,0.4042087495326996,0.60970139503479,-0.14055339992046356,0.42521384358406067,0.5643251538276672,-0.1465877890586853,0.44457927346229553,0.5297307968139648,-0.14922045171260834,0.3992626667022705,0.718644380569458,-0.09763629734516144,0.4268629252910614,0.6102040410041809,-0.12207815796136856,0.41291987895965576,0.6068024635314941,-0.10929690301418304,0.40393662452697754,0.6284331679344177,-0.10067456215620041,0.42805132269859314,0.7263295650482178,-0.08320315927267075,0.4457130432128906,0.6227619647979736,-0.10335119813680649,0.4295468330383301,0.624821126461029,-0.08719448745250702,0.42246943712234497,0.6487646102905273,-0.07621452957391739,0.45202621817588806,0.7224735617637634,-0.07034311443567276,0.4600399136543274,0.6415338516235352,-0.08780138194561005,0.4461972117424011,0.6423224210739136,-0.08430956304073334,0.44074779748916626,0.6629579067230225,-0.08220754563808441
13,left,0.6142400503158569,0.5951405167579651,-6.021137011202882e-08,0.5745918154716492,0.5828749537467957,0.0020151310600340366,0.5329180955886841,0.5894750356674194,-0.005346795078366995,0.5053764581680298,0.6201063990592957,-0.014832235872745514,0.4930117130279541,0.6501886248588562,-0.02653137594461441,0.5154753923416138,0.5538870692253113,-0.016324585303664207,0.4801326394081116,0.5566155314445496,-0.030654335394501686,0.4583357274532318,0.5490548014640808,-0.03945336863398552,0.44122663140296936,0.5407605767250061,-0.04632510244846344,0.5318291783332825,0.5612967610359192,-0.025808174163103104,0.4904705286026001,0.6369736194610596,-0.04267040267586708,0.4967615306377411,0.6609830856323242,-0.045168280601501465,0.5051543712615967,0.6608577370643616,-0.046330951154232025,0.5512752532958984,0.5813318490982056,-0.034864697605371475,0.5139251947402954,0.6570156216621399,-0.050205107778310776,0.5240333676338196,0.6641027927398682,-0.04572282359004021,0.534430980682373,0.6495691537857056,-0.041080135852098465,0.5700211524963379,0.6043775081634521,-0.04356192797422409,0.5376836657524109,0.661270260810852,-0.05491657182574272,0.5431215167045593,0.6651473641395569,-0.05174723640084267,0.551281750202179,0.6511263251304626,-0.047703467309474945
14,right,0.3732910454273224,0.7387351989746094,-1.617549543198038e-07,0.3562851548194885,0.6875729560852051,-0.03330119326710701,0.37187904119491577,0.6222625970840454,-0.056229520589113235,0.39485621452331543,0.570597767829895,-0.06752432137727737,0.4050518572330475,0.5223327875137329,-0.07839404791593552,0.36546528339385986,0.6963129043579102,-0.10416312515735626,0.4043940603733063,0.6102792620658875,-0.13055822253227234,0.42394596338272095,0.5662423372268677,-0.1341414600610733,0.44233858585357666,0.5348639488220215,-0.13521872460842133,0.3983074128627777,0.7208659052848816,-0.09238505363464355,0.4267498850822449,0.612512469291687,-0.11450108885765076,0.4130614697933197,0.6100223064422607,-0.10148964077234268,0.4056718349456787,0.6325039863586426,-0.09286736696958542,0.42677435278892517,0.7292348742485046,-0.07919030636548996,0.4455646574497223,0.6263675689697266,-0.0973905548453331,0.429391086101532,0.629302442073822,-0.08076784014701843,0.4226316213607788,0.6532030701637268,-0.06973658502101898,0.4502246081829071,0.7261625528335571,-0.06746061891317368,0.4597236216068268,0.6450545787811279,-0.0830230861902237,0.44636794924736023,0.6464268565177917,-0.07838648557662964,0.44057586789131165,0.6671084761619568,-0.07573331892490387
14,left,0.6100375056266785,0.5990128517150879,4.954913279675566e-08,0.5633639097213745,0.5892794132232666,-0.0031049223616719246,0.5161318182945251,0.5887660384178162,-0.015722548589110374,0.4903244078159332,0.6093530654907227,-0.028721574693918228,0.49376100301742554,0.6323918700218201,-0.043289318680763245,0.518422544002533,0.5192803740501404,-0.029296033084392548,0.4770795702934265,0.5050100684165955,-0.049201417714357376,0.4497068524360657,0.4924105405807495,-0.060466937720775604,0.4259718060493469,0.47877198457717896,-0.06951683759689331,0.5381499528884888,0.5244587659835815,-0.03909981995820999,0.4910508990287781,0.6018269658088684,-0.06386414170265198,0.5091079473495483,0.6219027638435364,-0.0658092349767685,0.522705078125,0.6123617887496948,-0.0654049664735794,0.5585699677467346,0.5480034947395325,-0.04859590902924538,0.5106298923492432,0.6233614683151245,-0.07330191880464554,0.5285013318061829,0.6294666528701782,-0.06517184525728226,0.5428799390792847,0.6118205189704895,-0.055508166551589966,0.5751997828483582,0.5779574513435364,-0.05778685584664345,0.5335958003997803,0.6348109841346741,-0.0774158239364624,0.5457836389541626,0.6396917700767517,-0.07364946603775024,0.5588704943656921,0.6260031461715698,-0.0678081139922142
15,right,0.37485039234161377,0.7364097833633423,-1.4112306701008492e-07,0.357494592666626,0.6851430535316467,-0.03497202321887016,0.3728938400745392,0.6195357441902161,-0.05781211331486702,0.3957083523273468,0.5665969848632812,-0.06915029138326645,0.4068327844142914,0.5182249546051025,-0.07988111674785614,0.36835020780563354,0.6947802305221558,-0.1026996448636055,0.4062013626098633,0.6089193224906921,-0.13012441992759705,0.426087886095047,0.5634130239486694,-0.13444292545318604,0.44475409388542175,0.528855562210083,-0.13591192662715912,0.40115708112716675,0.7179538607597351,-0.09045907855033875,0.4272502064704895,0.6092119216918945,-0.11470553278923035,0.41251853108406067,0.6066675782203674,-0.1028761938214302,0.40397214889526367,0.6291401982307434,-0.09409394860267639,0.42964211106300354,0.7253972291946411,-0.07722561806440353,0.4474368095397949,0.622018575668335,-0.09747640788555145,0.4313308000564575,0.6250542402267456,-0.08201675862073898,0.4244872033596039,0.6499804258346558,-0.07064812630414963,0.4531952440738678,0.721264123916626,-0.06564096361398697,0.46202144026756287,0.6401458978652954,-0.0827036052942276,0.44858014583587646,0.6418391466140747,-0.07925057411193848,0.44312167167663574,0.6639281511306763,-0.07668550312519073
15,left,0.6200500130653381,0.6023446917533875,-1.711205328547294e-07,0.5763692855834961,0.5873797535896301,0.0031900284811854362,0.5326768159866333,0.5922013521194458,-0.0037663497496396303,0.5009658336639404,0.6233263611793518,-0.01358596421778202,0.48399069905281067,0.6510611772537231,-0.025469958782196045,0.5110382437705994,0.5571619868278503,-0.014778274111449718,0.46712997555732727,0.5555091500282288,-0.02866879664361477,0.4432978630065918,0.5502443313598633,-0.03671741858124733,0.42655807733535767,0.5430434346199036,-0.0430196151137352,0.5281946659088135,0.5653352737426758,-0.024827739223837852,0.48526203632354736,0.6409364342689514,-0.04260731115937233,0.4903310537338257,0.6679708361625671,-0.04559746012091637,0.49849843978881836,0.6695581078529358,-0.046926721930503845,0.5485729575157166,0.5858897566795349,-0.034355711191892624,0.5109553933143616,0.6606984734535217,-0.048187099397182465,0.5218015909194946,0.6674688458442688,-0.04355504363775253,0.5316016674041748,0.6516057252883911,-0.03965006023645401,0.5679397583007812,0.6093088984489441,-0.04363666847348213,0.5344821810722351,0.6668169498443604,-0.052610546350479126,0.5411399602890015,0.6702855825424194,-0.04851340129971504,0.5498915910720825,0.6549267768859863,-0.044265516102313995
16,right,0.3734954595565796,0.7379764914512634,-1.6117952839067584e-07,0.3562994599342346,0.6873384714126587,-0.03394194319844246,0.37071987986564636,0.6217496395111084,-0.05791274830698967,0.39352524280548096,0.57045978307724,-0.06978363543748856,0.4038647711277008,0.5225082635879517,-0.08137165009975433,0.36545127630233765,0.6968732476234436,-0.10758336633443832,0.4038871228694916,0.6118263602256775,-0.1351291388273239,0.42364370822906494,0.5684607625007629,-0.13992969691753387,0.4423013925552368,0.5366637110710144,-0.14201359450817108,0.39852818846702576,0.721556544303894,-0.09535970538854599,0.4275357127189636,0.6128596067428589,-0.1183866336941719,0.4132382273674011,0.6124697923660278,-0.10564810782670975,0.4049963057041168,0.6361376643180847,-0.09718380868434906,0.42705756425857544,0.7294396162033081,-0.08153568208217621,0.4451763331890106,0.6262190341949463,-0.10033691674470901,0.4286647140979767,0.630603551864624,-0.08368070423603058,0.42180967330932617,0.6546664834022522,-0.07271121442317963,0.45082974433898926,0.7254776358604431,-0.06910295784473419,0.4592008888721466,0.6447606682777405,-0.08574287593364716,0.4453873336315155,0.64741051197052,-0.08143167942762375,0.4398827850818634,0.6679067015647888,-0.07894735038280487
16,left,0.6178391575813293,0.6058764457702637,7.981666882983518e-09,0.5645508766174316,0.5969802737236023,-0.0011826488189399242,0.5167527794837952,0.5965590476989746,-0.014344657771289349,0.48982131481170654,0.6172226071357727,-0.028841450810432434,0.4883396029472351,0.6394263505935669,-0.04512033611536026,0.5155300498008728,0.5238134860992432,-0.027857834473252296,0.47407543659210205,0.5085479021072388,-0.0487540178000927,0.445695698261261,0.49490129947662354,-0.06104987859725952,0.4213758409023285,0.48113203048706055,-0.07049238681793213,0.5367805361747742,0.5270776152610779,-0.03875045105814934,0.4870145320892334,0.6057212948799133,-0.06474180519580841,0.5012974143028259,0.6290672421455383,-0.06803566962480545,0.512180507183075,0.6237820982933044,-0.06816133111715317,0.557903528213501,0.5493243932723999,-0.048995062708854675,0.5109696984291077,0.627764880657196,-0.07261265814304352,0.527445912361145,0.634748101234436,-0.06413319706916809,0.539882481098175,0.6175824999809265,-0.054194554686546326,0.574370265007019,0.578255832195282,-0.05892388895153999,0.5334131717681885,0.6373440623283386,-0.07604914903640747,0.5449449419975281,0.6418918967247009,-0.07062245905399323,0.5567793846130371,0.6272612810134888,-0.06355257332324982
17,right,0.3729986846446991,0.7371687293052673,-1.481682687654029e-07,0.35567837953567505,0.6860371232032776,-0.036648768931627274,0.37087664008140564,0.6195842623710632,-0.06120413541793823,0.39360278844833374,0.565867006778717,-0.07366681843996048,0.4059278666973114,0.5168405771255493,-0.08558012545108795,0.3669627010822296,0.6956533193588257,-0.107435442507267,0.40440014004707336,0.6110334396362305,-0.13605760037899017,0.424612432718277,0.5654206275939941,-0.14090274274349213,0.44359928369522095,0.5311759114265442,-0.14280536770820618,0.40056130290031433,0.7192204594612122,-0.09463319927453995,0.42716437578201294,0.6095749139785767,-0.119951993227005,0.41220903396606445,0.6089631915092468,-0.10801386833190918,0.40355339646339417,0.633095383644104,-0.09930466115474701,0.42971885204315186,0.7266221046447754,-0.08077046275138855,0.44626349210739136,0.6223847270011902,-0.10211458057165146,0.42995205521583557,0.6274130344390869,-0.08645308762788773,0.42338258028030396,0.6532847881317139,-0.07519365847110748,0.45387858152389526,0.7224854230880737,-0.0685368999838829,0.46088874340057373,0.6403086185455322,-0.08654297143220901,0.4468793272972107,0.6442240476608276,-0.08312714099884033,0.44163596630096436,0.667235791683197,-0.08079729974269867
17,left,0.6141615509986877,0.5956595540046692,-2.77676441839958e-08,0.577681303024292,0.5781553983688354,0.0035140058025717735,0.5340860486030579,0.5839017629623413,-0.0029177656397223473,0.5042698383331299,0.6132922768592834,-0.011018631979823112,0.49294620752334595,0.6424720883369446,-0.02124714106321335,0.5154197216033936,0.5559545159339905,-0.016250865533947945,0.4801252782344818,0.5595114231109619,-0.03160315752029419,0.4573109447956085,0.5506436824798584,-0.0411766916513443,0.43968465924263,0.5417215824127197,-0.048236310482025146,0.5306099653244019,0.5637325048446655,-0.02657782845199108,0.48566269874572754,0.6420989632606506,-0.04358762875199318,0.4951150715351105,0.6643272638320923,-0.04605691507458687,0.5070953369140625,0.6643924713134766,-0.04699324071407318,0.5500223636627197,0.5849351286888123,-0.036302268505096436,0.5101519227027893,0.6620769500732422,-0.05366266891360283,0.5234704613685608,0.66839200258255,-0.04903801530599594,0.536746084690094,0.6544398069381714,-0.04338850453495979,0.5688391923904419,0.6094309091567993,-0.04517275467514992,0.5343660116195679,0.6684950590133667,-0.05929584428668022,0.5427833795547485,0.6721252202987671,-0.056688323616981506,0.5545056462287903,0.6587433218955994,-0.05247058719396591
18,right,0.3721015751361847,0.7393046021461487,-1.7435829136047687e-07,0.3555215299129486,0.6868480443954468,-0.03409687802195549,0.3713061511516571,0.6204128861427307,-0.057826608419418335,0.39524537324905396,0.5673787593841553,-0.06956364214420319,0.4059969484806061,0.5184106230735779,-0.08104193210601807,0.36536118388175964,0.6962019205093384,-0.10582040995359421,0.40412524342536926,0.612453043460846,-0.1342107206583023,0.4244258999824524,0.5686402320861816,-0.14012786746025085,0.4432879686355591,0.5361295342445374,-0.14303463697433472,0.39876317977905273,0.720828115940094,-0.09333109855651855,0.4281304180622101,0.6118718981742859,-0.11707952618598938,0.4132629632949829,0.6137537360191345,-0.1048348993062973,0.4056275486946106,0.6391885280609131,-0.09658360481262207,0.4276837706565857,0.7290443181991577,-0.07939975708723068,0.4462701380252838,0.6256051659584045,-0.09874528646469116,0.42955315113067627,0.6313924193382263,-0.08205115050077438,0.42346540093421936,0.6571505069732666,-0.07093316316604614,0.45188087224960327,0.7253630757331848,-0.06689901649951935,0.4605574607849121,0.643473207950592,-0.08396812528371811,0.4464145600795746,0.6469694972038269,-0.07987194508314133,0.4415448307991028,0.6686024069786072,-0.07746217399835587
18,left,0.6093994379043579,0.599143922328949,9.371242271072333e-08,0.563829243183136,0.5919482111930847,-0.001427136710844934,0.5165844559669495,0.5976210832595825,-0.01619061268866062,0.4905608594417572,0.6219171285629272,-0.03171626105904579,0.49238672852516174,0.6426074504852295,-0.049097973853349686,0.5131042003631592,0.5287106037139893,-0.03277318552136421,0.47166311740875244,0.5162555575370789,-0.054579056799411774,0.4433269202709198,0.5041177272796631,-0.06697757542133331,0.41893357038497925,0.4902825951576233,-0.07654907554388046,0.5355761051177979,0.5341066718101501,-0.04347185045480728,0.48808279633522034,0.6121786832809448,-0.06772100925445557,0.5052202343940735,0.6326251029968262,-0.06779659539461136,0.5165053606033325,0.6217713356018066,-0.0663992241024971,0.5572167038917542,0.5579935312271118,-0.05362788587808609,0.5076401233673096,0.6352881193161011,-0.07568527013063431,0.5245859026908875,0.6395746469497681,-0.06454166024923325,0.5381667613983154,0.6193124651908875,-0.05375431478023529,0.5736352205276489,0.5879172086715698,-0.06357542425394058,0.531001091003418,0.6468378305435181,-0.08124087750911713,0.5421594381332397,0.6492713093757629,-0.07581552863121033,0.5547381639480591,0.6328114867210388,-0.06904315203428268
19,right,0.374484121799469,0.737727701663971,-1.4616571775150078e-07,0.3571368157863617,0.6860868334770203,-0.036567322909832,0.37246909737586975,0.6195482611656189,-0.06115701049566269,0.3948686122894287,0.5662145614624023,-0.07370711117982864,0.40716254711151123,0.5178989171981812,-0.08577966690063477,0.3688642680644989,0.6961818337440491,-0.10803775489330292,0.40536773204803467,0.6112726926803589,-0.1361905336380005,0.4246513247489929,0.5646765828132629,-0.1404864341020584,0.4432964324951172,0.5300183892250061,-0.14212346076965332,0.4019996225833893,0.7192091941833496,-0.09539088606834412,0.4277868866920471,0.6089603900909424,-0.1200544536113739,0.41266778111457825,0.6064649224281311,-0.10766153037548065,0.404323935508728,0.629529595375061,-0.0988912358880043,0.4309002161026001,0.726276695728302,-0.08160480111837387,0.446948379278183,0.6218026876449585,-0.1016986072063446,0.4306386709213257,0.6259838342666626,-0.08536415547132492,0.4245338439941406,0.6512791514396667,-0.07410489767789841,0.4548094868659973,0.7218536138534546,-0.06958146393299103,0.46164795756340027,0.6394677758216858,-0.08661036938428879,0.4476039409637451,0.6422973275184631,-0.08274731040000916,0.4424818754196167,0.6645577549934387,-0.08032187819480896
19,left,0.6148990392684937,0.6029431819915771,-1.2792611414624844e-07,0.5742588043212891,0.5838219523429871,0.004724319092929363,0.5329821109771729,0.5836299061775208,-0.003116441424936056,0.5032414197921753,0.6083033084869385,-0.01420090813189745,0.48603329062461853,0.6355801820755005,-0.027697596698999405,0.5073547959327698,0.551749587059021,-0.017181631177663803,0.4617918133735657,0.5493162274360657,-0.031769078224897385,0.432527095079422,0.5426260828971863,-0.039594072848558426,0.41000595688819885,0.5358567833900452,-0.0460968092083931,0.5255090594291687,0.559332549571991,-0.029157448559999466,0.48272091150283813,0.6372430920600891,-0.048806365579366684,0.4896908700466156,0.6660337448120117,-0.05019407346844673,0.49824199080467224,0.6685540676116943,-0.049993593245744705,0.5470208525657654,0.5812894701957703,-0.040349822491407394,0.5089700818061829,0.6587948799133301,-0.056384000927209854,0.5218969583511353,0.665688693523407,-0.04905956983566284,0.5323899984359741,0.6487317681312561,-0.04285857453942299,0.5674819946289062,0.6059142351150513,-0.05113634839653969,0.5337277054786682,0.6643018126487732,-0.06216305121779442,0.5416462421417236,0.6681389212608337,-0.056906018406152725,0.5506967306137085,0.6515518426895142,-0.051502931863069534
20,right,0.3737616539001465,0.7375355958938599,-1.6317403606080916e-07,0.3558456599712372,0.6858146786689758,-0.03573797270655632,0.3711380064487457,0.620506227016449,-0.060478631407022476,0.3948492109775543,0.5688514709472656,-0.0729888305068016,0.4052850306034088,0.5208715200424194,-0.08518906682729721,0.36651867628097534,0.6976684927940369,-0.10820258408784866,0.4052651822566986,0.6123473048210144,-0.13607902824878693,0.42530718445777893,0.5665184855461121,-0.14119768142700195,0.44433367252349854,0.5324839949607849,-0.14367398619651794,0.40017151832580566,0.7214377522468567,-0.09526681154966354,0.42812642455101013,0.6127524375915527,-0.11863072961568832,0.412935733795166,0.6124991178512573,-0.10581505298614502,0.4049321413040161,0.6366158723831177,-0.0973253920674324,0.42882245779037476,0.7286808490753174,-0.08095287531614304,0.44633322954177856,0.6256720423698425,-0.09999292343854904,0.42934346199035645,0.6300705075263977,-0.08289289474487305,0.4229208528995514,0.6548550128936768,-0.07164428383111954,0.4524396061897278,0.7245481014251709,-0.06828062236309052,0.460778146982193,0.643176257610321,-0.08472859114408493,0.44658488035202026,0.645611047744751,-0.0801277756690979,0.4412308931350708,0.666588544845581,-0.07751273363828659
20,left,0.6152878999710083,0.6025404334068298,-2.61838337678455e-08,0.5631462335586548,0.5874705910682678,0.002166064688935876,0.5174759030342102,0.589337944984436,-0.011160156689584255,0.4902007281780243,0.616023600101471,-0.026866551488637924,0.4827668368816376,0.644361138343811,-0.04487888514995575,0.5119738578796387,0.5233101844787598,-0.027011625468730927,0.47037309408187866,0.5154607892036438,-0.047658663243055344,0.4416453242301941,0.5028753876686096,-0.060389332473278046,0.41737744212150574,0.4910925328731537,-0.07034057378768921,0.5342023372650146,0.5305192470550537,-0.040053676813840866,0.4866586923599243,0.6149182915687561,-0.06378679722547531,0.5007249116897583,0.635243833065033,-0.06572433561086655,0.5115959048271179,0.6274697780609131,-0.06613579392433167,0.556352436542511,0.5547173619270325,-0.05229627341032028,0.5099777579307556,0.6360647082328796,-0.07323366403579712,0.5260864496231079,0.6396477818489075,-0.06312093883752823,0.5392303466796875,0.6205762028694153,-0.05373562499880791,0.5747524499893188,0.5833672285079956,-0.06410187482833862,0.5338704586029053,0.6442607641220093,-0.07952859997749329,0.5451272130012512,0.6447210907936096,-0.07273875921964645,0.5573642253875732,0.6268183588981628,-0.06549926847219467
21,right,0.37449365854263306,0.7412617802619934,-1.5508162221067323e-07,0.3581441640853882,0.6891041994094849,-0.03922834247350693,0.3733368217945099,0.6235883831977844,-0.06636261940002441,0.3959311544895172,0.5705194473266602,-0.0807759165763855,0.40775471925735474,0.5216730237007141,-0.09478127211332321,0.3692108988761902,0.7004173994064331,-0.1139790266752243,0.40645381808280945,0.6173330545425415,-0.14481483399868011,0.42550596594810486,0.5715395212173462,-0.15121200680732727,0.44310247898101807,0.5381650924682617,-0.15392960608005524,0.40140536427497864,0.7238714098930359,-0.09987645596265793,0.4286774694919586,0.6177283525466919,-0.12625949084758759,0.4134024679660797,0.6183017492294312,-0.1140986829996109,0.40499210357666016,0.643427312374115,-0.10561227798461914,0.429502010345459,0.731804609298706,-0.08466005325317383,0.4471680819988251,0.6303087472915649,-0.10675989091396332,0.4301028251647949,0.6361305713653564,-0.09009987115859985,0.42315539717674255,0.6623350381851196,-0.07856632024049759,0.4530025124549866,0.7289710640907288,-0.07126293331384659,0.4621393084526062,0.6478837728500366,-0.08987655490636826,0.4477234482765198,0.6509611010551453,-0.08573725074529648,0.4414501190185547,0.672921359539032,-0.08306851238012314
21,left,0.6212521195411682,0.6088006496429443,-1.9388347993753996e-07,0.5760504007339478,0.5912332534790039,0.0059201340191066265,0.5332891941070557,0.5884851813316345,-0.0008138116681948304,0.5020749568939209,0.6084263920783997,-0.010956622660160065,0.4850514829158783,0.6344332098960876,-0.023274142295122147,0.5133963227272034,0.5457261204719543,-0.014358636923134327,0.46738678216934204,0.5472325682640076,-0.02981635555624962,0.4407309293746948,0.5444576144218445,-0.03906465321779251,0.4203367829322815,0.5410164594650269,-0.04575468972325325,0.5316736102104187,0.553211510181427,-0.026377910748124123,0.4887769818305969,0.6264636516571045,-0.0449867844581604,0.4868590831756592,0.6594690084457397,-0.04822815582156181,0.48961424827575684,0.6703517436981201,-0.04953184351325035,0.5526919960975647,0.5757324695587158,-0.037598319351673126,0.5133233666419983,0.6511654257774353,-0.05290932580828667,0.5206634998321533,0.6640360355377197,-0.04753439873456955,0.5289105176925659,0.6547114849090576,-0.04235924407839775,0.571989893913269,0.6029664278030396,-0.048314254730939865,0.5371772050857544,0.6587135791778564,-0.058501701802015305,0.5405487418174744,0.6661562919616699,-0.05391082167625427,0.5471838116645813,0.6544922590255737,-0.0487523227930069
22,right,0.3723280131816864,0.7398006916046143,-1.4862737884868693e-07,0.3547242283821106,0.6884598135948181,-0.039614513516426086,0.36988070607185364,0.6216797232627869,-0.06640218943357468,0.39340347051620483,0.5689201951026917,-0.07990135252475739,0.40553218126296997,0.520568311214447,-0.09295424073934555,0.36675262451171875,0.6999379992485046,-0.1147444099187851,0.4038187265396118,0.6161515712738037,-0.14481793344020844,0.42453935742378235,0.5666330456733704,-0.1519608497619629,0.44411012530326843,0.5281253457069397,-0.15602146089076996,0.4004012644290924,0.7236936688423157,-0.10029817372560501,0.4274613559246063,0.6157534122467041,-0.12506434321403503,0.41201066970825195,0.613149106502533,-0.11275485903024673,0.403010755777359,0.6350684762001038,-0.10477365553379059,0.42949485778808594,0.729655385017395,-0.08467059582471848,0.4460934102535248,0.6260951161384583,-0.1047014594078064,0.4285511374473572,0.6287648677825928,-0.08768922090530396,0.42140406370162964,0.6526302099227905,-0.07660765945911407,0.4535680115222931,0.7243417501449585,-0.07101624459028244,0.4603765606880188,0.6427273750305176,-0.08813216537237167,0.4451254606246948,0.6442424654960632,-0.08381398767232895,0.4394974410533905,0.6649848222732544,-0.08146681636571884
22,left,0.6158101558685303,0.6058560013771057,-6.057182844187992e-08,0.5666846632957458,0.5861185789108276,0.0040003471076488495,0.524208664894104,0.5827696919441223,-0.007437373977154493,0.4957612454891205,0.6051212549209595,-0.02145950309932232,0.4823901951313019,0.6341915130615234,-0.03831087052822113,0.5120403170585632,0.5268592834472656,-0.027499498799443245,0.46876847743988037,0.5197499990463257,-0.04713990166783333,0.43916386365890503,0.5100003480911255,-0.05985978990793228,0.41450241208076477,0.5010910034179688,-0.06947311013936996,0.5344799757003784,0.535330593585968,-0.04048530012369156,0.4867086708545685,0.6128223538398743,-0.06223640963435173,0.48582717776298523,0.648360550403595,-0.06568305194377899,0.4894421398639679,0.6601756811141968,-0.06768830865621567,0.5570765137672424,0.5607714653015137,-0.05214153230190277,0.5114461183547974,0.6413272023200989,-0.06988124549388885,0.521692156791687,0.6510636806488037,-0.06200475990772247,0.5344511866569519,0.6385817527770996,-0.05501836910843849,0.5759091377258301,0.5906473994255066,-0.06320228427648544,0.5344271063804626,0.6513031125068665,-0.07595081627368927,0.5405610799789429,0.6545626521110535,-0.06953337043523788,0.5518335700035095,0.638478696346283,-0.06292647868394852
23,right,0.3733629584312439,0.7404145002365112,-1.5321650437272183e-07,0.35528942942619324,0.6885761022567749,-0.04170393571257591,0.3716278076171875,0.6198968291282654,-0.06973258405923843,0.39595523476600647,0.5635220408439636,-0.08399423211812973,0.4082483649253845,0.5117799043655396,-0.09781505912542343,0.3663522005081177,0.6984632611274719,-0.11847889423370361,0.40398117899894714,0.6130675077438354,-0.15006692707538605,0.42379117012023926,0.5673154592514038,-0.15764610469341278,0.442787230014801,0.5331147313117981,-0.16174525022506714,0.40005651116371155,0.7224034070968628,-0.10294894874095917,0.42727476358413696,0.6144331693649292,-0.12922385334968567,0.4117593467235565,0.6156407594680786,-0.11694899946451187,0.4030187129974365,0.6405730843544006,-0.10905448347330093,0.429266095161438,0.7295665144920349,-0.08634502440690994,0.446434885263443,0.6267486810684204,-0.10771971195936203,0.42913293838500977,0.6329373121261597,-0.09062525629997253,0.4220121502876282,0.6593770384788513,-0.07962555438280106,0.45332446694374084,0.7254456281661987,-0.07179095596075058,0.45990508794784546,0.6437820792198181,-0.09078246355056763,0.44481903314590454,0.6479090452194214,-0.0872638151049614,0.439270943403244,0.6699703931808472,-0.08547566831111908
23,left,0.6192470192909241,0.6107686758041382,-1.854080551311199e-07,0.5744314789772034,0.5935889482498169,0.006252562161535025,0.5320330262184143,0.5902546644210815,-0.0010338622378185391,0.500489354133606,0.611603856086731,-0.01157363224774599,0.48392340540885925,0.636783242225647,-0.023909879848361015,0.513766348361969,0.5416543483734131,-0.014374976977705956,0.469709575176239,0.5399101376533508,-0.02996424026787281,0.44461506605148315,0.5362479090690613,-0.03950844332575798,0.4240800738334656,0.5321352481842041,-0.04667460918426514,0.531527578830719,0.5500236749649048,-0.027010126039385796,0.4858570098876953,0.6242763996124268,-0.04558565467596054,0.48791202902793884,0.6532337665557861,-0.04838564619421959,0.4930861294269562,0.6583940386772156,-0.049553774297237396,0.5513954162597656,0.573435366153717,-0.03882701322436333,0.5104295015335083,0.6482012867927551,-0.05363483354449272,0.5207131505012512,0.6574711203575134,-0.04682305455207825,0.5305103063583374,0.64437335729599,-0.04098677635192871,0.5694822669029236,0.6007897853851318,-0.050174254924058914,0.5346550941467285,0.6552848815917969,-0.059833429753780365,0.5413700938224792,0.6603014469146729,-0.05393332242965698,0.5504838228225708,0.6462799310684204,-0.04804384335875511
24,right,0.3726692795753479,0.7386987805366516,-1.6800620983303816e-07,0.35499659180641174,0.6876893639564514,-0.036706630140542984,0.3710078001022339,0.6204974055290222,-0.0607779435813427,0.3952515721321106,0.5655693411827087,-0.07285398989915848,0.40697792172431946,0.5161706805229187,-0.08449758589267731,0.36707940697669983,0.6967039108276367,-0.10641936212778091,0.40386179089546204,0.6120871305465698,-0.13472768664360046,0.4227551817893982,0.5677365660667419,-0.13954709470272064,0.4407496750354767,0.5351450443267822,-0.14147208631038666,0.4002980887889862,0.7192043662071228,-0.0935833603143692,0.4259623885154724,0.6098505258560181,-0.11859589070081711,0.4109031856060028,0.6089462637901306,-0.10690505802631378,0.403066486120224,0.632770299911499,-0.09869788587093353,0.42925065755844116,0.7258519530296326,-0.07976849377155304,0.4458172917366028,0.6218277812004089,-0.10092728585004807,0.42879635095596313,0.626853346824646,-0.08520221710205078,0.42251092195510864,0.6523850560188293,-0.07420424371957779,0.4531201720237732,0.7212652564048767,-0.0676644891500473,0.46025988459587097,0.6390978693962097,-0.08555388450622559,0.44607824087142944,0.6424510478973389,-0.08219660818576813,0.44132035970687866,0.6647053956985474,-0.08011138439178467
24,left,0.6207985877990723,0.6080095767974854,-1.8493585685064318e-07,0.5804054737091064,0.5839996337890625,0.0056096515618264675,0.5396769046783447,0.5791288614273071,3.8618367398157716e-05,0.5087907910346985,0.5966165661811829,-0.008361737243831158,0.4914788007736206,0.6156925559043884,-0.018533457070589066,0.5137273073196411,0.5420488119125366,-0.013281276449561119,0.469430536031723,0.5448776483535767,-0.027521701529622078,0.4429757297039032,0.5406076312065125,-0.036243896931409836,0.42241010069847107,0.5362845659255981,-0.04271642491221428,0.5303915143013,0.5509085059165955,-0.02412712574005127,0.48929017782211304,0.6288591623306274,-0.04222472757101059,0.4905034899711609,0.6553298234939575,-0.0460030734539032,0.49356338381767273,0.6608649492263794,-0.04797687008976936,0.5496572852134705,0.5729817748069763,-0.03415233641862869,0.5133835673332214,0.6486000418663025,-0.04945960268378258,0.5248420834541321,0.651491641998291,-0.044608984142541885,0.5338514447212219,0.6362131237983704,-0.03982941806316376,0.5680386424064636,0.5979786515235901,-0.04354375600814819,0.5345088839530945,0.6557024717330933,-0.05416971445083618,0.5408761501312256,0.6564096212387085,-0.0497577078640461,0.5482032299041748,0.640614926815033,-0.044683631509542465
25,right,0.3746073544025421,0.7393225431442261,-1.690773387963418e-07,0.35661759972572327,0.6881953477859497,-0.03628065064549446,0.37122201919555664,0.6221902370452881,-0.06053650379180908,0.3939043879508972,0.5691770315170288,-0.07280890643596649,0.4047967195510864,0.5214067697525024,-0.0846700444817543,0.3678320348262787,0.6998218297958374,-0.10677166283130646,0.40365150570869446,0.6148156523704529,-0.13588282465934753,0.4220030903816223,0.5687962770462036,-0.14215436577796936,0.4393896162509918,0.535152018070221,-0.145089253783226,0.40100955963134766,0.7225998640060425,-0.09396728873252869,0.4264005422592163,0.6141295433044434,-0.11908628791570663,0.4113304018974304,0.6125863194465637,-0.10785789787769318,0.40324917435646057,0.6361569166183472,-0.100075863301754,0.429521381855011,0.7292606234550476,-0.08008639514446259,0.4455080032348633,0.6257894039154053,-0.10094282776117325,0.4284536838531494,0.630003035068512,-0.08492295444011688,0.4217909276485443,0.6553744673728943,-0.07376480847597122,0.452912837266922,0.724845826625824,-0.06792492419481277,0.4602803587913513,0.6430764198303223,-0.08560391515493393,0.44629210233688354,0.6455105543136597,-0.08175089955329895,0.4410388469696045,0.667331874370575,-0.07923562824726105
25,left,0.6125994920730591,0.6072993278503418,-2.7936829738450797e-08,0.5653424859046936,0.5884820222854614,0.0013980689691379666,0.5208970308303833,0.5877935886383057,-0.010169253684580326,0.49335557222366333,0.6166744828224182,-0.023601455613970757,0.48539450764656067,0.6485517621040344,-0.0394737683236599,0.5106198191642761,0.5363102555274963,-0.02844773232936859,0.4652273952960968,0.5285600423812866,-0.04867364838719368,0.43414321541786194,0.5204168558120728,-0.06166379153728485,0.40769442915916443,0.5118622779846191,-0.07167571783065796,0.532487154006958,0.5457265377044678,-0.040007900446653366,0.482671856880188,0.6232510209083557,-0.06279776990413666,0.48821499943733215,0.6484839916229248,-0.06599277257919312,0.4942969083786011,0.6490061283111572,-0.06738362461328506,0.554291307926178,0.5702056288719177,-0.05054542049765587,0.5094629526138306,0.6470426321029663,-0.06972557306289673,0.5238679051399231,0.6486825346946716,-0.06226397305727005,0.5369277000427246,0.6304029226303101,-0.05484751984477043,0.5727866888046265,0.5984144806861877,-0.06066635623574257,0.5317538380622864,0.6542180180549622,-0.07460663467645645,0.541045069694519,0.6536903977394104,-0.06868918985128403,0.5533963441848755,0.6369545459747314,-0.06207044795155525
26,right,0.3720845580101013,0.7378216981887817,-1.391022834695832e-07,0.35492753982543945,0.6868781447410583,-0.03922449052333832,0.37019819021224976,0.6198872327804565,-0.0661972165107727,0.39300814270973206,0.5661802291870117,-0.08040045201778412,0.40634167194366455,0.5163112878799438,-0.09419691562652588,0.3657098412513733,0.6977403163909912,-0.11440838873386383,0.4027749300003052,0.6128561496734619,-0.14398056268692017,0.423134982585907,0.5671236515045166,-0.1485683172941208,0.442582905292511,0.5330674052238464,-0.15027479827404022,0.39884740114212036,0.7208201885223389,-0.10079887509346008,0.42753103375434875,0.6101268529891968,-0.12645027041435242,0.41263505816459656,0.6095971465110779,-0.11350975185632706,0.4038098454475403,0.6343854665756226,-0.10438358783721924,0.428169846534729,0.7277042865753174,-0.0860530212521553,0.44539734721183777,0.6221554279327393,-0.10760342329740524,0.4291175305843353,0.6276610493659973,-0.09132365137338638,0.42331263422966003,0.6533176302909851,-0.08014737069606781,0.4528542160987854,0.723202645778656,-0.07308822870254517,0.4598938822746277,0.6407212615013123,-0.0911845713853836,0.44624102115631104,0.6449849009513855,-0.0874653309583664,0.44134092330932617,0.6674760580062866,-0.08531656861305237
26,left,0.6213432550430298,0.6057916283607483,-1.7652409667334723e-07,0.580714225769043,0.5840893387794495,0.005914164707064629,0.5396450161933899,0.5822022557258606,0.000778951623942703,0.5086746215820312,0.604017436504364,-0.007238804362714291,0.49028587341308594,0.628300666809082,-0.01731889881193638,0.513356626033783,0.5554541945457458,-0.013760746456682682,0.46962302923202515,0.5544948577880859,-0.02771162800490856,0.44591012597084045,0.5486575365066528,-0.035624030977487564,0.4265589416027069,0.540852427482605,-0.04173746332526207,0.5292821526527405,0.5630483627319336,-0.024256940931081772,0.487346351146698,0.6374047994613647,-0.04079519584774971,0.4886554479598999,0.6674498319625854,-0.04290085285902023,0.4930722415447235,0.6741471290588379,-0.04411487653851509,0.5490170121192932,0.5846612453460693,-0.03392564132809639,0.51204913854599,0.659328818321228,-0.04792075604200363,0.5173732042312622,0.6729137301445007,-0.04274813458323479,0.5234848856925964,0.6649399399757385,-0.038438886404037476,0.5677667260169983,0.6103275418281555,-0.042952172458171844,0.5356587767601013,0.6660003066062927,-0.05303278937935829,0.5385939478874207,0.6741710901260376,-0.049403853714466095,0.5434888601303101,0.664506733417511,-0.04531744122505188
27,right,0.37286707758903503,0.7395414113998413,-1.7281443831507204e-07,0.35465049743652344,0.6875849962234497,-0.0362982377409935,0.3697841465473175,0.6211498975753784,-0.06121126934885979,0.39372625946998596,0.5677270889282227,-0.07385167479515076,0.4048573076725006,0.519422709941864,-0.08606841415166855,0.3651188313961029,0.6977773904800415,-0.10831977427005768,0.4031653106212616,0.6133422255516052,-0.13721302151679993,0.42267635464668274,0.5674731731414795,-0.14317795634269714,0.441385418176651,0.5331708192825317,-0.14619183540344238,0.3986654281616211,0.7213889956474304,-0.09515835344791412,0.42638131976127625,0.612424910068512,-0.1197219043970108,0.411359041929245,0.6124882102012634,-0.10770963132381439,0.4039144515991211,0.6370139122009277,-0.09965690225362778,0.42794737219810486,0.728080689907074,-0.08076170086860657,0.4455063045024872,0.6245667934417725,-0.10074608027935028,0.4285808801651001,0.6289968490600586,-0.08433417230844498,0.42273810505867004,0.6544724702835083,-0.07338596880435944,0.4524892568588257,0.7232264876365662,-0.06804466247558594,0.46036604046821594,0.6414472460746765,-0.08538520336151123,0.44613245129585266,0.6440995335578918,-0.08171409368515015,0.44176650047302246,0.6655482649803162,-0.0796450823545456
27,left,0.6154932975769043,0.6049838662147522,-5.514043888155129e-09,0.5658641457557678,0.5932992100715637,0.0007098146597854793,0.5197721719741821,0.5956228971481323,-0.01273490022867918,0.4921857416629791,0.6237392425537109,-0.02755068987607956,0.4862583875656128,0.6504107713699341,-0.044355545192956924,0.5116463899612427,0.5313920378684998,-0.03087778389453888,0.46771660447120667,0.5229880809783936,-0.053810663521289825,0.4383363723754883,0.5122497081756592,-0.06853387504816055,0.41260743141174316,0.5015034079551697,-0.07978496700525284,0.5349826812744141,0.5353244543075562,-0.0425415076315403,0.4865128695964813,0.617996871471405,-0.06752865761518478,0.5021345615386963,0.639445424079895,-0.06926819682121277,0.5128265023231506,0.6321720480918884,-0.06916698813438416,0.5573676824569702,0.5586953163146973,-0.05349341407418251,0.5108023881912231,0.639388382434845,-0.0745389312505722,0.5265778303146362,0.6437135934829712,-0.06370198726654053,0.5391730070114136,0.6249173879623413,-0.053549624979496,0.574968695640564,0.5881903171539307,-0.06413193792104721,0.5333652496337891,0.6469219923019409,-0.07983119785785675,0.5440777540206909,0.649921715259552,-0.07303749769926071,0.5557626485824585,0.6349257826805115,-0.06548608094453812
28,right,0.3738614022731781,0.7360407710075378,-1.463603638285349e-07,0.35574811697006226,0.685835599899292,-0.036613043397665024,0.37032070755958557,0.6194919347763062,-0.061666883528232574,0.3938494324684143,0.565788209438324,-0.07482905685901642,0.40633949637413025,0.5167211890220642,-0.08766914904117584,0.3671095371246338,0.6965563297271729,-0.10763098299503326,0.4030512571334839,0.6117763519287109,-0.13669756054878235,0.42187100648880005,0.5650965571403503,-0.14205871522426605,0.4394516944885254,0.5306065082550049,-0.144344761967659,0.4006303548812866,0.7188491821289062,-0.0953034833073616,0.4257252514362335,0.6085851788520813,-0.12049379199743271,0.4107045829296112,0.6086669564247131,-0.10857302695512772,0.4031532108783722,0.6337253451347351,-0.10011972486972809,0.42962852120399475,0.725334107875824,-0.08197945356369019,0.4452025890350342,0.621074914932251,-0.10278726369142532,0.4289908707141876,0.6266992092132568,-0.08646263927221298,0.42342838644981384,0.6530114412307739,-0.07516071945428848,0.4533124268054962,0.7206003069877625,-0.07039569318294525,0.4595566689968109,0.6385336518287659,-0.08787508308887482,0.4461812973022461,0.6427339315414429,-0.08382708579301834,0.44197607040405273,0.6660102605819702,-0.08128415793180466
28,left,0.6153222918510437,0.6021791100502014,-4.3337738730997444e-08,0.5767918825149536,0.5821799039840698,0.0046842764131724834,0.5329700112342834,0.5847037434577942,-0.002644731430336833,0.5017767548561096,0.6143500208854675,-0.012184332124888897,0.48806872963905334,0.6446101069450378,-0.02405409701168537,0.5158963203430176,0.5467735528945923,-0.016613444313406944,0.4743273854255676,0.5465696454048157,-0.030735310167074203,0.44786587357521057,0.5409083962440491,-0.03909410163760185,0.4274991452693939,0.5344563722610474,-0.04557515308260918,0.5326483249664307,0.5551917552947998,-0.02743053436279297,0.4852585792541504,0.6260504126548767,-0.04463845118880272,0.4868485629558563,0.6546890735626221,-0.04736237972974777,0.49325335025787354,0.6621184945106506,-0.04860536381602287,0.5514074563980103,0.5775087475776672,-0.0371810682117939,0.5089628100395203,0.651148796081543,-0.0528641901910305,0.5201441645622253,0.6594064235687256,-0.047660842537879944,0.53215491771698,0.6476925611495972,-0.042324017733335495,0.5680903792381287,0.603389322757721,-0.046077828854322433,0.5311166644096375,0.660906195640564,-0.05805273726582527,0.539866030216217,0.6646568775177002,-0.05419725552201271,0.5513738989830017,0.6505581140518188,-0.04947071522474289
29,right,0.3734540641307831,0.7368984818458557,-1.5384544838070724e-07,0.35493507981300354,0.6852671504020691,-0.039924874901771545,0.370212584733963,0.6173198223114014,-0.0670289620757103,0.39433518052101135,0.5627300143241882,-0.08081106841564178,0.4058624804019928,0.5126931071281433,-0.09412176162004471,0.36748912930488586,0.6952543258666992,-0.1157619059085846,0.4028427302837372,0.6096753478050232,-0.14701493084430695,0.4227589964866638,0.5618505477905273,-0.15442195534706116,0.44211500883102417,0.5248185396194458,-0.1584305763244629,0.4010830521583557,0.7183004021644592,-0.10116501152515411,0.4264828562736511,0.6094523668289185,-0.1276242434978485,0.4107650816440582,0.6099440455436707,-0.11534783244132996,0.4022008776664734,0.6341618299484253,-0.10697317868471146,0.43011775612831116,0.7239728569984436,-0.08547016233205795,0.4449816942214966,0.6206032037734985,-0.10726673901081085,0.42796480655670166,0.6257106065750122,-0.09067514538764954,0.4217863082885742,0.6513167023658752,-0.07942727953195572,0.45425650477409363,0.7186609506607056,-0.07163156569004059,0.4594820737838745,0.6368736624717712,-0.09019134938716888,0.4448932409286499,0.640583872795105,-0.08655576407909393,0.4405570924282074,0.6624880433082581,-0.08445872366428375
29,left,0.6119384169578552,0.6012864112854004,7.412747748958282e-09,0.5670328736305237,0.5837749242782593,0.0006197408656589687,0.5222431421279907,0.5865318179130554,-0.01152545865625143,0.4954395294189453,0.6184588074684143,-0.02539837546646595,0.4873071014881134,0.6509964466094971,-0.04183163866400719,0.5126907825469971,0.529167890548706,-0.029899653047323227,0.4708937108516693,0.523403525352478,-0.048801593482494354,0.44200217723846436,0.515209972858429,-0.059841010719537735,0.41760632395744324,0.5070355534553528,-0.06842494010925293,0.5342183113098145,0.5382912755012512,-0.04136098548769951,0.48738235235214233,0.6161929965019226,-0.06356703490018845,0.4899831712245941,0.646007776260376,-0.0669226348400116,0.49499011039733887,0.650473952293396,-0.06873751431703568,0.5566853880882263,0.5629586577415466,-0.05169939249753952,0.5115337371826172,0.6419942378997803,-0.07217320799827576,0.5235439538955688,0.649885356426239,-0.06547028571367264,0.5359168648719788,0.6353322267532349,-0.058507680892944336,0.5753337740898132,0.5921057462692261,-0.06136561185121536,0.5353455543518066,0.6508777737617493,-0.07605074346065521,0.543822169303894,0.6522827744483948,-0.07055410742759705,0.5557766556739807,0.6353517770767212,-0.0645253136754036
30,right,0.37487560510635376,0.7371050119400024,-1.573020256273594e-07,0.35733309388160706,0.6868299841880798,-0.03866008669137955,0.37141045928001404,0.6208630204200745,-0.06519588828086853,0.39448392391204834,0.5668132305145264,-0.0789310559630394,0.4076521694660187,0.5181528329849243,-0.09230002015829086,0.3673763871192932,0.6974499821662903,-0.11399970203638077,0.40264439582824707,0.6133368611335754,-0.14579133689403534,0.4217217266559601,0.5680950284004211,-0.1533452570438385,0.43945080041885376,0.5348803997039795,-0.15686772763729095,0.400902658700943,0.7205581665039062,-0.10015114396810532,0.42638149857521057,0.6104978919029236,-0.12661375105381012,0.41175007820129395,0.6098422408103943,-0.11483780294656754,0.40385183691978455,0.6338626742362976,-0.10689686238765717,0.4298941493034363,0.7276877760887146,-0.0852481946349144,0.4459545910358429,0.6233188509941101,-0.10782624781131744,0.42944014072418213,0.6285039782524109,-0.09141883999109268,0.42285874485969543,0.6538721323013306,-0.07998871058225632,0.45400190353393555,0.7236099243164062,-0.07204590737819672,0.46104007959365845,0.6409422755241394,-0.09117548912763596,0.44701167941093445,0.6442161798477173,-0.08728566765785217,0.4416584372520447,0.6658180356025696,-0.08472517132759094
30,left,0.6171348094940186,0.6070418357849121,-1.3191649372856773e-07,0.5744988918304443,0.5870094895362854,0.005240182857960463,0.5344356894493103,0.5821022391319275,-0.0032881309743970633,0.506050705909729,0.6017179489135742,-0.014467362314462662,0.49244844913482666,0.6285420060157776,-0.02810022234916687,0.5156610608100891,0.5405663847923279,-0.02135615050792694,0.4713016152381897,0.5369135141372681,-0.036784827709198,0.44355958700180054,0.5310676097869873,-0.04627901688218117,0.42052161693573,0.5260048508644104,-0.05372659116983414,0.5341100692749023,0.548408031463623,-0.03302615135908127,0.48986271023750305,0.6201540231704712,-0.0507856085896492,0.48673248291015625,0.6523094773292542,-0.052859872579574585,0.4886224567890167,0.6636813879013062,-0.054104309529066086,0.5545896291732788,0.5729219913482666,-0.04335853084921837,0.5139449834823608,0.6464924216270447,-0.05734250321984291,0.5219613909721375,0.6553444862365723,-0.05098114535212517,0.532084047794342,0.6445024609565735,-0.04581686109304428,0.5725926756858826,0.6015356183052063,-0.05305183306336403,0.5363142490386963,0.6548639535903931,-0.0629393458366394,0.5410511493682861,0.6586039662361145,-0.05762889236211777,0.5500775575637817,0.6454744935035706,-0.05231470614671707
31,right,0.3745098114013672,0.73615562915802,-1.5396859964766918e-07,0.3570452928543091,0.6841946840286255,-0.037899505347013474,0.37110456824302673,0.6174612045288086,-0.0640951544046402,0.3938749432563782,0.563159704208374,-0.07774879783391953,0.4068598747253418,0.5132972598075867,-0.09103723615407944,0.36690205335617065,0.6955745220184326,-0.11236250400543213,0.40355825424194336,0.6108368635177612,-0.14189094305038452,0.4240852892398834,0.5646076202392578,-0.14727741479873657,0.4434720277786255,0.5301079750061035,-0.14963892102241516,0.40024280548095703,0.7184141874313354,-0.09883478283882141,0.42714858055114746,0.6081710457801819,-0.12436776608228683,0.41263651847839355,0.6080688238143921,-0.1119542270898819,0.4039738178253174,0.6327115893363953,-0.10329131782054901,0.42968428134918213,0.7247166037559509,-0.08404606580734253,0.44551655650138855,0.619427502155304,-0.10503977537155151,0.42928004264831543,0.625085175037384,-0.08890664577484131,0.42327189445495605,0.650810956954956,-0.0779028907418251,0.45420119166374207,0.7196457386016846,-0.07092617452144623,0.4595165550708771,0.6367579698562622,-0.08845200389623642,0.4464622437953949,0.6410921812057495,-0.08479015529155731,0.4428459405899048,0.6633596420288086,-0.08272845298051834
31,left,0.6214490532875061,0.6050838828086853,-1.850942226155894e-07,0.5821276307106018,0.5795798301696777,0.0062509579584002495,0.542421817779541,0.5736520290374756,0.0024141762405633926,0.5135027170181274,0.5905813574790955,-0.00429231533780694,0.49750247597694397,0.6114493012428284,-0.013005911372601986,0.5158056020736694,0.5485519766807556,-0.012140294536948204,0.47259029746055603,0.5484362244606018,-0.026605693623423576,0.4494648575782776,0.5418702960014343,-0.03555145859718323,0.4306275248527527,0.5348784923553467,-0.042085710912942886,0.5316686630249023,0.5556027293205261,-0.022463517263531685,0.49013441801071167,0.6323478817939758,-0.03927501291036606,0.49121415615081787,0.6637895107269287,-0.042546141892671585,0.4951190948486328,0.6728911995887756,-0.04424634575843811,0.551373302936554,0.576802134513855,-0.03207932785153389,0.515142023563385,0.653165340423584,-0.04657468572258949,0.5217117071151733,0.6650843620300293,-0.04258310794830322,0.5282140374183655,0.6570048928260803,-0.03842085227370262,0.5706059336662292,0.6016608476638794,-0.04101022332906723,0.5391090512275696,0.6593950390815735,-0.051420606672763824,0.5405267477035522,0.6664692163467407,-0.04824339225888252,0.5439925789833069,0.6574676632881165,-0.04408518224954605
32,right,0.3752637803554535,0.7364783883094788,-1.7262364337966574e-07,0.3560768663883209,0.6855210065841675,-0.03560126945376396,0.37081068754196167,0.6188527345657349,-0.05971438065171242,0.3943001627922058,0.5650679469108582,-0.07188543677330017,0.4053720533847809,0.5160562992095947,-0.08360988646745682,0.3667278289794922,0.6955639719963074,-0.10628028959035873,0.4040089249610901,0.6096553206443787,-0.13388366997241974,0.42277443408966064,0.5636944770812988,-0.1379486471414566,0.4403690695762634,0.5297037363052368,-0.1395016610622406,0.4007103443145752,0.7176476120948792,-0.0938921570777893,0.4270201027393341,0.6066300868988037,-0.11840090155601501,0.412268728017807,0.6080638766288757,-0.10607719421386719,0.4043252766132355,0.6340474486351013,-0.09740570187568665,0.430253267288208,0.724047064781189,-0.08030129969120026,0.4463181495666504,0.6189688444137573,-0.10047116875648499,0.4297182261943817,0.6257146000862122,-0.08413209021091461,0.4241684377193451,0.6520524621009827,-0.07300562411546707,0.45461392402648926,0.719218909740448,-0.06835179030895233,0.46044492721557617,0.6371521949768066,-0.08566474914550781,0.4469050168991089,0.6417097449302673,-0.08211637288331985,0.44301891326904297,0.6641834378242493,-0.08009503781795502
32,left,0.6155222654342651,0.6008742451667786,2.252623687581945e-08,0.5667158961296082,0.5862152576446533,-0.00036717922193929553,0.5198588967323303,0.5880584716796875,-0.014284241013228893,0.4938834011554718,0.6188821792602539,-0.029810858890414238,0.491665244102478,0.6490972638130188,-0.04769983887672424,0.5148261785507202,0.5291162729263306,-0.031434040516614914,0.47052088379859924,0.5203966498374939,-0.052171412855386734,0.44075387716293335,0.5121774673461914,-0.06489581614732742,0.4150545597076416,0.5035735964775085,-0.07514036446809769,0.5377264022827148,0.5368087887763977,-0.04276158660650253,0.48999881744384766,0.6177645325660706,-0.06695696711540222,0.5008954405784607,0.6413731575012207,-0.0691499188542366,0.509087860584259,0.6373187899589539,-0.06985611468553543,0.5601396560668945,0.5621154308319092,-0.05323302373290062,0.5138742327690125,0.6420386433601379,-0.07427114248275757,0.5284476280212402,0.6467102766036987,-0.06506078690290451,0.5414944887161255,0.6296343803405762,-0.05628754198551178,0.5774801969528198,0.5927008390426636,-0.06335869431495667,0.5352329015731812,0.6498569250106812,-0.07829725742340088,0.5447432398796082,0.6519145369529724,-0.0719643160700798,0.5569077134132385,0.6367311477661133,-0.06528736650943756
33,right,0.3759958744049072,0.7378830909729004,-1.419600721419556e-07,0.3578658699989319,0.6878331899642944,-0.03714781999588013,0.3727518916130066,0.6193046569824219,-0.061097774654626846,0.3944514989852905,0.5637486577033997,-0.07289230078458786,0.40562498569488525,0.5145849585533142,-0.08421984314918518,0.36806851625442505,0.6953187584877014,-0.1067574992775917,0.4040001630783081,0.6112002730369568,-0.135615274310112,0.42320188879966736,0.5644846558570862,-0.14103558659553528,0.44133272767066956,0.5300220251083374,-0.14329326152801514,0.4025595486164093,0.7177555561065674,-0.09381291270256042,0.4280295670032501,0.6071555614471436,-0.11917787045240402,0.4132228195667267,0.6046271324157715,-0.10788839310407639,0.40479692816734314,0.6280407905578613,-0.09959322214126587,0.43226176500320435,0.7242705821990967,-0.07992425560951233,0.44780078530311584,0.619462251663208,-0.1013079509139061,0.4314592480659485,0.6231979727745056,-0.08604749292135239,0.4246690571308136,0.648353636264801,-0.07489042729139328,0.45657187700271606,0.7189037203788757,-0.06773561984300613,0.4628198444843292,0.6357365846633911,-0.08546284586191177,0.44925057888031006,0.6387210488319397,-0.08205395936965942,0.444080650806427,0.6614051461219788,-0.07966641336679459
33,left,0.6220683455467224,0.6045598983764648,-1.6178616135675838e-07,0.5791580677032471,0.5834754705429077,0.005992409773170948,0.5363718271255493,0.5822284817695618,0.00027460555429570377,0.504997968673706,0.6054980158805847,-0.008761588484048843,0.4862573444843292,0.6313551664352417,-0.020014308393001556,0.5125570893287659,0.5547317266464233,-0.01329102087765932,0.46931982040405273,0.5527451634407043,-0.027507757768034935,0.4440445899963379,0.5461662411689758,-0.03550383076071739,0.42423248291015625,0.5385807752609253,-0.04172425717115402,0.529188871383667,0.5630595088005066,-0.02478405088186264,0.4869092106819153,0.638264536857605,-0.04242880642414093,0.49183690547943115,0.6659590005874634,-0.04449891671538353,0.498846173286438,0.6692856550216675,-0.045259613543748856,0.5499795079231262,0.5848718285560608,-0.03552781417965889,0.5123266577720642,0.6599138975143433,-0.05065731704235077,0.5223679542541504,0.6683160066604614,-0.04498466104269028,0.5314692258834839,0.6542853713035583,-0.03987981751561165,0.570004403591156,0.6094842553138733,-0.04564090818166733,0.5356559753417969,0.6654881834983826,-0.05610492825508118,0.5403203368186951,0.6710699796676636,-0.051820602267980576,0.5471101999282837,0.6580788493156433,-0.047084733843803406
34,right,0.3759003281593323,0.7356861233711243,-1.5870462277689512e-07,0.3570614755153656,0.6862924098968506,-0.03529798611998558,0.3711034953594208,0.6197053790092468,-0.05912350118160248,0.3943992257118225,0.5666033029556274,-0.07093620300292969,0.4047548174858093,0.517915666103363,-0.08233170956373215,0.3675205111503601,0.696548581123352,-0.10653410851955414,0.40522196888923645,0.6105703115463257,-0.13508325815200806,0.42396897077560425,0.5655338168144226,-0.14045123755931854,0.44111764430999756,0.5322062969207764,-0.1427140235900879,0.4014267325401306,0.7185128927230835,-0.09392823278903961,0.4277038872241974,0.6079543828964233,-0.11822148412466049,0.4127402603626251,0.6090027689933777,-0.10602182894945145,0.40564876794815063,0.6339221596717834,-0.09756428748369217,0.4303979277610779,0.7241522073745728,-0.08013691753149033,0.44653749465942383,0.6194709539413452,-0.10022752732038498,0.4298064708709717,0.6250827312469482,-0.08378911018371582,0.4240792691707611,0.6505239009857178,-0.07248803973197937,0.4541403353214264,0.7180383205413818,-0.06791971623897552,0.46107017993927,0.635968029499054,-0.08517977595329285,0.44785216450691223,0.6389490962028503,-0.08127672225236893,0.4436649978160858,0.6605063080787659,-0.07886480540037155
34,left,0.6193703413009644,0.6073250770568848,-5.395595081836291e-09,0.5675276517868042,0.5967483520507812,0.0006751107284799218,0.5217647552490234,0.5978577136993408,-0.01323084905743599,0.4936315417289734,0.6210646629333496,-0.028744027018547058,0.48633313179016113,0.6451059579849243,-0.046166252344846725,0.5168262720108032,0.528944730758667,-0.02973882667720318,0.47340458631515503,0.5144489407539368,-0.051979970186948776,0.4425169825553894,0.5024946331977844,-0.06533423066139221,0.4167797565460205,0.4917196035385132,-0.07537182420492172,0.5400163531303406,0.532482922077179,-0.041682589799165726,0.488492876291275,0.610781192779541,-0.06729299575090408,0.5038778185844421,0.633179783821106,-0.06882944703102112,0.5157732367515564,0.626680314540863,-0.06789940595626831,0.5617679357528687,0.5556118488311768,-0.05287117138504982,0.5121954679489136,0.6336483359336853,-0.07517316192388535,0.5284129977226257,0.6390196681022644,-0.06402388960123062,0.5416874885559082,0.6204268932342529,-0.052977241575717926,0.5785036087036133,0.5848411321640015,-0.06365373730659485,0.5352946519851685,0.643572211265564,-0.07996738702058792,0.5467474460601807,0.6470687389373779,-0.07267533987760544,0.5590828657150269,0.6314829587936401,-0.06440338492393494
35,right,0.37696725130081177,0.7357470989227295,-1.485739744566672e-07,0.3587515354156494,0.6849096417427063,-0.03717335686087608,0.3724408745765686,0.6177070140838623,-0.06313657015562057,0.3947501480579376,0.5637179613113403,-0.07672350108623505,0.40702083706855774,0.5143206119537354,-0.08999769389629364,0.36956483125686646,0.6949847340583801,-0.11235404014587402,0.40468618273735046,0.6086646914482117,-0.14288440346717834,0.42438188195228577,0.5617854595184326,-0.14917342364788055,0.442658394575119,0.5270069241523743,-0.15186911821365356,0.40384697914123535,0.7172504663467407,-0.09921485930681229,0.42832186818122864,0.6058015823364258,-0.12512902915477753,0.41362595558166504,0.6073885560035706,-0.11248621344566345,0.4054642915725708,0.6339849233627319,-0.10342534631490707,0.43332141637802124,0.7234766483306885,-0.08487685769796371,0.4481099545955658,0.6171948313713074,-0.1065421849489212,0.43184006214141846,0.6238927841186523,-0.0905497744679451,0.4252925515174866,0.6515675783157349,-0.07926322519779205,0.4576495885848999,0.7184607982635498,-0.07211030274629593,0.4624878764152527,0.6352133750915527,-0.09070496261119843,0.4486217796802521,0.6393725872039795,-0.08736592531204224,0.44329705834388733,0.6628977060317993,-0.0851442813873291
35,left,0.6158639192581177,0.6032690405845642,-4.3187483811379934e-08,0.5786929726600647,0.5816356539726257,0.003884219331666827,0.5358448028564453,0.5840262770652771,-0.0035989591851830482,0.5045037865638733,0.611851155757904,-0.012880584225058556,0.48980098962783813,0.6418758630752563,-0.02442469634115696,0.5181960463523865,0.5497204065322876,-0.017245465889573097,0.4822990894317627,0.5497673749923706,-0.033057086169719696,0.45940807461738586,0.5401512384414673,-0.04301587492227554,0.44114187359809875,0.5305570363998413,-0.05042647197842598,0.5335745811462402,0.558375358581543,-0.02785385027527809,0.4845646023750305,0.6312918663024902,-0.04555660858750343,0.48986130952835083,0.6591081023216248,-0.048308636993169785,0.49967846274375916,0.6644464135169983,-0.04944230243563652,0.5516090393066406,0.5813860893249512,-0.03769434615969658,0.5083193778991699,0.6557871103286743,-0.05456241965293884,0.5198784470558167,0.6661215424537659,-0.049362022429704666,0.5329140424728394,0.6551624536514282,-0.04359295219182968,0.5681249499320984,0.6077886819839478,-0.0466926209628582,0.5312742590904236,0.6656786203384399,-0.05997202545404434,0.5397701263427734,0.670900821685791,-0.05672730132937431,0.5514288544654846,0.6575526595115662,-0.052184224128723145
36,right,0.37623971700668335,0.7365676164627075,-1.6181697048978094e-07,0.356580913066864,0.685082197189331,-0.038681354373693466,0.37185266613960266,0.6170778274536133,-0.06423267722129822,0.39583620429039,0.5624703764915466,-0.07711257040500641,0.4076060354709625,0.5129333734512329,-0.08948394656181335,0.3702481687068939,0.695716917514801,-0.10955463349819183,0.40564724802970886,0.607766330242157,-0.13759417831897736,0.42426997423171997,0.560535192489624,-0.1426117867231369,0.44288286566734314,0.5244520902633667,-0.14533783495426178,0.4041381776332855,0.717381477355957,-0.09587904810905457,0.42887407541275024,0.6082981824874878,-0.12113344669342041,0.41325849294662476,0.611807644367218,-0.10937757045030594,0.4052704870700836,0.6378946304321289,-0.10116588324308395,0.4330865144729614,0.7227657437324524,-0.0811237171292305,0.44750136137008667,0.6188621520996094,-0.10138607025146484,0.43064701557159424,0.6270264983177185,-0.08497564494609833,0.4254659414291382,0.6536527872085571,-0.07403424382209778,0.4564858078956604,0.7171298265457153,-0.06833373755216599,0.46178218722343445,0.6359353065490723,-0.08599702268838882,0.44731903076171875,0.6420078873634338,-0.08244206756353378,0.4432342052459717,0.6651740670204163,-0.08044444769620895
36,left,0.6115584373474121,0.5990809798240662,2.0425634517096114e-08,0.5680580735206604,0.5855302810668945,0.0013112453743815422,0.523304283618927,0.5900382995605469,-0.010382475331425667,0.49499207735061646,0.6182109713554382,-0.02381936088204384,0.48903781175613403,0.6466715931892395,-0.03968918323516846,0.5139718651771545,0.5287364721298218,-0.02639404870569706,0.47359997034072876,0.5209210515022278,-0.044434864073991776,0.4438735544681549,0.5112572312355042,-0.0545707531273365,0.4194258153438568,0.5025240778923035,-0.06262727826833725,0.5346365571022034,0.5367202162742615,-0.03821943700313568,0.4867745637893677,0.6125264167785645,-0.0603085532784462,0.491057813167572,0.6458674669265747,-0.063160739839077,0.4977075159549713,0.6544774174690247,-0.06387770920991898,0.5562821626663208,0.5616427063941956,-0.04902942106127739,0.5120752453804016,0.6406182050704956,-0.06979482620954514,0.5257247686386108,0.6489441990852356,-0.06286498159170151,0.538633406162262,0.6348486542701721,-0.05510803684592247,0.5740142464637756,0.591494619846344,-0.05911005288362503,0.5340232253074646,0.6514661312103271,-0.07481461018323898,0.5439273118972778,0.6536154747009277,-0.06979401409626007,0.5564953684806824,0.6373518705368042,-0.06355276703834534
