1,right,0,0,0,0,0,0,0,0,0,0,0,0,0,0,0,0,0,0,0,0,0,0,0,0,0,0,0,0,0,0,0,0,0,0,0,0,0,0,0,0,0,0,0,0,0,0,0,0,0,0,0,0,0,0,0,0,0,0,0,0,0,0,0
1,left,0,0,0,0,0,0,0,0,0,0,0,0,0,0,0,0,0,0,0,0,0,0,0,0,0,0,0,0,0,0,0,0,0,0,0,0,0,0,0,0,0,0,0,0,0,0,0,0,0,0,0,0,0,0,0,0,0,0,0,0,0,0,0
2,right,0,0,0,0,0,0,0,0,0,0,0,0,0,0,0,0,0,0,0,0,0,0,0,0,0,0,0,0,0,0,0,0,0,0,0,0,0,0,0,0,0,0,0,0,0,0,0,0,0,0,0,0,0,0,0,0,0,0,0,0,0,0,0
2,left,0,0,0,0,0,0,0,0,0,0,0,0,0,0,0,0,0,0,0,0,0,0,0,0,0,0,0,0,0,0,0,0,0,0,0,0,0,0,0,0,0,0,0,0,0,0,0,0,0,0,0,0,0,0,0,0,0,0,0,0,0,0,0
3,right,0,0,0,0,0,0,0,0,0,0,0,0,0,0,0,0,0,0,0,0,0,0,0,0,0,0,0,0,0,0,0,0,0,0,0,0,0,0,0,0,0,0,0,0,0,0,0,0,0,0,0,0,0,0,0,0,0,0,0,0,0,0,0
3,left,0,0,0,0,0,0,0,0,0,0,0,0,0,0,0,0,0,0,0,0,0,0,0,0,0,0,0,0,0,0,0,0,0,0,0,0,0,0,0,0,0,0,0,0,0,0,0,0,0,0,0,0,0,0,0,0,0,0,0,0,0,0,0
4,right,0.37025126814842224,0.7506231069564819,2.7355025622455287e-07,0.35696110129356384,0.7024704217910767,-0.039556361734867096,0.374520868062973,0.6470624208450317,-0.07757177203893661,0.40181857347488403,0.6121788024902344,-0.10397534817457199,0.42581379413604736,0.5844565033912659,-0.13074584305286407,0.3426281809806824,0.7204484939575195,-0.1357560008764267,0.3815648555755615,0.6458157896995544,-0.17953401803970337,0.4028240144252777,0.6031394004821777,-0.19595904648303986,0.41596415638923645,0.5778547525405884,-0.20237456262111664,0.3714553117752075,0.7563559412956238,-0.127967968583107,0.41360270977020264,0.6521045565605164,-0.1751219928264618,0.41435685753822327,0.6297242045402527,-0.17417345941066742,0.40807783603668213,0.6376606822013855,-0.16734087467193604,0.40364304184913635,0.7721771597862244,-0.11709846556186676,0.4362521469593048,0.6691519618034363,-0.1511736512184143,0.42615923285484314,0.6541138291358948,-0.13515526056289673,0.4141480028629303,0.6651843786239624,-0.1180579885840416,0.43278416991233826,0.7716893553733826,-0.10779628157615662,0.45043596625328064,0.6928353309631348,-0.1252271980047226,0.4402763247489929,0.6758885979652405,-0.11426986753940582,0.43234121799468994,0.6872199773788452,-0.10411125421524048
4,left,0.6236208081245422,0.6334282159805298,9.817269841505549e-08,0.5838229656219482,0.6326048374176025,-0.009864069521427155,0.5511680245399475,0.612790048122406,-0.017626382410526276,0.5316458344459534,0.5906388759613037,-0.026017868891358376,0.516254186630249,0.5699280500411987,-0.03464539349079132,0.5524850487709045,0.5376607775688171,-0.008390135131776333,0.5287463665008545,0.502349853515625,-0.022081458941102028,0.5079729557037354,0.48513591289520264,-0.034834351390600204,0.4893740117549896,0.47254690527915955,-0.04406055808067322,0.56534743309021,0.5264129638671875,-0.013334359973669052,0.5414875149726868,0.48821908235549927,-0.02541801705956459,0.5181692838668823,0.4705108404159546,-0.03595346584916115,0.4978486895561218,0.4599206745624542,-0.04339347779750824,0.5800529718399048,0.5227759480476379,-0.0202883742749691,0.5558243989944458,0.4870889484882355,-0.03146485611796379,0.5328297019004822,0.47209203243255615,-0.03622770681977272,0.5140851736068726,0.46391430497169495,-0.03892353177070618,0.5954381823539734,0.5255014896392822,-0.02873448096215725,0.5740596055984497,0.49665868282318115,-0.0386294387280941,0.5538738965988159,0.4826453626155853,-0.04122260585427284,0.5359212756156921,0.47531241178512573,-0.04210130125284195
5,right,0.3782291114330292,0.690185546875,2.1390664528553316e-07,0.3666299879550934,0.6330620646476746,-0.029032379388809204,0.37932807207107544,0.5781389474868774,-0.05920148640871048,0.4007056951522827,0.538356363773346,-0.07608482241630554,0.4120287597179413,0.48479163646698,-0.09115587174892426,0.3616601824760437,0.6458820104598999,-0.13539718091487885,0.39802464842796326,0.5679414868354797,-0.1736258715391159,0.41489309072494507,0.5226515531539917,-0.1798766702413559,0.42778605222702026,0.4920668601989746,-0.17677509784698486,0.3926215171813965,0.6739101409912109,-0.12633323669433594,0.42350634932518005,0.5701764225959778,-0.14627154171466827,0.41369959712028503,0.555941104888916,-0.11335326731204987,0.404854416847229,0.5653647184371948,-0.08737487345933914,0.4197349548339844,0.6838564872741699,-0.11513171344995499,0.4442216455936432,0.587932288646698,-0.1267603486776352,0.42923521995544434,0.5797276496887207,-0.08604343235492706,0.41880181431770325,0.5898970365524292,-0.05572178587317467,0.4436529576778412,0.6854891180992126,-0.10598348826169968,0.45824646949768066,0.6130464673042297,-0.10775946825742722,0.4449436068534851,0.6019306182861328,-0.08280286192893982,0.435158371925354,0.6162864565849304,-0.06382014602422714
5,left,0.6121776700019836,0.5409101843833923,-1.1024545898408178e-07,0.5720848441123962,0.5219231843948364,-0.004835064988583326,0.5356311798095703,0.5048391819000244,-0.016629165038466454,0.5091245770454407,0.5116878747940063,-0.029529931023716927,0.505628228187561,0.5279485583305359,-0.04363010451197624,0.5508683323860168,0.4362789988517761,-0.0218760147690773,0.5179712176322937,0.41609781980514526,-0.03726837784051895,0.49216434359550476,0.3992244601249695,-0.04707896709442139,0.4718058407306671,0.38496747612953186,-0.05574765428900719,0.5665537714958191,0.44476088881492615,-0.02974969521164894,0.5128852128982544,0.4961096942424774,-0.04759245738387108,0.5214341282844543,0.5258709192276001,-0.047971460968256,0.5362268090248108,0.5254279375076294,-0.04753241688013077,0.5800706148147583,0.47075262665748596,-0.037985071539878845,0.5298916101455688,0.5227830410003662,-0.053334303200244904,0.5379322171211243,0.5408791303634644,-0.04519272595643997,0.5508893728256226,0.5340450406074524,-0.03855834901332855,0.5900578498840332,0.5035386681556702,-0.047030042856931686,0.5473681688308716,0.5385583639144897,-0.058135878294706345,0.5494377613067627,0.5549085736274719,-0.05251045525074005,0.5594279170036316,0.5529962778091431,-0.04699615016579628
6,right,0.38579273223876953,0.6745085716247559,4.054714253243219e-08,0.36570441722869873,0.6338248252868652,-0.030305780470371246,0.3804965615272522,0.5676575899124146,-0.04997672885656357,0.4093894064426422,0.515442430973053,-0.05910111218690872,0.41526079177856445,0.4790019989013672,-0.06790739297866821,0.3737412095069885,0.6329897046089172,-0.09474300593137741,0.40581759810447693,0.5478348135948181,-0.11445633322000504,0.42343926429748535,0.5032392740249634,-0.11400756984949112,0.43814817070961,0.46842527389526367,-0.11293624341487885,0.4052468240261078,0.6529203653335571,-0.0855446606874466,0.43359073996543884,0.5489636063575745,-0.1075124740600586,0.41918718814849854,0.5496663451194763,-0.09589642286300659,0.4083930552005768,0.5730020999908447,-0.08529966324567795,0.4314017593860626,0.6612022519111633,-0.074251189827919,0.4524894952774048,0.5661665797233582,-0.09049491584300995,0.43625879287719727,0.5681813955307007,-0.07449012249708176,0.4262997806072235,0.5915685892105103,-0.061990417540073395,0.4527847170829773,0.6590275168418884,-0.06444478034973145,0.46544426679611206,0.5850589871406555,-0.07822995632886887,0.45186668634414673,0.5842857360839844,-0.07286164164543152,0.44317367672920227,0.6056382060050964,-0.06837501376867294
6,left,0.6063144207000732,0.5321962237358093,-6.671006502756427e-08,0.5575758814811707,0.5254181027412415,-0.008730767294764519,0.5244734287261963,0.510215699672699,-0.02517515793442726,0.5000941157341003,0.5035789012908936,-0.042385224252939224,0.4990542232990265,0.5123038291931152,-0.05996064841747284,0.5349553227424622,0.4188341796398163,-0.026045676320791245,0.49907997250556946,0.4019244909286499,-0.049820445477962494,0.46898242831230164,0.38660961389541626,-0.06478084623813629,0.44494307041168213,0.37388885021209717,-0.07535715401172638,0.5547931790351868,0.42273518443107605,-0.03327275812625885,0.5007584691047668,0.47548770904541016,-0.05648661032319069,0.5100611448287964,0.5121999979019165,-0.054841794073581696,0.5246670246124268,0.5111109018325806,-0.05118977278470993,0.5709059238433838,0.4454606771469116,-0.04233670234680176,0.5194806456565857,0.5015465021133423,-0.06313838809728622,0.5276819467544556,0.5270134806632996,-0.052033763378858566,0.5407599806785583,0.5221007466316223,-0.04155930131673813,0.5821262001991272,0.4776823818683624,-0.052783798426389694,0.5390973091125488,0.5173083543777466,-0.06648116558790207,0.5416627526283264,0.537387490272522,-0.0596390962600708,0.5522782802581787,0.5357900261878967,-0.05214991793036461
7,right,0.3878447115421295,0.6762297749519348,-3.4068630583306e-08,0.36809611320495605,0.63313889503479,-0.03163309022784233,0.3795453906059265,0.5711160898208618,-0.05444267764687538,0.4041129946708679,0.5209807753562927,-0.06569583714008331,0.41294345259666443,0.4783404469490051,-0.07628708332777023,0.3735363483428955,0.6374417543411255,-0.10502634942531586,0.40707141160964966,0.5476023554801941,-0.12885163724422455,0.42548370361328125,0.5029169321060181,-0.1291794627904892,0.4402918219566345,0.4709762930870056,-0.12738992273807526,0.4068416357040405,0.6580311059951782,-0.09350161254405975,0.43277549743652344,0.5529695153236389,-0.11463718861341476,0.4179483652114868,0.5525507926940918,-0.09827421605587006,0.4072037935256958,0.5753572583198547,-0.08527152240276337,0.43444469571113586,0.6657229661941528,-0.08012697100639343,0.45198854804039,0.570238471031189,-0.0975385531783104,0.4367370307445526,0.57261061668396,-0.07941768318414688,0.4283280372619629,0.5956023335456848,-0.06569124758243561,0.456819623708725,0.6635225415229797,-0.06790122389793396,0.4665537476539612,0.5882242918014526,-0.08216580748558044,0.4535207748413086,0.5878626108169556,-0.07556438446044922,0.4453103840351105,0.6088497638702393,-0.0704478919506073
7,left,0.6135952472686768,0.5509138107299805,-2.674725010365364e-07,0.5647228956222534,0.5400322675704956,-0.0011828532442450523,0.5309059023857117,0.5289272665977478,-0.011487241834402084,0.5055684447288513,0.5366106033325195,-0.024424059316515923,0.48883768916130066,0.5556467175483704,-0.038426946848630905,0.5276596546173096,0.44641566276550293,-0.014205173589289188,0.4867067337036133,0.4390726089477539,-0.030343472957611084,0.45894020795822144,0.42961061000823975,-0.04312852397561073,0.4371967911720276,0.4201291501522064,-0.053594592958688736,0.5442681908607483,0.44829607009887695,-0.024582665413618088,0.49802422523498535,0.513813853263855,-0.044118963181972504,0.5033047199249268,0.5476062893867493,-0.04944290965795517,0.515238881111145,0.5548252463340759,-0.05229359120130539,0.5612622499465942,0.4698791801929474,-0.03536434844136238,0.5166602730751038,0.5377357006072998,-0.049797773361206055,0.5272846817970276,0.5580673813819885,-0.0450613796710968,0.5408729910850525,0.5540487766265869,-0.04145575314760208,0.5761855244636536,0.49888116121292114,-0.04721687734127045,0.5380990505218506,0.5483028888702393,-0.05761176347732544,0.5395348072052002,0.5687698721885681,-0.053960029035806656,0.5472273826599121,0.5707675814628601,-0.05006163567304611
8,right,0.38235148787498474,0.6870791912078857,-7.538216806324272e-08,0.3643862307071686,0.6430325508117676,-0.034528907388448715,0.3771829307079315,0.5790748596191406,-0.058455415070056915,0.40125715732574463,0.5278820395469666,-0.07005053013563156,0.41173747181892395,0.48326677083969116,-0.08092173933982849,0.37144485116004944,0.6475039124488831,-0.10819920152425766,0.4046603739261627,0.5626569390296936,-0.1345256268978119,0.42196372151374817,0.5158719420433044,-0.13788188993930817,0.4369034171104431,0.48124822974205017,-0.13850219547748566,0.403790146112442,0.6680140495300293,-0.09602931141853333,0.4334847927093506,0.5610292553901672,-0.11741392314434052,0.4190923869609833,0.5533010363578796,-0.10342172533273697,0.4080767333507538,0.5728276371955872,-0.09330924600362778,0.43113401532173157,0.6743322014808655,-0.08224575966596603,0.44998037815093994,0.5771708488464355,-0.09945362061262131,0.4340435862541199,0.5760869383811951,-0.08245823532342911,0.4247570037841797,0.5982826948165894,-0.07040800154209137,0.45282402634620667,0.6700798273086548,-0.07009568810462952,0.46235039830207825,0.5932474732398987,-0.08479811996221542,0.4488982856273651,0.5909512042999268,-0.07949172705411911,0.4402645528316498,0.6110924482345581,-0.075736865401268
8,left,0.6111257076263428,0.5738732814788818,-2.2693440371313045e-07,0.5604035258293152,0.5640342831611633,-0.00030040540150366724,0.5226982235908508,0.5640067458152771,-0.012491174973547459,0.49588486552238464,0.5843273401260376,-0.027408983558416367,0.4906463325023651,0.6023996472358704,-0.04319264739751816,0.5118668675422668,0.4916248321533203,-0.017184888944029808,0.47184884548187256,0.49057736992836,-0.03416323661804199,0.4455946385860443,0.4911452829837799,-0.045387838035821915,0.4243980646133423,0.4896615445613861,-0.05448321998119354,0.5297001600265503,0.4943065941333771,-0.028194569051265717,0.48734432458877563,0.5693737268447876,-0.0468374639749527,0.502565860748291,0.5938934087753296,-0.04880274459719658,0.5179539918899536,0.5877259373664856,-0.049985721707344055,0.5490083694458008,0.5139870047569275,-0.03968256339430809,0.5099437236785889,0.5910761952400208,-0.053595129400491714,0.524885892868042,0.6017533540725708,-0.046585772186517715,0.5375362038612366,0.5868032574653625,-0.04174700379371643,0.5665830373764038,0.5407835245132446,-0.05196943134069443,0.5307914018630981,0.5988428592681885,-0.06055232509970665,0.536955714225769,0.6108348369598389,-0.055344417691230774,0.5460484027862549,0.6025957465171814,-0.05094071105122566
9,right,0.38523468375205994,0.6892744302749634,-1.138210450335464e-07,0.36628884077072144,0.6453309655189514,-0.0321330763399601,0.3775070905685425,0.5865743160247803,-0.055748097598552704,0.39981913566589355,0.5388162732124329,-0.06806503981351852,0.412831574678421,0.49606388807296753,-0.07984325289726257,0.3703276515007019,0.6593207120895386,-0.10452905297279358,0.40342554450035095,0.5726014971733093,-0.13231825828552246,0.4204016625881195,0.5281485915184021,-0.13748814165592194,0.43542051315307617,0.49508488178253174,-0.1393641084432602,0.40178942680358887,0.6807940602302551,-0.09332471340894699,0.4282127320766449,0.5743112564086914,-0.11761724948883057,0.4157416522502899,0.5786398649215698,-0.10586392134428024,0.4075583815574646,0.6044867038726807,-0.09697410464286804,0.4294838011264801,0.6874985098838806,-0.0805201306939125,0.44778168201446533,0.5885874032974243,-0.09989774972200394,0.43388688564300537,0.5958369970321655,-0.0835261344909668,0.4267645478248596,0.6204627156257629,-0.0715910792350769,0.4527639150619507,0.6834810376167297,-0.06898754090070724,0.4626960754394531,0.60677170753479,-0.08470024168491364,0.4506462812423706,0.610532283782959,-0.0795137882232666,0.4440019428730011,0.6317994594573975,-0.07583801448345184
9,left,0.6053434014320374,0.5730328559875488,-1.5458161328751885e-07,0.5560560822486877,0.5645288228988647,-0.004883078392595053,0.5174588561058044,0.5645712018013,-0.019378172233700752,0.49164173007011414,0.5841015577316284,-0.03537462279200554,0.488696813583374,0.6041937470436096,-0.052002210170030594,0.511208176612854,0.49010929465293884,-0.025054961442947388,0.4684264361858368,0.49170398712158203,-0.04563092067837715,0.43778228759765625,0.4920223653316498,-0.05811326578259468,0.41148263216018677,0.4900968074798584,-0.0679476410150528,0.5308696627616882,0.49205076694488525,-0.033743731677532196,0.4898252487182617,0.5731390118598938,-0.05864255130290985,0.5031235814094543,0.5995244383811951,-0.06080454960465431,0.5151892304420471,0.5940093398094177,-0.06049848720431328,0.5507808923721313,0.5118439793586731,-0.0431031733751297,0.5142391920089722,0.5927427411079407,-0.06386639177799225,0.5255281925201416,0.6059074401855469,-0.05623999983072281,0.5362764596939087,0.5933829545974731,-0.04837159439921379,0.567885160446167,0.5386118292808533,-0.05335352197289467,0.5344597697257996,0.5967192053794861,-0.06736278533935547,0.5357192158699036,0.6136705279350281,-0.06348807364702225,0.541068971157074,0.6109467148780823,-0.058410536497831345
10,right,0.38516250252723694,0.6885125041007996,-1.6642066213989892e-07,0.3645309805870056,0.6443254351615906,-0.03618733584880829,0.37324008345603943,0.587490975856781,-0.06326957792043686,0.3931421935558319,0.5402050614356995,-0.07836731523275375,0.40974265336990356,0.4974198639392853,-0.09308356046676636,0.36405491828918457,0.6608778834342957,-0.1131596714258194,0.39868226647377014,0.5727235078811646,-0.1419333964586258,0.4151421785354614,0.5270751118659973,-0.1470441222190857,0.43130508065223694,0.4936845600605011,-0.1492486149072647,0.3969828486442566,0.6822168827056885,-0.10117048025131226,0.42342546582221985,0.5762301683425903,-0.12677890062332153,0.4109201431274414,0.5765056014060974,-0.11512815207242966,0.40129491686820984,0.6005200147628784,-0.1072806715965271,0.4264998733997345,0.6875162124633789,-0.08764525502920151,0.4435766041278839,0.5874705910682678,-0.10881912708282471,0.42864176630973816,0.593108057975769,-0.09312594681978226,0.42189979553222656,0.617254376411438,-0.0826316550374031,0.4523630440235138,0.6819789409637451,-0.07556989043951035,0.4600902497768402,0.6041954755783081,-0.09317293018102646,0.44722700119018555,0.6076706051826477,-0.08870168030261993,0.44096460938453674,0.6282423734664917,-0.08611013740301132
10,left,0.6034111380577087,0.55789715051651,-1.224924517373438e-07,0.5537524819374084,0.5496598482131958,-0.0065996041521430016,0.5155152082443237,0.5437576770782471,-0.022459661588072777,0.4881593883037567,0.5574322938919067,-0.03924025222659111,0.48305872082710266,0.5804443955421448,-0.05689643695950508,0.514102041721344,0.4648669958114624,-0.02992139384150505,0.4713621437549591,0.4634891152381897,-0.05118788778781891,0.44187185168266296,0.4589569568634033,-0.06447723507881165,0.4169449508190155,0.45180782675743103,-0.07492375373840332,0.5348753929138184,0.466136634349823,-0.03819815814495087,0.4909058213233948,0.541370689868927,-0.06162591651082039,0.502175509929657,0.5722858309745789,-0.06213377043604851,0.5137448906898499,0.5682140588760376,-0.061555489897727966,0.5549110770225525,0.4875241219997406,-0.04721073433756828,0.5132932662963867,0.5615749955177307,-0.06768041849136353,0.5233431458473206,0.580267071723938,-0.05887218192219734,0.5357850193977356,0.5703083872795105,-0.050849612802267075,0.5714907646179199,0.5167669057846069,-0.05712209269404411,0.5320225358009338,0.5690937042236328,-0.07136692851781845,0.5337729454040527,0.5895372033119202,-0.06643068790435791,0.5420243740081787,0.5885208249092102,-0.061011623591184616
11,right,0.38204190135002136,0.6932567358016968,-1.4504551870686555e-07,0.36127322912216187,0.6483112573623657,-0.0337778702378273,0.3708970844745636,0.5881090760231018,-0.0584849938750267,0.39187490940093994,0.5383971333503723,-0.071929931640625,0.4053904712200165,0.49345123767852783,-0.084984190762043,0.36298322677612305,0.6608918905258179,-0.10681556910276413,0.398846298456192,0.5736203193664551,-0.13452565670013428,0.4164566993713379,0.5286012887954712,-0.13883434236049652,0.43247684836387634,0.4953404664993286,-0.14017939567565918,0.3964398503303528,0.6818347573280334,-0.0956735610961914,0.42338886857032776,0.5734915733337402,-0.12128642201423645,0.40934720635414124,0.5715160369873047,-0.1096167266368866,0.3991296887397766,0.5943824648857117,-0.1008206233382225,0.42567864060401917,0.6876488924026489,-0.08306287229061127,0.44278407096862793,0.5865912437438965,-0.10471221804618835,0.42723557353019714,0.5900684595108032,-0.0892697274684906,0.4191792905330658,0.613822340965271,-0.07772927731275558,0.4501693844795227,0.68255215883255,-0.07171586900949478,0.4588606059551239,0.6038200855255127,-0.08915423601865768,0.445972204208374,0.6057818531990051,-0.08468709886074066,0.43879199028015137,0.6269538402557373,-0.08143430948257446
11,left,0.5908994078636169,0.5429521799087524,-8.07193103469217e-08,0.5466450452804565,0.5423979163169861,-0.006858337204903364,0.5137128829956055,0.5357904434204102,-0.021863019093871117,0.49294692277908325,0.544651985168457,-0.03797437623143196,0.49069756269454956,0.5563515424728394,-0.055535439401865005,0.5182506442070007,0.45306941866874695,-0.029979024082422256,0.4765893518924713,0.44510775804519653,-0.05086573585867882,0.447411447763443,0.4346049427986145,-0.06269513815641403,0.4248191714286804,0.421859472990036,-0.07159104943275452,0.5384472608566284,0.4545806050300598,-0.03773004561662674,0.49314215779304504,0.5215859413146973,-0.06040380150079727,0.5057322978973389,0.554279625415802,-0.05875959247350693,0.5192392468452454,0.5498303174972534,-0.05564692243933678,0.5570868253707886,0.47504982352256775,-0.04623345658183098,0.5130727887153625,0.5422800183296204,-0.06716733425855637,0.5220937728881836,0.5652051568031311,-0.05621935799717903,0.5352748036384583,0.5582974553108215,-0.045736443251371384,0.5722633004188538,0.5038228631019592,-0.05563827604055405,0.534305214881897,0.5521619915962219,-0.07147589325904846,0.5364592671394348,0.5720741748809814,-0.06562484055757523,0.5465186238288879,0.5688233375549316,-0.05847997963428497
12,right,0.3781667947769165,0.6961979269981384,-1.2749137567880098e-07,0.3580703139305115,0.650678277015686,-0.03162736818194389,0.36934730410575867,0.5876551866531372,-0.05320363491773605,0.393345445394516,0.5370210409164429,-0.06351542472839355,0.4070623219013214,0.4925730228424072,-0.07314995676279068,0.363986074924469,0.658896267414093,-0.10067381709814072,0.3986641466617584,0.5734155774116516,-0.12602084875106812,0.41641077399253845,0.527423083782196,-0.128824844956398,0.4316278100013733,0.49200788140296936,-0.12922453880310059,0.397649884223938,0.6796296238899231,-0.0895867869257927,0.42382845282554626,0.5704188346862793,-0.11275112628936768,0.40987327694892883,0.5682203769683838,-0.10068792849779129,0.40072524547576904,0.5898821353912354,-0.09136013686656952,0.4269326329231262,0.6853849291801453,-0.07684915512800217,0.4425889849662781,0.5843859314918518,-0.09595333784818649,0.4270884096622467,0.5874294638633728,-0.08013837784528732,0.41996175050735474,0.6098872423171997,-0.0681990310549736,0.45058438181877136,0.6800307035446167,-0.06535278260707855,0.45829281210899353,0.6002843379974365,-0.08038769662380219,0.4448481798171997,0.6012347936630249,-0.07514789700508118,0.4385087192058563,0.6214345097541809,-0.07124197483062744
12,left,0.5996599793434143,0.5577220916748047,-1.743527064945738e-07,0.553208589553833,0.5489408373832703,-0.005305984523147345,0.5190718770027161,0.5436832308769226,-0.01881459727883339,0.49301737546920776,0.5592265129089355,-0.03384394198656082,0.48242300748825073,0.5805698037147522,-0.04958946257829666,0.5167600512504578,0.46728643774986267,-0.02354310266673565,0.47405922412872314,0.46397703886032104,-0.04300159588456154,0.4429880976676941,0.456611305475235,-0.0562419556081295,0.4177476763725281,0.44896775484085083,-0.06684496253728867,0.534009575843811,0.47049862146377563,-0.031946081668138504,0.48817068338394165,0.5412203669548035,-0.05327603593468666,0.5008642673492432,0.5699148178100586,-0.054777052253484726,0.5160833597183228,0.5670506954193115,-0.05476566404104233,0.5516350269317627,0.49200180172920227,-0.04120156168937683,0.5089766979217529,0.565786600112915,-0.05766971781849861,0.5217281579971313,0.5810219049453735,-0.04972950741648674,0.535677969455719,0.5705917477607727,-0.04341151565313339,0.5669107437133789,0.5211759805679321,-0.0518178753554821,0.5313080549240112,0.5745019316673279,-0.06372939050197601,0.53496253490448,0.5913347005844116,-0.05939498171210289,0.5437932014465332,0.5881260633468628,-0.05477312579751015
13,right,0.38003984093666077,0.6895241141319275,-9.943325807171277e-08,0.3599107265472412,0.6453561186790466,-0.03391214832663536,0.3707542419433594,0.5856063365936279,-0.05769965797662735,0.3936592936515808,0.5375038981437683,-0.06994503736495972,0.40542101860046387,0.49487730860710144,-0.08133184909820557,0.36540210247039795,0.6567807197570801,-0.10535090416669846,0.3994982838630676,0.5701008439064026,-0.13329458236694336,0.41689085960388184,0.5240213871002197,-0.13772597908973694,0.43109366297721863,0.4899922013282776,-0.13865675032138824,0.39838290214538574,0.6769055724143982,-0.09344717860221863,0.4244920015335083,0.5694929361343384,-0.11897879838943481,0.41091713309288025,0.5673834085464478,-0.10709189623594284,0.40211841464042664,0.5905666351318359,-0.09748600423336029,0.4272221028804779,0.682232141494751,-0.08023112267255783,0.4448128342628479,0.5821776390075684,-0.10207678377628326,0.4287913739681244,0.5848051309585571,-0.08706413954496384,0.42094701528549194,0.6087837219238281,-0.07504460960626602,0.4510658085346222,0.6761735081672668,-0.06832585483789444,0.45994240045547485,0.5991774201393127,-0.0857137069106102,0.44648030400276184,0.5993385314941406,-0.0817066878080368,0.43951237201690674,0.6204015612602234,-0.078273706138134
13,left,0.6018284559249878,0.5750802755355835,-1.9317478461289284e-07,0.5531198382377625,0.5682661533355713,-0.0021488808561116457,0.517741858959198,0.5678403973579407,-0.016451263800263405,0.4908287525177002,0.5889716148376465,-0.032954346388578415,0.48166602849960327,0.607191801071167,-0.05035313591361046,0.5092961192131042,0.492445170879364,-0.022535817697644234,0.4681406319141388,0.4931700527667999,-0.04101646691560745,0.43786904215812683,0.4923926293849945,-0.05262495204806328,0.4137405753135681,0.48875442147254944,-0.06214938685297966,0.5287405252456665,0.494854599237442,-0.0328492633998394,0.48419758677482605,0.5734317898750305,-0.05353502556681633,0.4959729313850403,0.6022974252700806,-0.05443018674850464,0.5094861388206482,0.5981001853942871,-0.05460077151656151,0.5481168031692505,0.515469491481781,-0.04363514855504036,0.5070164799690247,0.5955844521522522,-0.059165675193071365,0.5183154344558716,0.6114907264709473,-0.05018267035484314,0.5296286940574646,0.5996444821357727,-0.04380650818347931,0.5651485919952393,0.5423805713653564,-0.055457811802625656,0.5295328497886658,0.6003211140632629,-0.0664239153265953,0.5312495231628418,0.6184632778167725,-0.061494190245866776,0.5374003648757935,0.6156375408172607,-0.05687602981925011
14,right,0.3838251233100891,0.6928983330726624,-1.6104257838378544e-07,0.36277076601982117,0.647035539150238,-0.03398421034216881,0.3721739947795868,0.5894005298614502,-0.05886455252766609,0.3924846053123474,0.5432886481285095,-0.07224426418542862,0.4063038229942322,0.5037552714347839,-0.08517182618379593,0.36599788069725037,0.6645460724830627,-0.10694754123687744,0.39832746982574463,0.5780741572380066,-0.1360916942358017,0.4149719774723053,0.5320796370506287,-0.14265719056129456,0.4301006495952606,0.4984135627746582,-0.1458010971546173,0.39791542291641235,0.6856231093406677,-0.09540477395057678,0.422389417886734,0.5785197615623474,-0.12137705087661743,0.4085659980773926,0.5829123854637146,-0.11106686294078827,0.4002198278903961,0.6095976829528809,-0.10340922325849533,0.4267461597919464,0.6915998458862305,-0.0824112519621849,0.4426533579826355,0.5916529297828674,-0.10302392393350601,0.4273100793361664,0.5989853739738464,-0.08779691159725189,0.4211061894893646,0.6245595216751099,-0.07705337554216385,0.45142555236816406,0.6861646175384521,-0.07088499516248703,0.4580722451210022,0.6094619035720825,-0.0882624089717865,0.4448293149471283,0.6137472987174988,-0.08468335121870041,0.43977615237236023,0.635431706905365,-0.0823139175772667
14,left,0.6013041138648987,0.5827650427818298,-1.3311596092080435e-07,0.5514334440231323,0.5723113417625427,-0.0039091636426746845,0.5115081071853638,0.5734195113182068,-0.019397467374801636,0.4873112738132477,0.5985804200172424,-0.03646237775683403,0.4899681508541107,0.6203432083129883,-0.0546719990670681,0.5084720849990845,0.5024745464324951,-0.029372118413448334,0.46691203117370605,0.5051456689834595,-0.05032727122306824,0.43820399045944214,0.5041839480400085,-0.0620126947760582,0.41430556774139404,0.49902912974357605,-0.07153204083442688,0.5305309891700745,0.5067470073699951,-0.039136819541454315,0.48456236720085144,0.5904145240783691,-0.06344533711671829,0.49946779012680054,0.6164085865020752,-0.06377328932285309,0.51390141248703,0.6078179478645325,-0.06300153583288193,0.5519381165504456,0.5290910005569458,-0.049300264567136765,0.5101650357246399,0.6116228103637695,-0.06939811259508133,0.5230892896652222,0.6247611045837402,-0.06007560342550278,0.5351355671882629,0.6091734170913696,-0.05191829428076744,0.5699303150177002,0.5565367937088013,-0.06025657802820206,0.5319673418998718,0.6133065819740295,-0.07428397238254547,0.5345173478126526,0.630969762802124,-0.06971293687820435,0.5413388013839722,0.6268418431282043,-0.06466268002986908
15,right,0.38269129395484924,0.6938199400901794,-1.4271991233272274e-07,0.36129850149154663,0.647962212562561,-0.03768008202314377,0.37010231614112854,0.5907762050628662,-0.06566915661096573,0.39123865962028503,0.5446975231170654,-0.08109516650438309,0.40711382031440735,0.5033191442489624,-0.09612011909484863,0.3635004758834839,0.6647887825965881,-0.11627385020256042,0.3983295261859894,0.5796053409576416,-0.14781764149665833,0.41615280508995056,0.5328251123428345,-0.1550830900669098,0.43215373158454895,0.4977937340736389,-0.15843194723129272,0.3969268798828125,0.6865367293357849,-0.10312821716070175,0.4226149618625641,0.5807298421859741,-0.1295645385980606,0.4088461995124817,0.5806995630264282,-0.11737830936908722,0.4000887870788574,0.6037337183952332,-0.10916703939437866,0.42621007561683655,0.691865861415863,-0.0887189731001854,0.44248494505882263,0.5928670763969421,-0.11079434305429459,0.42680624127388,0.5975854396820068,-0.09456733614206314,0.42023950815200806,0.6210653781890869,-0.08349751681089401,0.45139190554618835,0.6861200332641602,-0.07583187520503998,0.45877546072006226,0.6084163188934326,-0.09357398748397827,0.44516995549201965,0.6115936636924744,-0.08880250155925751,0.43913114070892334,0.6317033767700195,-0.08595671504735947
15,left,0.6022326946258545,0.5780556201934814,-1.6957753246060747e-07,0.5538309812545776,0.5682598948478699,-0.00375178805552423,0.5150431990623474,0.563852846622467,-0.01661095581948757,0.48890337347984314,0.5818771123886108,-0.03081907518208027,0.48372554779052734,0.6069941520690918,-0.04631025716662407,0.5149728059768677,0.4926982522010803,-0.026866592466831207,0.4695126712322235,0.4913330674171448,-0.04587148502469063,0.4397163689136505,0.4872671365737915,-0.057799331843853,0.41423434019088745,0.4802854061126709,-0.06776800751686096,0.5340646505355835,0.49670249223709106,-0.035649389028549194,0.49000295996665955,0.5718346834182739,-0.05994703993201256,0.49626725912094116,0.6053605079650879,-0.06356588006019592,0.5059649348258972,0.6095231771469116,-0.06487511098384857,0.5533815026283264,0.5188690423965454,-0.04445198178291321,0.5134007334709167,0.5950914025306702,-0.06470085680484772,0.5208249688148499,0.6150354146957397,-0.05939985066652298,0.5309882760047913,0.6091301441192627,-0.05363890528678894,0.5703975558280945,0.5467098951339722,-0.05378696322441101,0.5358176231384277,0.6022663116455078,-0.06808058172464371,0.5344223380088806,0.623066246509552,-0.06591450423002243,0.5382539629936218,0.6249908804893494,-0.06247609853744507
16,right,0.3842468857765198,0.6930038928985596,-1.5038024514524295e-07,0.3617495894432068,0.6487928032875061,-0.03666049614548683,0.3693441152572632,0.591431200504303,-0.06327670812606812,0.3892423212528229,0.5435436367988586,-0.07794857770204544,0.40482646226882935,0.5000370740890503,-0.09224387258291245,0.3608275055885315,0.6660088896751404,-0.11192308366298676,0.3964098393917084,0.5803921818733215,-0.14101006090641022,0.414415180683136,0.5350740551948547,-0.14642994105815887,0.43098998069763184,0.5014994144439697,-0.14870493113994598,0.39462482929229736,0.6870734095573425,-0.09981583058834076,0.4209265112876892,0.5803772807121277,-0.12568798661231995,0.4072520434856415,0.5788198113441467,-0.11416483670473099,0.3974906802177429,0.602053165435791,-0.1061597391963005,0.42445576190948486,0.6925283074378967,-0.08640851080417633,0.44100117683410645,0.5924007892608643,-0.10822762548923492,0.42550477385520935,0.5956876873970032,-0.0926104262471199,0.4182422459125519,0.6191277503967285,-0.081662617623806,0.44991594552993774,0.6867366433143616,-0.07451853901147842,0.45772436261177063,0.6079317331314087,-0.09208729863166809,0.4447329044342041,0.609269917011261,-0.08750952780246735,0.43810659646987915,0.629247784614563,-0.08467059582471848
16,left,0.6054708957672119,0.5653105974197388,-1.1355149354130845e-07,0.5566799640655518,0.5544044971466064,-0.005385046359151602,0.5190221071243286,0.5484229326248169,-0.021394524723291397,0.4906839430332184,0.5634324550628662,-0.038704872131347656,0.48726963996887207,0.5835170745849609,-0.05677143484354019,0.5193377137184143,0.4712669551372528,-0.029147498309612274,0.475811243057251,0.464731365442276,-0.05099216103553772,0.4471549689769745,0.4556517004966736,-0.06426025927066803,0.42242395877838135,0.4433771073818207,-0.07492249459028244,0.5396254658699036,0.4736621379852295,-0.038350291550159454,0.49149245023727417,0.5452035069465637,-0.062478721141815186,0.5070767998695374,0.5738174319267273,-0.062158238142728806,0.5219195485115051,0.5667048692703247,-0.060811739414930344,0.5587188005447388,0.4953952431678772,-0.04834524542093277,0.5151787400245667,0.5676945447921753,-0.06854049861431122,0.5272291302680969,0.5854734778404236,-0.05845332145690918,0.5399928092956543,0.5746529698371887,-0.04984770715236664,0.5745536684989929,0.5241566896438599,-0.059319790452718735,0.5359215140342712,0.5767315626144409,-0.07311878353357315,0.537927508354187,0.5978199243545532,-0.06799136102199554,0.5447777509689331,0.5977209210395813,-0.06273987144231796
17,right,0.3791075348854065,0.6952425241470337,-1.243601843725628e-07,0.3582890033721924,0.6496865153312683,-0.03445085883140564,0.3688025176525116,0.5895550847053528,-0.05771768093109131,0.39156466722488403,0.5404102802276611,-0.06937951594591141,0.40645861625671387,0.4968072474002838,-0.08031502366065979,0.36244672536849976,0.6633715033531189,-0.10459818691015244,0.39824378490448,0.5792044401168823,-0.13230085372924805,0.4168144166469574,0.5314251184463501,-0.13684725761413574,0.4328269362449646,0.49432373046875,-0.1384570598602295,0.39669808745384216,0.683685839176178,-0.0927036702632904,0.4240461587905884,0.5751764178276062,-0.11825820058584213,0.4102177023887634,0.5730257034301758,-0.10711733996868134,0.4007202684879303,0.5952486395835876,-0.09835787117481232,0.42656210064888,0.6886570453643799,-0.07949293404817581,0.4433414340019226,0.5875527262687683,-0.10103544592857361,0.4279676079750061,0.5915476679801941,-0.08592646569013596,0.42099910974502563,0.6153051853179932,-0.07418658584356308,0.45119521021842957,0.6824698448181152,-0.06769338250160217,0.4593546688556671,0.602608859539032,-0.08468490093946457,0.44622015953063965,0.6046326160430908,-0.08043192327022552,0.44006776809692383,0.6261830925941467,-0.07714756578207016
17,left,0.608207643032074,0.564251720905304,-1.4617197052757547e-07,0.5598435997962952,0.5530405044555664,-0.005472139921039343,0.5228786468505859,0.5454301834106445,-0.01947806216776371,0.4943656921386719,0.5600622892379761,-0.03491590917110443,0.48752689361572266,0.5803277492523193,-0.05118335783481598,0.5229782462120056,0.47023433446884155,-0.02562449686229229,0.47868356108665466,0.4615856111049652,-0.04632313549518585,0.44775712490081787,0.452102929353714,-0.05990758165717125,0.421756774187088,0.44086331129074097,-0.07091763615608215,0.5423609018325806,0.47282692790031433,-0.033999133855104446,0.4943295121192932,0.5426129698753357,-0.05728452280163765,0.5072934627532959,0.5714654922485352,-0.05890625715255737,0.5220077037811279,0.5675257444381714,-0.05911407992243767,0.5605416297912598,0.4945281147956848,-0.04311540350317955,0.5164998173713684,0.5673553347587585,-0.0621887743473053,0.5273343920707703,0.5862988233566284,-0.05348288267850876,0.5399855375289917,0.5782272815704346,-0.04592125117778778,0.5754404067993164,0.5239986181259155,-0.053369443863630295,0.5372174382209778,0.574928879737854,-0.06629445403814316,0.5386438965797424,0.5947278141975403,-0.06145758181810379,0.5456681847572327,0.5945696830749512,-0.05634531006217003
18,right,0.3803902566432953,0.6902337074279785,-1.3214442162734485e-07,0.35994166135787964,0.646344006061554,-0.0358378067612648,0.3717232048511505,0.5858791470527649,-0.060583822429180145,0.3941304683685303,0.5349908471107483,-0.0734996423125267,0.4054170548915863,0.48856720328330994,-0.08578593283891678,0.36520203948020935,0.6568630933761597,-0.10765597224235535,0.40010327100753784,0.5699349045753479,-0.1348099261522293,0.41772890090942383,0.5240635871887207,-0.1382175087928772,0.4332021176815033,0.48980745673179626,-0.13897305727005005,0.3986557424068451,0.6778085231781006,-0.09542474150657654,0.4244559109210968,0.570737361907959,-0.12033259123563766,0.41107380390167236,0.5655641555786133,-0.10855941474437714,0.4017427861690521,0.5858494639396667,-0.0999489426612854,0.4279804825782776,0.6835516691207886,-0.08193456381559372,0.44466516375541687,0.5836085677146912,-0.10301148891448975,0.42887258529663086,0.5832880735397339,-0.08787889778614044,0.4208507537841797,0.6047525405883789,-0.07672406733036041,0.452323317527771,0.6782132983207703,-0.06998204439878464,0.4604293704032898,0.5992638468742371,-0.08708168566226959,0.4472476840019226,0.5984523892402649,-0.0832456648349762,0.44034096598625183,0.6182951927185059,-0.08050809800624847
18,left,0.6073556542396545,0.5761759281158447,-1.927772785847992e-07,0.5567477345466614,0.5614169239997864,-0.003089167643338442,0.5178532004356384,0.5554383397102356,-0.016137897968292236,0.4928002655506134,0.573448657989502,-0.031046245247125626,0.49083346128463745,0.5974329113960266,-0.047201093286275864,0.5173553228378296,0.4856441915035248,-0.023759065195918083,0.47639644145965576,0.48372307419776917,-0.042397391051054,0.44629591703414917,0.4802480936050415,-0.054833102971315384,0.42077964544296265,0.4739363193511963,-0.0652417466044426,0.5369744896888733,0.4894118010997772,-0.03312871977686882,0.49199965596199036,0.5656267404556274,-0.054676271975040436,0.49765855073928833,0.5940994024276733,-0.05768468603491783,0.5082587599754333,0.5957716703414917,-0.0594780296087265,0.5567302703857422,0.5116191506385803,-0.042818550020456314,0.5149261355400085,0.5890388488769531,-0.05941632390022278,0.5234550833702087,0.6020120978355408,-0.05307413637638092,0.5356504321098328,0.5925107002258301,-0.04786107689142227,0.5739758610725403,0.5400227308273315,-0.05352112650871277,0.5366305708885193,0.5950619578361511,-0.0648873895406723,0.5355695486068726,0.6136253476142883,-0.06145133450627327,0.5414646863937378,0.6147753000259399,-0.05774980038404465
19,right,0.3831186294555664,0.6889708042144775,-1.517991279342823e-07,0.36065396666526794,0.6434171795845032,-0.034291673451662064,0.3712233006954193,0.5847133994102478,-0.058237988501787186,0.39472496509552,0.5384702682495117,-0.07063713669776917,0.4094257950782776,0.4990534782409668,-0.08235247433185577,0.36518967151641846,0.6579022407531738,-0.10531453788280487,0.3998408019542694,0.5697940587997437,-0.131703183054924,0.4168434739112854,0.5237812399864197,-0.1350066214799881,0.43216946721076965,0.49094974994659424,-0.13578897714614868,0.3986175060272217,0.6776487827301025,-0.0936107188463211,0.42493870854377747,0.5696374773979187,-0.11824749410152435,0.4107300043106079,0.566897451877594,-0.10670650005340576,0.40101954340934753,0.5897992849349976,-0.0980835035443306,0.42795291543006897,0.6820714473724365,-0.08052145689725876,0.4438619911670685,0.5827245116233826,-0.10078365355730057,0.42767035961151123,0.5853143334388733,-0.08575741201639175,0.4200819134712219,0.6084860563278198,-0.07489455491304398,0.45214545726776123,0.6751649379730225,-0.06891736388206482,0.4590368866920471,0.5976409316062927,-0.08568552136421204,0.44553980231285095,0.5995063781738281,-0.08194214105606079,0.4388495683670044,0.6205740571022034,-0.07937190681695938
19,left,0.604580819606781,0.5840390920639038,-1.4190335662078724e-07,0.5539206862449646,0.5721749067306519,-0.0030634189024567604,0.5142773985862732,0.5708325505256653,-0.017698587849736214,0.48870521783828735,0.5932497978210449,-0.03418823331594467,0.48894044756889343,0.6157113313674927,-0.051879771053791046,0.5135294795036316,0.4992024004459381,-0.02606102265417576,0.4712870717048645,0.4989144206047058,-0.04530659317970276,0.44163089990615845,0.49571692943573,-0.05663260817527771,0.41705089807510376,0.48959463834762573,-0.06627904623746872,0.5344809889793396,0.5041399002075195,-0.03615463897585869,0.48821061849594116,0.5840484499931335,-0.05906802415847778,0.5027459263801575,0.6107454895973206,-0.05991962179541588,0.5175986886024475,0.6037173867225647,-0.05974198132753372,0.5550937652587891,0.526490330696106,-0.0466124601662159,0.5118846297264099,0.6045916676521301,-0.06562720984220505,0.5251631736755371,0.6184787154197693,-0.057082418352365494,0.5377344489097595,0.6040658950805664,-0.04979986697435379,0.5727200508117676,0.5536936521530151,-0.057834405452013016,0.5347945094108582,0.6084035038948059,-0.07090681791305542,0.5375720858573914,0.62574702501297,-0.06625336408615112,0.5446583032608032,0.6216598153114319,-0.06139317899942398
20,right,0.3842187225818634,0.6896878480911255,-1.2412721162036178e-07,0.3632722795009613,0.6442336440086365,-0.03504977375268936,0.3736285865306854,0.5865713953971863,-0.05976551026105881,0.3957957327365875,0.5389462113380432,-0.0727098286151886,0.4094127118587494,0.496735543012619,-0.08487878739833832,0.36792609095573425,0.6599916219711304,-0.10708890855312347,0.40060603618621826,0.5733343958854675,-0.13594810664653778,0.4171656370162964,0.5269632339477539,-0.14176496863365173,0.43169915676116943,0.4929006099700928,-0.14406630396842957,0.4002937376499176,0.6806310415267944,-0.09484517574310303,0.42517879605293274,0.574582040309906,-0.12106010317802429,0.4117260277271271,0.57564377784729,-0.11035119742155075,0.40238049626350403,0.5997622609138489,-0.10197386145591736,0.4289051294326782,0.6858381628990173,-0.08128499984741211,0.4444938004016876,0.5870710015296936,-0.1028461903333664,0.42951467633247375,0.5926344990730286,-0.08771677315235138,0.42225879430770874,0.6173360347747803,-0.07625725865364075,0.45261046290397644,0.6796571016311646,-0.06923145055770874,0.4597945809364319,0.6031804084777832,-0.08738018572330475,0.4470617175102234,0.6062880754470825,-0.08381281048059464,0.4409192204475403,0.6278958916664124,-0.08091668784618378
20,left,0.6049484014511108,0.5873122215270996,-1.162701295243096e-07,0.5569137334823608,0.5774326920509338,-0.0035980127286165953,0.5175420641899109,0.5783087015151978,-0.01909821294248104,0.49050769209861755,0.6001912355422974,-0.03641828894615173,0.4870983362197876,0.6217811703681946,-0.05457434430718422,0.5139569044113159,0.5058692693710327,-0.02744712121784687,0.4692990183830261,0.5044609308242798,-0.0478694923222065,0.4399260878562927,0.4998849630355835,-0.058732759207487106,0.41613638401031494,0.4921700358390808,-0.06738822907209396,0.5341755151748657,0.509791374206543,-0.03756166994571686,0.48641929030418396,0.5860491394996643,-0.061131034046411514,0.5012645125389099,0.6114528775215149,-0.06035993993282318,0.5156305432319641,0.6023719310760498,-0.05848195031285286,0.5538682341575623,0.5309751033782959,-0.048303138464689255,0.5112718939781189,0.6087586879730225,-0.06784659624099731,0.5245949625968933,0.6220596432685852,-0.05790407583117485,0.5367664098739624,0.6059392690658569,-0.04945947974920273,0.5704193711280823,0.5577030181884766,-0.059854865074157715,0.5331872701644897,0.6134902238845825,-0.07352056354284286,0.5372996926307678,0.6291487216949463,-0.06866759061813354,0.545208215713501,0.6221047639846802,-0.0635123923420906
21,right,0.38816148042678833,0.6873161196708679,-1.4328195163670898e-07,0.36583375930786133,0.6427214741706848,-0.037352390587329865,0.3737605810165405,0.5864430069923401,-0.06491800397634506,0.3937501609325409,0.5396084189414978,-0.08024123311042786,0.4083951711654663,0.4965541958808899,-0.09527480602264404,0.36486995220184326,0.6628322601318359,-0.11392521858215332,0.39918771386146545,0.5777124762535095,-0.14467588067054749,0.4174945056438446,0.5318516492843628,-0.1515621691942215,0.4338054955005646,0.4972286820411682,-0.15494467318058014,0.397221177816391,0.6851525902748108,-0.1014925166964531,0.42392605543136597,0.5774978399276733,-0.12913239002227783,0.4098353385925293,0.5812264084815979,-0.11837521195411682,0.40039360523223877,0.6067253351211548,-0.11064212024211884,0.4266623258590698,0.6910772323608398,-0.08771230280399323,0.4434029459953308,0.5904467701911926,-0.11044949293136597,0.4276584982872009,0.5979034304618835,-0.0944141149520874,0.4209250807762146,0.622626781463623,-0.08313143998384476,0.45256462693214417,0.6852962970733643,-0.0754818245768547,0.45981812477111816,0.606209397315979,-0.09396155178546906,0.4464320242404938,0.6111379861831665,-0.08955428749322891,0.4412614107131958,0.6319887638092041,-0.0868467167019844
21,left,0.6059640645980835,0.5792719125747681,-1.6256895207789057e-07,0.5556067228317261,0.5700215697288513,-0.004044031258672476,0.5162086486816406,0.563047468662262,-0.017536407336592674,0.48922762274742126,0.5780729055404663,-0.03235708922147751,0.4846351146697998,0.6033401489257812,-0.048324842005968094,0.5183461904525757,0.4897747039794922,-0.02767838165163994,0.4730255603790283,0.4867430031299591,-0.04793800041079521,0.44342511892318726,0.48090633749961853,-0.061170898377895355,0.4174860119819641,0.4719514548778534,-0.07223279029130936,0.5371195077896118,0.49317029118537903,-0.036436777561903,0.49157801270484924,0.5709164142608643,-0.06067461147904396,0.5040785670280457,0.6002184748649597,-0.06282132118940353,0.5173906683921814,0.5973623991012573,-0.06350942701101303,0.5555822253227234,0.5153241753578186,-0.045487768948078156,0.514151930809021,0.5905133485794067,-0.06549645960330963,0.5251309871673584,0.6070647239685059,-0.05809012055397034,0.5376380085945129,0.5976510643959045,-0.05133974179625511,0.5717233419418335,0.5434862375259399,-0.05529041588306427,0.5355860590934753,0.597526490688324,-0.06973974406719208,0.5355284214019775,0.6185086965560913,-0.06682837754487991,0.5403484106063843,0.620637059211731,-0.06311163306236267
22,right,0.3855207562446594,0.6904094219207764,-1.4152601579553448e-07,0.36353275179862976,0.6436262726783752,-0.04027138277888298,0.3724402189254761,0.5863493084907532,-0.06992769241333008,0.3935769200325012,0.5393508672714233,-0.08626999706029892,0.4105696976184845,0.49618977308273315,-0.10239329189062119,0.36243849992752075,0.6616483926773071,-0.1218630000948906,0.3977375626564026,0.57921302318573,-0.15481223165988922,0.41753262281417847,0.534257709980011,-0.16297635436058044,0.4350375533103943,0.5006911754608154,-0.1668412983417511,0.39639759063720703,0.6847649812698364,-0.10764353722333908,0.42375171184539795,0.5789738297462463,-0.13418500125408173,0.4116767346858978,0.576869010925293,-0.12163814902305603,0.40240660309791565,0.598855197429657,-0.11358149349689484,0.42666590213775635,0.6908095479011536,-0.09220664948225021,0.4441353976726532,0.5903281569480896,-0.11509253084659576,0.4296284317970276,0.5928841233253479,-0.09893227368593216,0.42268213629722595,0.6155551671981812,-0.08798819035291672,0.45306146144866943,0.6852824687957764,-0.07834769785404205,0.46135613322257996,0.6049218773841858,-0.09729534387588501,0.44836699962615967,0.6062917113304138,-0.09272696077823639,0.44205790758132935,0.6257444024085999,-0.09000208228826523
22,left,0.6062788367271423,0.572117030620575,-1.4118961644271621e-07,0.5562211871147156,0.5614842176437378,-0.0045051476918160915,0.5187282562255859,0.5549505949020386,-0.01955198124051094,0.49190035462379456,0.5699751973152161,-0.03594444692134857,0.4857974648475647,0.5874937772750854,-0.05318092927336693,0.5209729671478271,0.47527527809143066,-0.028643030673265457,0.47534283995628357,0.47080034017562866,-0.05143500491976738,0.4463266432285309,0.4624863862991333,-0.06637220084667206,0.42047226428985596,0.4506327211856842,-0.0783110037446022,0.5410390496253967,0.47890836000442505,-0.038105156272649765,0.49001362919807434,0.5511199831962585,-0.0633101686835289,0.506088376045227,0.5804942846298218,-0.06480082124471664,0.5216820240020752,0.5752629637718201,-0.06479240953922272,0.5589982867240906,0.5010225176811218,-0.048231665045022964,0.5120285749435425,0.5746024250984192,-0.0685248002409935,0.5253133773803711,0.5934382677078247,-0.05879703536629677,0.5386813282966614,0.5835416913032532,-0.050620730966329575,0.5738719701766968,0.5300357341766357,-0.05931932479143143,0.5352915525436401,0.5844829678535461,-0.07292669266462326,0.5381531715393066,0.6037437915802002,-0.06789328157901764,0.5449950098991394,0.6015257835388184,-0.06283915042877197
23,right,0.3852386474609375,0.6895433664321899,-1.4246684543195443e-07,0.36300215125083923,0.644848644733429,-0.03471281751990318,0.3730125427246094,0.5865573883056641,-0.05844324454665184,0.39581218361854553,0.5376044511795044,-0.07082106173038483,0.4117874503135681,0.4933234453201294,-0.08242089301347733,0.3648900091648102,0.6614969968795776,-0.1035788506269455,0.40043774247169495,0.5779175758361816,-0.1310005635023117,0.4181971251964569,0.5332791805267334,-0.13504783809185028,0.4342190623283386,0.4997933506965637,-0.13623999059200287,0.3981505036354065,0.6828688383102417,-0.09208428114652634,0.42635101079940796,0.5758228302001953,-0.11871297657489777,0.41153499484062195,0.577025830745697,-0.10806865245103836,0.4018237292766571,0.6013152599334717,-0.09929924458265305,0.4280252754688263,0.68812495470047,-0.0793754830956459,0.44534242153167725,0.5885325074195862,-0.10159329324960709,0.4295954704284668,0.5945168137550354,-0.08638623356819153,0.42322343587875366,0.6185101270675659,-0.07454568892717361,0.4529273211956024,0.6816336512565613,-0.06812184303998947,0.4604630470275879,0.6035250425338745,-0.08537498861551285,0.44758594036102295,0.6077788472175598,-0.08095929771661758,0.44250690937042236,0.6292609572410583,-0.07765407860279083
23,left,0.6071729063987732,0.5729985237121582,-1.2763941015236924e-07,0.5578858852386475,0.5623019933700562,-0.005931209772825241,0.5215736627578735,0.5565569996833801,-0.021070929244160652,0.49367251992225647,0.5711808800697327,-0.037696048617362976,0.487013578414917,0.5902233123779297,-0.05507656931877136,0.5204644203186035,0.47869521379470825,-0.026445569470524788,0.4768992066383362,0.47075361013412476,-0.04737766087055206,0.44662997126579285,0.4616534113883972,-0.06074909493327141,0.4209837317466736,0.44989484548568726,-0.07157287001609802,0.5403085350990295,0.4819951355457306,-0.03512755408883095,0.4928213655948639,0.5518397688865662,-0.058454226702451706,0.5054566264152527,0.5794945955276489,-0.0598505474627018,0.5199025273323059,0.5741711854934692,-0.060059331357479095,0.5586899518966675,0.5043907761573792,-0.04468897357583046,0.5138794183731079,0.5759003758430481,-0.06406911462545395,0.5244490504264832,0.5943373441696167,-0.055147476494312286,0.5371344089508057,0.5848919153213501,-0.047587648034095764,0.573432207107544,0.5341897010803223,-0.05544479191303253,0.5342435240745544,0.5841481685638428,-0.06895199418067932,0.536388635635376,0.603213369846344,-0.06416371464729309,0.5446057319641113,0.6011760234832764,-0.05907079949975014
24,right,0.38525107502937317,0.6865418553352356,-1.3654134534135665e-07,0.3636114001274109,0.6420718431472778,-0.03677094355225563,0.3742424547672272,0.5836691856384277,-0.06295197457075119,0.397068053483963,0.5355862379074097,-0.07704903930425644,0.41222772002220154,0.4927087128162384,-0.0905795767903328,0.36744892597198486,0.6572282314300537,-0.11245986074209213,0.4018162786960602,0.5689964294433594,-0.14140255749225616,0.41894540190696716,0.5231708884239197,-0.1457057148218155,0.4341403841972351,0.48982763290405273,-0.14684580266475677,0.4006267488002777,0.6783627271652222,-0.09967333823442459,0.4259421229362488,0.5717455744743347,-0.12577125430107117,0.4122876226902008,0.5681788921356201,-0.11354146152734756,0.40317657589912415,0.5894728899002075,-0.10476015508174896,0.4301103353500366,0.6836578845977783,-0.08561933040618896,0.44705379009246826,0.5831783413887024,-0.10750304907560349,0.4312642812728882,0.5849551558494568,-0.09192612022161484,0.42346301674842834,0.6079233884811401,-0.08071549236774445,0.45466533303260803,0.6776548624038696,-0.07313647121191025,0.4624733626842499,0.5992257595062256,-0.0913577452301979,0.4495033025741577,0.5998064875602722,-0.08786586672067642,0.44280946254730225,0.6205044984817505,-0.08542486280202866
24,left,0.6063392162322998,0.5863875150680542,-1.6921580936468672e-07,0.5567463636398315,0.5726001858711243,-0.0029995625372976065,0.5183364152908325,0.5690852403640747,-0.01761983521282673,0.4930829405784607,0.5895732045173645,-0.034321438521146774,0.49065619707107544,0.6135533452033997,-0.05229229852557182,0.5174375176429749,0.4974922835826874,-0.02509852685034275,0.47371920943260193,0.4966951310634613,-0.04391087591648102,0.44300025701522827,0.49392345547676086,-0.05495726689696312,0.4194660186767578,0.4871741235256195,-0.06409621983766556,0.5374102592468262,0.5032618641853333,-0.0352691113948822,0.48832324147224426,0.5788888931274414,-0.05741874501109123,0.49659374356269836,0.6092249155044556,-0.05840596556663513,0.508915364742279,0.6064105033874512,-0.058237314224243164,0.556702733039856,0.5262063145637512,-0.045819997787475586,0.5117822885513306,0.6047308444976807,-0.06298463046550751,0.5215625762939453,0.6188279986381531,-0.054727114737033844,0.5332265496253967,0.6052221059799194,-0.04814591258764267,0.5732662081718445,0.5549842119216919,-0.05734900385141373,0.5346475839614868,0.6120685935020447,-0.06843888759613037,0.5358307361602783,0.627583920955658,-0.06366627663373947,0.5428349375724792,0.6222565174102783,-0.059138745069503784
25,right,0.38352590799331665,0.6938595771789551,-1.5441743528299412e-07,0.3635081350803375,0.6467589735984802,-0.0378514863550663,0.37423402070999146,0.5884747505187988,-0.0655953511595726,0.39606791734695435,0.5423694849014282,-0.08064629137516022,0.4118228852748871,0.501878023147583,-0.09524650871753693,0.3672129213809967,0.663292646408081,-0.11602990329265594,0.40178215503692627,0.5756820440292358,-0.14560608565807343,0.4193635880947113,0.5299297571182251,-0.1510971337556839,0.4356122314929962,0.49620121717453003,-0.15348245203495026,0.3997786045074463,0.6850135326385498,-0.10273747891187668,0.42415961623191833,0.578402042388916,-0.1278175264596939,0.41068577766418457,0.5814477801322937,-0.1151902824640274,0.40256625413894653,0.6074060797691345,-0.10683274269104004,0.4285579323768616,0.691016435623169,-0.08804590255022049,0.44466984272003174,0.5913552641868591,-0.10863293707370758,0.42888975143432617,0.5982499122619629,-0.09242741763591766,0.42308613657951355,0.6233266592025757,-0.08183509111404419,0.45324575901031494,0.6855008602142334,-0.07500327378511429,0.46011584997177124,0.6081608533859253,-0.09268904477357864,0.4461038410663605,0.6120020747184753,-0.08882205933332443,0.44073939323425293,0.6329885125160217,-0.08674638718366623
25,left,0.6071736216545105,0.5982301235198975,-1.4558636962647142e-07,0.5572048425674438,0.5882725119590759,0.00046982045751065016,0.517599880695343,0.5858392715454102,-0.012729890644550323,0.4921521544456482,0.6066780090332031,-0.028387323021888733,0.4881843626499176,0.6288081407546997,-0.045442141592502594,0.514600932598114,0.5176736116409302,-0.024430757388472557,0.4755480885505676,0.5095604658126831,-0.04370277002453804,0.44746023416519165,0.5030285120010376,-0.05534167215228081,0.4242909848690033,0.49612975120544434,-0.06500828266143799,0.5350363850593567,0.5221441388130188,-0.035907723009586334,0.4872109293937683,0.5981919169425964,-0.05752013996243477,0.5004256963729858,0.6244280338287354,-0.05738074705004692,0.5137645602226257,0.6175682544708252,-0.05667123943567276,0.5550239682197571,0.5447119474411011,-0.047397419810295105,0.5102081298828125,0.621329665184021,-0.06394654512405396,0.5232765078544617,0.6327805519104004,-0.053890127688646317,0.5356810688972473,0.6172629594802856,-0.04621852561831474,0.5722808241844177,0.5720672011375427,-0.059469737112522125,0.5331167578697205,0.6271723508834839,-0.0712699294090271,0.535925030708313,0.6413414478302002,-0.06594378501176834,0.5433148741722107,0.6348097920417786,-0.06072087585926056
26,right,0.3853674829006195,0.6917697787284851,-1.2932775916851824e-07,0.36441126465797424,0.6456127166748047,-0.038572754710912704,0.37353625893592834,0.5883176326751709,-0.06665483862161636,0.39532896876335144,0.5431405305862427,-0.08205897361040115,0.41207119822502136,0.5047767758369446,-0.09685686975717545,0.366418719291687,0.6647421717643738,-0.11600624769926071,0.40160611271858215,0.5781188607215881,-0.14723841845989227,0.41950932145118713,0.5326905250549316,-0.15411069989204407,0.4359430968761444,0.49967724084854126,-0.15717646479606628,0.39922764897346497,0.6863716840744019,-0.10244081169366837,0.42494451999664307,0.581315815448761,-0.1293632984161377,0.411435604095459,0.5827662348747253,-0.11769860237836838,0.40349099040031433,0.6073861718177795,-0.10965834558010101,0.42864885926246643,0.6916813254356384,-0.08773047477006912,0.44544005393981934,0.5931495428085327,-0.11019160598516464,0.4297367036342621,0.5986020565032959,-0.09454884380102158,0.42367127537727356,0.6234484910964966,-0.08371543139219284,0.4540671408176422,0.6852394342422485,-0.07469804584980011,0.4608564078807831,0.6088635325431824,-0.09322803467512131,0.44692033529281616,0.6121485829353333,-0.08943740278482437,0.44100597500801086,0.633167028427124,-0.0871012881398201
26,left,0.605962872505188,0.5983395576477051,-1.1636677754722768e-07,0.5583254098892212,0.5892318487167358,-0.003121951362118125,0.5173434019088745,0.5880969762802124,-0.017489366233348846,0.4881693422794342,0.608761191368103,-0.03333586826920509,0.48458975553512573,0.6274133324623108,-0.049885932356119156,0.5145037770271301,0.5185412168502808,-0.026389572769403458,0.4721013009548187,0.5110278129577637,-0.04620146378874779,0.44286707043647766,0.507309079170227,-0.05685571953654289,0.41900235414505005,0.5028116703033447,-0.06532010436058044,0.5347194671630859,0.5236117839813232,-0.03589911758899689,0.4877246022224426,0.5978984236717224,-0.05917925760149956,0.501722514629364,0.6225072145462036,-0.058737125247716904,0.5150137543678284,0.6136525273323059,-0.05694429576396942,0.5541749596595764,0.5457059741020203,-0.045845404267311096,0.5109226703643799,0.6190742254257202,-0.06537742912769318,0.5232934951782227,0.6313582062721252,-0.055707838386297226,0.5350181460380554,0.6157395243644714,-0.04695546254515648,0.5702751278877258,0.5738652944564819,-0.05636057257652283,0.5317552089691162,0.6278117895126343,-0.069949209690094,0.5348320603370667,0.6418671011924744,-0.0651007816195488,0.5421087741851807,0.6352028846740723,-0.05956719070672989
27,right,0.3814954161643982,0.6944085359573364,-1.4521263835831633e-07,0.36126500368118286,0.6484440565109253,-0.03867855668067932,0.3706291913986206,0.5908731818199158,-0.06793486326932907,0.39176833629608154,0.544435977935791,-0.0843222588300705,0.409935861825943,0.503538966178894,-0.10030170530080795,0.3633471131324768,0.662257730960846,-0.12027039378881454,0.39878541231155396,0.5754773616790771,-0.15256306529045105,0.41685086488723755,0.5295389294624329,-0.15993840992450714,0.43307703733444214,0.4955733120441437,-0.16316786408424377,0.39661598205566406,0.684219479560852,-0.10689686238765717,0.4231417775154114,0.5791986584663391,-0.13352128863334656,0.41107919812202454,0.5782660841941833,-0.12113747000694275,0.40173882246017456,0.6006152629852295,-0.11300846934318542,0.42607539892196655,0.6903557181358337,-0.09215475618839264,0.4435104727745056,0.5911810398101807,-0.11426422744989395,0.42862316966056824,0.594924807548523,-0.09789173305034637,0.4217202067375183,0.6174253821372986,-0.08699993789196014,0.4518314003944397,0.6856294274330139,-0.0789843276143074,0.4604640603065491,0.6077883243560791,-0.09713899344205856,0.44683700799942017,0.6099665760993958,-0.09217776358127594,0.43991512060165405,0.6291684508323669,-0.0891207680106163
27,left,0.6040611863136292,0.5860389471054077,-9.073768580947217e-08,0.5551718473434448,0.575506329536438,-0.0042570424266159534,0.5151512622833252,0.5694452524185181,-0.01970250904560089,0.48874592781066895,0.5841317176818848,-0.03640822693705559,0.4832891821861267,0.6058181524276733,-0.0543978177011013,0.5165337920188904,0.4918555021286011,-0.03084934875369072,0.47410163283348083,0.4831869602203369,-0.052379366010427475,0.44465816020965576,0.4729004204273224,-0.06589166820049286,0.4197472929954529,0.46108633279800415,-0.07676336914300919,0.5364347696304321,0.49621644616127014,-0.04024367406964302,0.489053875207901,0.5692170262336731,-0.06385805457830429,0.4996180236339569,0.60027676820755,-0.06388074159622192,0.5107943415641785,0.5967610478401184,-0.06323938816785812,0.5551499128341675,0.5196875333786011,-0.049999698996543884,0.5104368329048157,0.5904150009155273,-0.06979453563690186,0.5214523673057556,0.6069316267967224,-0.05951792374253273,0.5348491072654724,0.5957947373390198,-0.0509398989379406,0.5707641839981079,0.5492880940437317,-0.06049400195479393,0.5296041369438171,0.5991884469985962,-0.07498320937156677,0.5313829779624939,0.6195542216300964,-0.06977081298828125,0.5391930937767029,0.6189443469047546,-0.06426473706960678
28,right,0.38379111886024475,0.6966531872749329,-1.4463185493696074e-07,0.36139121651649475,0.650524914264679,-0.03631410375237465,0.3711744248867035,0.5917725563049316,-0.0608285516500473,0.3935956656932831,0.5419968962669373,-0.07349229604005814,0.41003283858299255,0.49730825424194336,-0.08552771061658859,0.36458081007003784,0.6672951579093933,-0.10622590035200119,0.3999161720275879,0.5824018120765686,-0.13351954519748688,0.4170280694961548,0.5356394648551941,-0.13768433034420013,0.43272849917411804,0.49999111890792847,-0.1392890214920044,0.39858293533325195,0.6880606412887573,-0.09374494850635529,0.42382916808128357,0.5810393691062927,-0.11996252089738846,0.40938591957092285,0.5829296708106995,-0.10917310416698456,0.40007489919662476,0.6074732542037964,-0.10074257105588913,0.428438663482666,0.692787766456604,-0.08001850545406342,0.4432907700538635,0.5925464034080505,-0.10182780772447586,0.42798081040382385,0.599004864692688,-0.086407870054245,0.4214754104614258,0.6232981085777283,-0.07482768595218658,0.4529767632484436,0.6860348582267761,-0.06788817048072815,0.4594276547431946,0.6075788140296936,-0.08579450845718384,0.4464193880558014,0.6118251085281372,-0.08170223236083984,0.44088780879974365,0.6329432725906372,-0.07861610502004623
28,left,0.6063315272331238,0.5689789652824402,-7.635225784952127e-08,0.5567437410354614,0.5591785907745361,-0.006221534218639135,0.5195708870887756,0.5496993064880371,-0.02169082686305046,0.49150151014328003,0.5584760308265686,-0.038497444242239,0.4864548146724701,0.5774422883987427,-0.05594933405518532,0.5191463828086853,0.4688376188278198,-0.026490509510040283,0.4777894616127014,0.45503199100494385,-0.04691758006811142,0.44939038157463074,0.4411378800868988,-0.05918637290596962,0.4258865714073181,0.42587336897850037,-0.06900259852409363,0.5403751134872437,0.4707450866699219,-0.035284895449876785,0.4918484389781952,0.5359763503074646,-0.05819455534219742,0.5048787593841553,0.5649805068969727,-0.05772305279970169,0.5188061594963074,0.5584841370582581,-0.05592885613441467,0.5598512291908264,0.4926678240299225,-0.045078933238983154,0.5140893459320068,0.5601604580879211,-0.06504151225090027,0.5246739983558655,0.5776193141937256,-0.05533284693956375,0.5375919938087463,0.5670889019966125,-0.046574197709560394,0.575312614440918,0.5229799747467041,-0.05595793202519417,0.5343074202537537,0.5703326463699341,-0.069489486515522,0.5365666747093201,0.5899999141693115,-0.06388502568006516,0.5452576875686646,0.5888620018959045,-0.05791735276579857
29,right,0.3834342062473297,0.6912432312965393,-1.5113097617813764e-07,0.3623794913291931,0.6471138596534729,-0.0346127487719059,0.3718574047088623,0.5884544849395752,-0.059153567999601364,0.392799973487854,0.5385751128196716,-0.07249405980110168,0.4058721959590912,0.49220508337020874,-0.08548847585916519,0.36416852474212646,0.6623378992080688,-0.10544376820325851,0.39987415075302124,0.5753586888313293,-0.1323581039905548,0.41711974143981934,0.5295729637145996,-0.13608190417289734,0.432681679725647,0.49592503905296326,-0.13717764616012573,0.3974549174308777,0.6835281252861023,-0.09408887475728989,0.4233962297439575,0.5764567255973816,-0.11932776123285294,0.40996435284614563,0.5732752680778503,-0.10841172933578491,0.4007216989994049,0.5949680209159851,-0.10043367743492126,0.42716822028160095,0.6889457702636719,-0.08139999210834503,0.44403308629989624,0.5878334045410156,-0.10225271433591843,0.4284709095954895,0.5902025699615479,-0.08713603019714355,0.42106330394744873,0.6131214499473572,-0.07623706012964249,0.4521137773990631,0.683365523815155,-0.07019821554422379,0.4597153067588806,0.6034746170043945,-0.08694630861282349,0.44731462001800537,0.6049731373786926,-0.08278614282608032,0.4413774609565735,0.6261427402496338,-0.08002457022666931
29,left,0.6108715534210205,0.566256046295166,-1.484776959159717e-07,0.5623636245727539,0.5547513365745544,-0.005896656308323145,0.5258124470710754,0.5472070574760437,-0.020679660141468048,0.4969068467617035,0.5606272220611572,-0.037294965237379074,0.49001672863960266,0.5802229046821594,-0.054631348699331284,0.5219154357910156,0.4699172377586365,-0.025265784934163094,0.47910353541374207,0.45818856358528137,-0.04492116719484329,0.44956910610198975,0.4460083842277527,-0.057199571281671524,0.4252552390098572,0.43258535861968994,-0.06737485527992249,0.5419999361038208,0.4715826213359833,-0.03431829810142517,0.4959939420223236,0.5423918962478638,-0.0577588826417923,0.5086380243301392,0.5718123912811279,-0.059719908982515335,0.5228054523468018,0.5684877634048462,-0.059990327805280685,0.5612384080886841,0.49300864338874817,-0.044124431908130646,0.5182403922080994,0.5677661299705505,-0.06327052414417267,0.5295616388320923,0.5868602991104126,-0.05497027561068535,0.5418637990951538,0.5788648724555969,-0.04775029793381691,0.5771602988243103,0.5220598578453064,-0.05523151904344559,0.538843035697937,0.5749488472938538,-0.06792358309030533,0.5400907397270203,0.5946098566055298,-0.06322675198316574,0.5467379689216614,0.5946056842803955,-0.05825642868876457
30,right,0.38156363368034363,0.6876522898674011,-1.4909836920651287e-07,0.3602012097835541,0.6421942710876465,-0.03631084784865379,0.3718140721321106,0.5832180976867676,-0.0616675429046154,0.39586585760116577,0.5353442430496216,-0.07512979209423065,0.40891948342323303,0.4926655888557434,-0.08796019107103348,0.364749938249588,0.6558634042739868,-0.10894294083118439,0.39900729060173035,0.5679197311401367,-0.13716010749340057,0.41624242067337036,0.5221242904663086,-0.1411103904247284,0.43159016966819763,0.48815804719924927,-0.14207009971141815,0.3980582356452942,0.6765077710151672,-0.09657829254865646,0.42255377769470215,0.5684494972229004,-0.12249871343374252,0.4086797535419464,0.5658196210861206,-0.11095332354307175,0.40036460757255554,0.5877670049667358,-0.10233908146619797,0.42789122462272644,0.6813666820526123,-0.08302116394042969,0.4429827630519867,0.5797115564346313,-0.10520665347576141,0.4266470968723297,0.5805653929710388,-0.09044651687145233,0.419182151556015,0.6028907299041748,-0.0793105885386467,0.4529532790184021,0.6745502948760986,-0.07103137671947479,0.45984169840812683,0.5946059226989746,-0.08912733942270279,0.44619056582450867,0.5938249826431274,-0.08574331551790237,0.4392663836479187,0.6138830184936523,-0.08312676101922989
30,left,0.6144700050354004,0.581242561340332,-1.9501352710449282e-07,0.5638651251792908,0.5712644457817078,-0.00208173762075603,0.5247960090637207,0.5696403980255127,-0.01676192693412304,0.496673047542572,0.5894067883491516,-0.03376917541027069,0.49031707644462585,0.608575165271759,-0.05177229642868042,0.5185564756393433,0.49748843908309937,-0.025507483631372452,0.4737255871295929,0.49379992485046387,-0.04507846012711525,0.44278737902641296,0.49118131399154663,-0.056947894394397736,0.41789859533309937,0.4863224923610687,-0.06673682481050491,0.5378455519676208,0.5010740756988525,-0.03651578724384308,0.4908037781715393,0.5802503824234009,-0.057992372661828995,0.5047372579574585,0.6066489219665527,-0.05823949724435806,0.5194951891899109,0.6000328660011292,-0.05823785439133644,0.5573379993438721,0.5229621529579163,-0.047917068004608154,0.514273464679718,0.6046895980834961,-0.06341520696878433,0.5283502340316772,0.616631031036377,-0.05348845198750496,0.5413527488708496,0.6015214323997498,-0.046967118978500366,0.5742868781089783,0.5511157512664795,-0.06046406552195549,0.5368348360061646,0.611659049987793,-0.07113149017095566,0.5407254099845886,0.6262834668159485,-0.06581852585077286,0.5488813519477844,0.6195588707923889,-0.06132172793149948
31,right,0.3826431632041931,0.6895719170570374,-1.3321054836978874e-07,0.36121058464050293,0.6444001793861389,-0.03800562024116516,0.37203532457351685,0.586298406124115,-0.06485529243946075,0.3951106071472168,0.5393601059913635,-0.07890403270721436,0.41046223044395447,0.4981440007686615,-0.09222579002380371,0.3675939738750458,0.6598021388053894,-0.11465202271938324,0.4004807472229004,0.5709251165390015,-0.14419017732143402,0.41659727692604065,0.5234101414680481,-0.1495344638824463,0.43151208758354187,0.48870307207107544,-0.15157438814640045,0.4005904197692871,0.6798873543739319,-0.1009540930390358,0.42458972334861755,0.5731571912765503,-0.12637509405612946,0.4101136028766632,0.5722326636314392,-0.11388369649648666,0.4009816348552704,0.5954949259757996,-0.10514816641807556,0.4293341040611267,0.6843386888504028,-0.08595475554466248,0.44395679235458374,0.5854810476303101,-0.10713628679513931,0.42762166261672974,0.5891299247741699,-0.091004878282547,0.4201488196849823,0.6128097176551819,-0.07971630990505219,0.4531075656414032,0.6775783896446228,-0.07262948155403137,0.45985713601112366,0.6005771160125732,-0.09067553281784058,0.44576531648635864,0.6026535630226135,-0.08667515963315964,0.4389416575431824,0.6235751509666443,-0.08394701033830643
31,left,0.6095237135887146,0.5847036838531494,-1.1804537791704206e-07,0.5594373941421509,0.5772140026092529,-0.0030550011433660984,0.5200003385543823,0.5793887972831726,-0.019168134778738022,0.49237826466560364,0.6027601361274719,-0.03745875880122185,0.4923969507217407,0.6224067211151123,-0.05673680827021599,0.5121835470199585,0.5067487359046936,-0.027959220111370087,0.46703341603279114,0.502596914768219,-0.04819973558187485,0.43816807866096497,0.49693429470062256,-0.058937571942806244,0.41508400440216064,0.48827019333839417,-0.06760554760694504,0.5340772271156311,0.510475218296051,-0.03849277272820473,0.4898883104324341,0.5917011499404907,-0.06327366828918457,0.5051447749137878,0.6180643439292908,-0.06331700086593628,0.5197786092758179,0.6101653575897217,-0.06189798563718796,0.5558122396469116,0.5310968160629272,-0.049406781792640686,0.5168222784996033,0.6118196845054626,-0.0696588084101677,0.5303294062614441,0.6247709393501282,-0.060053642839193344,0.5422909259796143,0.6094627380371094,-0.05167030915617943,0.574345052242279,0.5570797324180603,-0.061084598302841187,0.5385017395019531,0.6128162741661072,-0.07460268586874008,0.5420843958854675,0.631341814994812,-0.06940627098083496,0.5491760969161987,0.628166675567627,-0.06392313539981842
32,right,0.38308966159820557,0.6922619342803955,-1.4396206893252383e-07,0.36285075545310974,0.6450326442718506,-0.03720627725124359,0.373075008392334,0.5865450501441956,-0.06507579982280731,0.39397701621055603,0.5405924320220947,-0.08047150075435638,0.4098103940486908,0.4997131824493408,-0.09553225338459015,0.36508792638778687,0.659615695476532,-0.11562361568212509,0.40055781602859497,0.5751099586486816,-0.14708034694194794,0.4186636209487915,0.5294554233551025,-0.15449906885623932,0.43478095531463623,0.4953559935092926,-0.1579458862543106,0.3976532220840454,0.6822634339332581,-0.10260877013206482,0.42443400621414185,0.5777906775474548,-0.12951351702213287,0.4109777808189392,0.5808456540107727,-0.11818033456802368,0.4014904201030731,0.6059123873710632,-0.11027131229639053,0.4271274507045746,0.6884520649909973,-0.08822518587112427,0.4442397952079773,0.5898916125297546,-0.11013463884592056,0.42863398790359497,0.5972237586975098,-0.0943676307797432,0.42172184586524963,0.6219309568405151,-0.08351290971040726,0.4529457092285156,0.6830402612686157,-0.07532423734664917,0.4612268805503845,0.6051114201545715,-0.0934142991900444,0.4476499855518341,0.6099817156791687,-0.08926595747470856,0.4420385956764221,0.6308599710464478,-0.08672327548265457
32,left,0.611147403717041,0.5840378999710083,-1.5935256669763476e-07,0.563159704208374,0.5720431208610535,-0.0019212582847103477,0.5233316421508789,0.5716362595558167,-0.01596914790570736,0.4954119324684143,0.594864547252655,-0.032022394239902496,0.4898979365825653,0.6179025769233704,-0.049215082079172134,0.5174732208251953,0.5046359896659851,-0.026573365554213524,0.47126543521881104,0.5030892491340637,-0.046543437987565994,0.4409191906452179,0.49924373626708984,-0.057740118354558945,0.4152604341506958,0.4932098984718323,-0.0670400857925415,0.5370993614196777,0.5078651905059814,-0.03713470324873924,0.49249857664108276,0.5885894894599915,-0.061796631664037704,0.506735622882843,0.614434003829956,-0.06276707351207733,0.519855797290802,0.6083744168281555,-0.06225169077515602,0.556771457195282,0.5289285778999329,-0.04789229854941368,0.5162803530693054,0.610381543636322,-0.06816968321800232,0.5302760004997253,0.6246710419654846,-0.05920730531215668,0.5421449542045593,0.610686182975769,-0.05131961405277252,0.5735448002815247,0.5555097460746765,-0.05918793007731438,0.5384193062782288,0.61623215675354,-0.07327806204557419,0.5429838299751282,0.6318058967590332,-0.06913156807422638,0.5496516823768616,0.624655544757843,-0.06446463614702225
33,right,0.38223254680633545,0.6961965560913086,-1.4293344463567337e-07,0.36062750220298767,0.6499868035316467,-0.035687100142240524,0.37079179286956787,0.589601993560791,-0.06060583516955376,0.39409175515174866,0.5407611131668091,-0.07333954423666,0.4103429913520813,0.49697256088256836,-0.08531560748815536,0.3643401563167572,0.6652819514274597,-0.10997285693883896,0.3992166221141815,0.5792003870010376,-0.13852111995220184,0.4159804880619049,0.5337163209915161,-0.14319081604480743,0.43143850564956665,0.4994402229785919,-0.14479875564575195,0.39789018034935,0.685854971408844,-0.0974426195025444,0.42342424392700195,0.577136754989624,-0.1231517344713211,0.40912926197052,0.5778237581253052,-0.11112598329782486,0.4003644287586212,0.6016122698783875,-0.10212256014347076,0.42739343643188477,0.6901188492774963,-0.08348977565765381,0.4420647621154785,0.589640200138092,-0.1048939973115921,0.42684489488601685,0.5949817895889282,-0.0890078917145729,0.4205763638019562,0.6187971830368042,-0.07730475068092346,0.4520156979560852,0.683038592338562,-0.07096470147371292,0.45797112584114075,0.6038182973861694,-0.08825968950986862,0.44470104575157166,0.6064757704734802,-0.08371645212173462,0.4390260875225067,0.6265636682510376,-0.08048027753829956
33,left,0.6099265813827515,0.5758610367774963,-1.3992364245041244e-07,0.5597051382064819,0.5663232207298279,-0.005001974757760763,0.5204457640647888,0.5613330602645874,-0.019552985206246376,0.49330440163612366,0.5794976949691772,-0.035453375428915024,0.4916609823703766,0.6020989418029785,-0.05238579213619232,0.5212380886077881,0.4869433343410492,-0.02870028093457222,0.4756415784358978,0.4821791648864746,-0.049853481352329254,0.4458394944667816,0.475167840719223,-0.0627308264374733,0.4202132523059845,0.4647393226623535,-0.07333795726299286,0.5410715937614441,0.48926404118537903,-0.03732656314969063,0.4957932233810425,0.5688679218292236,-0.062738798558712,0.5107218027114868,0.5977070927619934,-0.06430483609437943,0.5250242352485657,0.592129647731781,-0.06413067132234573,0.5603859424591064,0.5103654265403748,-0.04644060134887695,0.5199264287948608,0.5884326696395874,-0.06760913878679276,0.5312941670417786,0.6049176454544067,-0.059561606496572495,0.5430201888084412,0.593547523021698,-0.051908157765865326,0.5768256783485413,0.5381975769996643,-0.05637408047914505,0.5411309599876404,0.5947965383529663,-0.07096058875322342,0.5416092276573181,0.6157643795013428,-0.06751798838376999,0.5462061166763306,0.616431713104248,-0.0632292628288269
34,right,0.38210609555244446,0.6926132440567017,-1.3307361257375305e-07,0.3607392907142639,0.6483334302902222,-0.03429538011550903,0.3704413175582886,0.5888306498527527,-0.058022819459438324,0.392526775598526,0.5394960641860962,-0.07032815366983414,0.4085700213909149,0.4952958822250366,-0.08199193328619003,0.36426037549972534,0.661647379398346,-0.10500473529100418,0.3996002972126007,0.5750184655189514,-0.1317146122455597,0.41698384284973145,0.5300952196121216,-0.13514238595962524,0.43248969316482544,0.49659597873687744,-0.13597933948040009,0.39794638752937317,0.6820636987686157,-0.09325855225324631,0.42426902055740356,0.5747739672660828,-0.11863629519939423,0.41081663966178894,0.5725911855697632,-0.10733548551797867,0.4012085199356079,0.5942237973213196,-0.09867976605892181,0.42755138874053955,0.6869340538978577,-0.08015076816082001,0.44392305612564087,0.5871531963348389,-0.10106118023395538,0.4290865659713745,0.5917392373085022,-0.08584657311439514,0.4223659336566925,0.6150652170181274,-0.07451748847961426,0.4518927037715912,0.6808677315711975,-0.0684538334608078,0.4591633677482605,0.60291588306427,-0.08536121994256973,0.44697630405426025,0.6064843535423279,-0.0812765583395958,0.4417243003845215,0.6278649568557739,-0.07830642908811569
34,left,0.6101901531219482,0.5719338655471802,-1.4920493640602217e-07,0.5605398416519165,0.5663540959358215,-0.0052010598592460155,0.5230220556259155,0.561821699142456,-0.020042432472109795,0.4964619576931,0.5742822289466858,-0.036451589316129684,0.49160218238830566,0.5909596681594849,-0.05364641547203064,0.522404134273529,0.4817343056201935,-0.027447935193777084,0.47727468609809875,0.4743616580963135,-0.050093792378902435,0.44681060314178467,0.46557095646858215,-0.06462781876325607,0.42045557498931885,0.4543956518173218,-0.07608279585838318,0.5425072312355042,0.4836835563182831,-0.03639641031622887,0.4947483241558075,0.5571743249893188,-0.06184651702642441,0.5091511607170105,0.5875134468078613,-0.0629614070057869,0.5237623453140259,0.5829020738601685,-0.062192682176828384,0.5614081621170044,0.5047586560249329,-0.04618612304329872,0.51848304271698,0.5812389254570007,-0.06672514230012894,0.5308605432510376,0.6000054478645325,-0.05676262825727463,0.5437297224998474,0.5898717045783997,-0.04793313890695572,0.5772244930267334,0.5328754782676697,-0.05713771656155586,0.5404914021492004,0.5875508785247803,-0.07122684270143509,0.5427629947662354,0.6082375645637512,-0.06613312661647797,0.5496968030929565,0.6072961091995239,-0.060493312776088715
35,right,0.38136422634124756,0.6886810660362244,-1.427543594445524e-07,0.36061209440231323,0.644656777381897,-0.03385210037231445,0.37169256806373596,0.5850175619125366,-0.056936487555503845,0.3945980966091156,0.535668134689331,-0.06903361529111862,0.4081364572048187,0.4923264980316162,-0.08034651726484299,0.36566975712776184,0.6572965979576111,-0.1008746549487114,0.4009629487991333,0.5697950720787048,-0.12679946422576904,0.4177674353122711,0.5235857367515564,-0.12974965572357178,0.43219587206840515,0.48868227005004883,-0.13043610751628876,0.39857277274131775,0.6777281761169434,-0.08981963992118835,0.42419978976249695,0.5698180198669434,-0.11601223796606064,0.4100825786590576,0.5705153346061707,-0.10566464066505432,0.40098536014556885,0.5942544341087341,-0.09722091257572174,0.4278118312358856,0.6829861402511597,-0.07760543376207352,0.4446946978569031,0.5822164416313171,-0.09913729876279831,0.42900151014328003,0.5877125859260559,-0.08434533327817917,0.42212384939193726,0.6119083762168884,-0.07295402884483337,0.4519926905632019,0.6768018007278442,-0.06690356880426407,0.46035856008529663,0.5982306599617004,-0.08426475524902344,0.4475797712802887,0.6018723845481873,-0.0808129832148552,0.44197148084640503,0.6242573857307434,-0.07808008044958115
35,left,0.61031574010849,0.5761186480522156,-1.4839230288998806e-07,0.5603472590446472,0.5640398263931274,-0.004382426850497723,0.5202788710594177,0.5617038011550903,-0.018088750541210175,0.4943997859954834,0.5836371183395386,-0.03350980579853058,0.49594753980636597,0.605501115322113,-0.05009634047746658,0.5160483717918396,0.49160894751548767,-0.02413906157016754,0.4748729169368744,0.4881556034088135,-0.041595302522182465,0.4444851875305176,0.48170381784439087,-0.052480392158031464,0.4189554750919342,0.4726814329624176,-0.062153030186891556,0.536145031452179,0.49428659677505493,-0.03338494896888733,0.4936993420124054,0.5736597180366516,-0.05552074313163757,0.5046541094779968,0.5989391803741455,-0.05828982964158058,0.5177818536758423,0.5953204035758972,-0.05960233137011528,0.5571819543838501,0.5155405402183533,-0.042933594435453415,0.5174716711044312,0.595826268196106,-0.06140533462166786,0.5292097926139832,0.6073408722877502,-0.05523008480668068,0.541510820388794,0.59443199634552,-0.049546945840120316,0.5749856233596802,0.5432608127593994,-0.05337713658809662,0.53741854429245,0.5994853973388672,-0.06594491004943848,0.5406327843666077,0.6155490279197693,-0.06215117126703262,0.5489033460617065,0.611910343170166,-0.05791722983121872
36,right,0.3829711079597473,0.6905514001846313,-1.5308133072267083e-07,0.3614364266395569,0.6446788907051086,-0.0356011763215065,0.37189847230911255,0.5864418148994446,-0.06143069639801979,0.39448225498199463,0.5403752326965332,-0.07518940418958664,0.4084106981754303,0.5009911060333252,-0.08844801783561707,0.36644455790519714,0.6583477258682251,-0.1113138422369957,0.4001295566558838,0.5692566633224487,-0.13933031260967255,0.4166017174720764,0.5220543742179871,-0.14363405108451843,0.43176302313804626,0.4881472587585449,-0.144939586520195,0.39981260895729065,0.6785039305686951,-0.09880099445581436,0.42361751198768616,0.5717986822128296,-0.12280751764774323,0.40987852215766907,0.5685397386550903,-0.11010140180587769,0.4009045362472534,0.5910999178886414,-0.10141530632972717,0.4287739396095276,0.6831137537956238,-0.08484494686126709,0.4433492422103882,0.5844356417655945,-0.10497506707906723,0.4271405041217804,0.5856064558029175,-0.08959336578845978,0.41949042677879333,0.608385443687439,-0.07898572087287903,0.45286989212036133,0.676713764667511,-0.07234549522399902,0.46006470918655396,0.5991322994232178,-0.08914698660373688,0.4459885060787201,0.5994141101837158,-0.08500362187623978,0.4384790062904358,0.619681179523468,-0.08237890899181366
36,left,0.6091005206108093,0.5809690952301025,-1.2584096964474156e-07,0.5585129261016846,0.5695400238037109,-0.0032937140204012394,0.5173833966255188,0.5705692768096924,-0.018406454473733902,0.4923512935638428,0.5954155921936035,-0.035263027995824814,0.49475541710853577,0.6180527806282043,-0.05337480455636978,0.5147797465324402,0.4999399185180664,-0.02863328903913498,0.4723009467124939,0.5005618333816528,-0.048726532608270645,0.44337958097457886,0.49791648983955383,-0.05986088141798973,0.4188569486141205,0.4911518096923828,-0.06914038956165314,0.536294162273407,0.5050790905952454,-0.03872654214501381,0.49008119106292725,0.5880375504493713,-0.06303802877664566,0.5045583844184875,0.6131499409675598,-0.06394661217927933,0.5187805891036987,0.6048288345336914,-0.06359465420246124,0.5573316216468811,0.527344822883606,-0.049023956060409546,0.5153139233589172,0.6088337302207947,-0.06906286627054214,0.528628408908844,0.6208348274230957,-0.060483306646347046,0.540695071220398,0.6047249436378479,-0.05285535752773285,0.5750839114189148,0.5543187856674194,-0.0599881187081337,0.5370217561721802,0.6096721291542053,-0.07342824339866638,0.5406899452209473,0.6252842545509338,-0.06870603561401367,0.5482725501060486,0.6193534731864929,-0.0636591762304306
