1,right,0,0,0,0,0,0,0,0,0,0,0,0,0,0,0,0,0,0,0,0,0,0,0,0,0,0,0,0,0,0,0,0,0,0,0,0,0,0,0,0,0,0,0,0,0,0,0,0,0,0,0,0,0,0,0,0,0,0,0,0,0,0,0
1,left,0,0,0,0,0,0,0,0,0,0,0,0,0,0,0,0,0,0,0,0,0,0,0,0,0,0,0,0,0,0,0,0,0,0,0,0,0,0,0,0,0,0,0,0,0,0,0,0,0,0,0,0,0,0,0,0,0,0,0,0,0,0,0
2,right,0,0,0,0,0,0,0,0,0,0,0,0,0,0,0,0,0,0,0,0,0,0,0,0,0,0,0,0,0,0,0,0,0,0,0,0,0,0,0,0,0,0,0,0,0,0,0,0,0,0,0,0,0,0,0,0,0,0,0,0,0,0,0
2,left,0,0,0,0,0,0,0,0,0,0,0,0,0,0,0,0,0,0,0,0,0,0,0,0,0,0,0,0,0,0,0,0,0,0,0,0,0,0,0,0,0,0,0,0,0,0,0,0,0,0,0,0,0,0,0,0,0,0,0,0,0,0,0
3,right,0,0,0,0,0,0,0,0,0,0,0,0,0,0,0,0,0,0,0,0,0,0,0,0,0,0,0,0,0,0,0,0,0,0,0,0,0,0,0,0,0,0,0,0,0,0,0,0,0,0,0,0,0,0,0,0,0,0,0,0,0,0,0
3,left,0,0,0,0,0,0,0,0,0,0,0,0,0,0,0,0,0,0,0,0,0,0,0,0,0,0,0,0,0,0,0,0,0,0,0,0,0,0,0,0,0,0,0,0,0,0,0,0,0,0,0,0,0,0,0,0,0,0,0,0,0,0,0
4,right,0,0,0,0,0,0,0,0,0,0,0,0,0,0,0,0,0,0,0,0,0,0,0,0,0,0,0,0,0,0,0,0,0,0,0,0,0,0,0,0,0,0,0,0,0,0,0,0,0,0,0,0,0,0,0,0,0,0,0,0,0,0,0
4,left,0,0,0,0,0,0,0,0,0,0,0,0,0,0,0,0,0,0,0,0,0,0,0,0,0,0,0,0,0,0,0,0,0,0,0,0,0,0,0,0,0,0,0,0,0,0,0,0,0,0,0,0,0,0,0,0,0,0,0,0,0,0,0
5,right,0.2568777799606323,0.8796101808547974,-2.8335546176094795e-07,0.2649124264717102,0.8063516616821289,-0.009112609550356865,0.29573696851730347,0.7456920146942139,-0.016650376841425896,0.32608991861343384,0.7072382569313049,-0.025548055768013,0.3535158634185791,0.6759973168373108,-0.03171608969569206,0.3834887146949768,0.7483978867530823,0.0069665564224123955,0.42169347405433655,0.7110800743103027,-0.007992962375283241,0.4078424274921417,0.7001854181289673,-0.023151692003011703,0.38736477494239807,0.7062280178070068,-0.03097563609480858,0.39404764771461487,0.7874119877815247,0.003678298555314541,0.42873644828796387,0.74809330701828,-0.0032362171914428473,0.4179202914237976,0.7382732033729553,-0.012306288816034794,0.40080320835113525,0.7412315011024475,-0.0179851446300745,0.39476215839385986,0.8286882042884827,-0.0024167948868125677,0.42974013090133667,0.7946465015411377,-0.007754368241876364,0.422579824924469,0.7810207009315491,-0.005232506897300482,0.4065280556678772,0.7774379253387451,-0.002684985985979438,0.38699889183044434,0.8716844320297241,-0.0100711053237319,0.4178369641304016,0.8417050242424011,-0.012294942513108253,0.41830599308013916,0.8264856934547424,-0.005828334484249353,0.41106200218200684,0.8188219666481018,0.0006805112934671342
5,left,0.583210825920105,0.8094527125358582,-2.5231031486327993e-08,0.5529282689094543,0.7550987601280212,0.000882952066604048,0.5046184659004211,0.7279470562934875,-0.005649314261972904,0.46367037296295166,0.7338920831680298,-0.012727560475468636,0.43812310695648193,0.7595356106758118,-0.02135508321225643,0.4874953627586365,0.703351616859436,-0.022658653557300568,0.4291471242904663,0.7083411812782288,-0.036831267178058624,0.40204352140426636,0.7226176261901855,-0.04540770873427391,0.3861801326274872,0.7350223064422607,-0.050326138734817505,0.48989003896713257,0.7383450865745544,-0.030622677877545357,0.42784950137138367,0.7521475553512573,-0.04093321040272713,0.4042789041996002,0.771259069442749,-0.044782985001802444,0.3899710774421692,0.7844589352607727,-0.048394836485385895,0.49612677097320557,0.7796652317047119,-0.037005823105573654,0.44129082560539246,0.7982589602470398,-0.04678192362189293,0.4507808983325958,0.8058926463127136,-0.04116806760430336,0.46656540036201477,0.8068191409111023,-0.03686530515551567,0.5038079619407654,0.8230741620063782,-0.04302769526839256,0.46760424971580505,0.8350421190261841,-0.05165543407201767,0.47922149300575256,0.8358355164527893,-0.045495837926864624,0.4944455027580261,0.8337908983230591,-0.039429936558008194
6,right,0.28334012627601624,0.8132072687149048,3.8705064753230545e-07,0.29062578082084656,0.7463518977165222,-0.010739660821855068,0.32187649607658386,0.6762042045593262,-0.022677253931760788,0.3578712046146393,0.628980815410614,-0.03206614404916763,0.3835435211658478,0.5892634391784668,-0.04128597676753998,0.3183495104312897,0.6973177790641785,-0.04806647077202797,0.38153699040412903,0.6553956866264343,-0.06751161068677902,0.419798880815506,0.6347543001174927,-0.07435940951108932,0.4498342275619507,0.6198866963386536,-0.07691455632448196,0.32679063081741333,0.7396557927131653,-0.05245436355471611,0.3979029953479767,0.6963077783584595,-0.06972695142030716,0.43951451778411865,0.6720277070999146,-0.07326071709394455,0.46933701634407043,0.6548190712928772,-0.07550770044326782,0.3379856050014496,0.7815551161766052,-0.05568313226103783,0.40744349360466003,0.7415768504142761,-0.06999097019433975,0.44663769006729126,0.7154356837272644,-0.07240144908428192,0.472250759601593,0.6934398412704468,-0.07350260764360428,0.3511888384819031,0.8199267983436584,-0.05892259627580643,0.4064194858074188,0.7855590581893921,-0.07031478732824326,0.4354516863822937,0.7631503939628601,-0.07193999737501144,0.4543033540248871,0.7424401640892029,-0.07242345809936523
6,left,0.5443732142448425,0.7509261965751648,-6.879966463202436e-08,0.5091395974159241,0.6892700791358948,0.005640846211463213,0.4615405201911926,0.6519414186477661,0.006255741231143475,0.4217192232608795,0.6437786817550659,0.004847333300858736,0.3885263204574585,0.6452648639678955,0.0020949903409928083,0.4420265555381775,0.6391770839691162,0.002389751374721527,0.39174342155456543,0.6455470323562622,-0.006963204126805067,0.36274033784866333,0.6599032282829285,-0.015828954055905342,0.34263795614242554,0.6725671291351318,-0.02184695191681385,0.44104358553886414,0.6702445149421692,-0.005425887648016214,0.39029496908187866,0.6779872179031372,-0.010589228011667728,0.360537052154541,0.6921636462211609,-0.017028551548719406,0.3382408022880554,0.7067715525627136,-0.023251255974173546,0.44277799129486084,0.709000825881958,-0.01325969584286213,0.3916955888271332,0.7178150415420532,-0.018707942217588425,0.3631354570388794,0.7339157462120056,-0.0199980977922678,0.3410577178001404,0.7482436299324036,-0.021921485662460327,0.4459545314311981,0.7512099146842957,-0.020621098577976227,0.40044736862182617,0.7576980590820312,-0.02715459279716015,0.3750767707824707,0.7648654580116272,-0.027041397988796234,0.35378533601760864,0.7740209698677063,-0.026497559621930122
7,right,0.3224447965621948,0.7599155902862549,3.124107479379745e-07,0.3252883851528168,0.6891348958015442,-0.0052795191295444965,0.34849822521209717,0.6233592629432678,-0.013851788826286793,0.3778197169303894,0.5750578045845032,-0.020740395411849022,0.39983245730400085,0.5387705564498901,-0.027745584025979042,0.3687002956867218,0.6388963460922241,-0.035665832459926605,0.42587900161743164,0.5898115634918213,-0.050009194761514664,0.45833250880241394,0.5640142560005188,-0.05488736182451248,0.4825713038444519,0.5449942350387573,-0.05633196607232094,0.3864282965660095,0.672542154788971,-0.04006991535425186,0.4503518044948578,0.6220227479934692,-0.05138397589325905,0.48687177896499634,0.5925799608230591,-0.05411931127309799,0.5116202235221863,0.571428656578064,-0.056026287376880646,0.40147316455841064,0.7072044610977173,-0.04307453706860542,0.4620545208454132,0.6628860235214233,-0.05215071141719818,0.49621284008026123,0.6346191167831421,-0.054007891565561295,0.5191347599029541,0.613027036190033,-0.05513777211308479,0.4137580692768097,0.7391870021820068,-0.045742809772491455,0.4622833728790283,0.703689455986023,-0.05265225097537041,0.4889039695262909,0.679351270198822,-0.05313723161816597,0.508571445941925,0.6582942605018616,-0.05286087095737457
7,left,0.5264691114425659,0.718564510345459,2.266621379476419e-07,0.4958108067512512,0.6625945568084717,-0.003818621626123786,0.4599144756793976,0.6286630630493164,-0.006582491099834442,0.4270836114883423,0.611250638961792,-0.008919156156480312,0.40035006403923035,0.6003564596176147,-0.012061170302331448,0.44518595933914185,0.636134922504425,-0.003965745680034161,0.4072350859642029,0.6219583749771118,-0.014439103193581104,0.3840755820274353,0.6137040853500366,-0.023692594841122627,0.3679397702217102,0.604297399520874,-0.029423456639051437,0.4418812096118927,0.6605391502380371,-0.00505015067756176,0.40615808963775635,0.6407142281532288,-0.015108289197087288,0.3785277307033539,0.6302284002304077,-0.024372750893235207,0.358265221118927,0.6202510595321655,-0.031263504177331924,0.4396606385707855,0.6861949563026428,-0.006398227997124195,0.4040582776069641,0.6653786301612854,-0.014835420064628124,0.3791351914405823,0.6546801328659058,-0.017958948388695717,0.3634522557258606,0.645718514919281,-0.019588952884078026,0.4378862679004669,0.7134532332420349,-0.00791892223060131,0.4081408381462097,0.6939211487770081,-0.014843448996543884,0.3899594843387604,0.682052493095398,-0.01565347984433174,0.3745548725128174,0.6736987829208374,-0.015281814150512218
8,right,0.3510851562023163,0.7288283705711365,1.4718777663347282e-07,0.35027939081192017,0.6593279838562012,-0.0007134086336009204,0.36589229106903076,0.6000984907150269,-0.003823616076260805,0.38672053813934326,0.557256281375885,-0.0073628053069114685,0.40178418159484863,0.5228239297866821,-0.010828850790858269,0.4107424318790436,0.6053692698478699,-0.007920213043689728,0.4519914388656616,0.5630795359611511,-0.015021394938230515,0.47572338581085205,0.542443037033081,-0.01918123848736286,0.4931809902191162,0.5286703109741211,-0.02116905152797699,0.4303879141807556,0.6338158845901489,-0.013453121297061443,0.47935014963150024,0.5896868109703064,-0.017814073711633682,0.5069037675857544,0.5662118792533875,-0.020788002759218216,0.5259566307067871,0.551014244556427,-0.023056797683238983,0.4428804814815521,0.6653353571891785,-0.019024459645152092,0.49049872159957886,0.6273646354675293,-0.023747596889734268,0.516328752040863,0.6055166125297546,-0.025708205997943878,0.5337086915969849,0.5895274877548218,-0.027132274582982063,0.44933074712753296,0.6983049511909485,-0.024435164406895638,0.4882831275463104,0.6739771366119385,-0.027761824429035187,0.5104466080665588,0.6575483083724976,-0.02675030007958412,0.5273290276527405,0.6430037021636963,-0.025533845648169518
8,left,0.5440813899040222,0.717036247253418,2.2818349521003256e-07,0.5201915502548218,0.6563212871551514,-0.0036444964352995157,0.4820566773414612,0.6130555868148804,-0.006096399389207363,0.450602263212204,0.5939500331878662,-0.009231466799974442,0.42180928587913513,0.5821506977081299,-0.012929648160934448,0.45802009105682373,0.6287553310394287,-0.0038042105734348297,0.4183288812637329,0.6169329881668091,-0.017477862536907196,0.3882807195186615,0.6073610186576843,-0.02889770083129406,0.36277657747268677,0.5988617539405823,-0.03632695600390434,0.450920969247818,0.6553858518600464,-0.008108564652502537,0.4106317162513733,0.6385506391525269,-0.021191304549574852,0.3771662414073944,0.6295198798179626,-0.03182702511548996,0.34646278619766235,0.6197668313980103,-0.03865180164575577,0.44555050134658813,0.6838815212249756,-0.01313037145882845,0.4063735902309418,0.6669676899909973,-0.024967174977064133,0.3766138553619385,0.6569774150848389,-0.02935100719332695,0.3490965962409973,0.6465438604354858,-0.03112088516354561,0.4436373710632324,0.713348925113678,-0.018642842769622803,0.4102722704410553,0.6995828151702881,-0.027757544070482254,0.3862747550010681,0.6876649260520935,-0.02899710088968277,0.36393672227859497,0.6759786009788513,-0.028584100306034088
9,right,0.36284974217414856,0.7203118801116943,2.453201375374192e-07,0.3645809590816498,0.6542891263961792,-0.0002502675633877516,0.37829405069351196,0.5984678268432617,-0.0030813543125987053,0.393942266702652,0.5618872046470642,-0.006208773702383041,0.40666547417640686,0.5344797372817993,-0.00936255231499672,0.4273662865161896,0.6028405427932739,-0.009303159080445766,0.4744699001312256,0.5688615441322327,-0.014368998818099499,0.49989479780197144,0.5548150539398193,-0.01675877720117569,0.5180240869522095,0.5455877184867859,-0.017542021349072456,0.44389820098876953,0.6317465901374817,-0.013641677796840668,0.49504876136779785,0.5953705310821533,-0.016209881752729416,0.5213843584060669,0.577260434627533,-0.01698550395667553,0.5380840301513672,0.5658054351806641,-0.017632344737648964,0.4546189308166504,0.6639977693557739,-0.017799319699406624,0.5031666159629822,0.6306120753288269,-0.019046930596232414,0.5284210443496704,0.6123348474502563,-0.019201166927814484,0.5453975796699524,0.599439263343811,-0.01991594396531582,0.46015238761901855,0.6974965333938599,-0.021934393793344498,0.4989020526409149,0.6728193163871765,-0.023234490305185318,0.5208139419555664,0.6582038402557373,-0.021601632237434387,0.5377144813537598,0.6457288265228271,-0.019945597276091576
9,left,0.5346882343292236,0.7273446321487427,3.583798786621628e-07,0.5219186544418335,0.6650218367576599,-0.009471532888710499,0.498299241065979,0.6112502217292786,-0.015572278760373592,0.47668755054473877,0.581719160079956,-0.02103096805512905,0.4523633122444153,0.5618692636489868,-0.026491429656744003,0.4570674002170563,0.6251229643821716,-0.009815661236643791,0.4166625738143921,0.6044408082962036,-0.02327561005949974,0.3864101469516754,0.5869168639183044,-0.03379613161087036,0.3614960312843323,0.5723161697387695,-0.040302980691194534,0.4431104063987732,0.6539985537528992,-0.010707498528063297,0.40107545256614685,0.6302194595336914,-0.023443354293704033,0.3685210347175598,0.6120340824127197,-0.03270172327756882,0.3408852815628052,0.5949899554252625,-0.03861013054847717,0.43263471126556396,0.6843708157539368,-0.01258884184062481,0.3938986361026764,0.6587652564048767,-0.02359214425086975,0.3661980628967285,0.6389822959899902,-0.02747449465095997,0.34229108691215515,0.6211661100387573,-0.028992662206292152,0.42719489336013794,0.7158551812171936,-0.015407532453536987,0.3931151032447815,0.6972355842590332,-0.023687858134508133,0.37137284874916077,0.6802574992179871,-0.02450508065521717,0.3532576560974121,0.6652433276176453,-0.023842113092541695
10,right,0.3677945137023926,0.7181692123413086,1.9633478132163873e-07,0.36802536249160767,0.6546474099159241,0.00046296510845422745,0.3794669508934021,0.600558876991272,-0.0029345937073230743,0.39514756202697754,0.5644428133964539,-0.006271041464060545,0.41092026233673096,0.5411359071731567,-0.009702086448669434,0.42823517322540283,0.6059274673461914,-0.014188003726303577,0.4765128791332245,0.5689640641212463,-0.02026761882007122,0.5007184743881226,0.5523597002029419,-0.021784033626317978,0.517346978187561,0.5416777729988098,-0.021433096379041672,0.44527167081832886,0.6350014209747314,-0.0185895636677742,0.49837273359298706,0.5932372212409973,-0.02196870930492878,0.5237403512001038,0.574432909488678,-0.021215353161096573,0.5385841131210327,0.5635617971420288,-0.020498670637607574,0.456354022026062,0.6670824289321899,-0.02233973890542984,0.5066214799880981,0.6282010078430176,-0.024608323350548744,0.5291881561279297,0.6106413006782532,-0.023357106372714043,0.541509211063385,0.5992195010185242,-0.022594094276428223,0.4622129499912262,0.7004224061965942,-0.025804057717323303,0.502275824546814,0.6720731258392334,-0.027887873351573944,0.522663414478302,0.6575027704238892,-0.02575334720313549,0.5362246632575989,0.6452962160110474,-0.02340644970536232
10,left,0.5321738123893738,0.7265336513519287,2.5222547606063017e-07,0.4970330595970154,0.6988258957862854,-0.0075105782598257065,0.46479299664497375,0.6639396548271179,-0.012178715318441391,0.4406956732273102,0.6366301774978638,-0.015410062856972218,0.419216513633728,0.614104688167572,-0.017915736883878708,0.44088202714920044,0.6566030979156494,-0.011585860513150692,0.39942628145217896,0.6333605647087097,-0.024382246658205986,0.3697626292705536,0.6161685585975647,-0.033584222197532654,0.34519660472869873,0.599860668182373,-0.039434369653463364,0.4389868378639221,0.6573129892349243,-0.012181759811937809,0.3997352123260498,0.6261960864067078,-0.027438819408416748,0.3692723512649536,0.6021587252616882,-0.037280552089214325,0.34474414587020874,0.5783541798591614,-0.043278295546770096,0.44094130396842957,0.6599692106246948,-0.013116343878209591,0.40696752071380615,0.6248534321784973,-0.025586862117052078,0.3813071548938751,0.5978003740310669,-0.029318682849407196,0.35991746187210083,0.5743476748466492,-0.03032342903316021,0.4464438855648041,0.6644103527069092,-0.014687146991491318,0.417162150144577,0.6361903548240662,-0.023959282785654068,0.39798474311828613,0.6132261753082275,-0.025252055376768112,0.38072413206100464,0.59498530626297,-0.02494111843407154
11,right,0.3703256845474243,0.7173433303833008,1.736300987431605e-07,0.3698256313800812,0.6538873314857483,0.00019038340542465448,0.38053861260414124,0.598622739315033,-0.0034444795455783606,0.39652368426322937,0.5622474551200867,-0.007170826196670532,0.41326019167900085,0.5388195514678955,-0.010902898386120796,0.4296172857284546,0.6061050295829773,-0.013514550402760506,0.47725018858909607,0.5697502493858337,-0.020069260150194168,0.5005971789360046,0.5533028244972229,-0.02209896594285965,0.5162299871444702,0.5423930287361145,-0.02216731570661068,0.44627177715301514,0.635248601436615,-0.01823616400361061,0.4986373484134674,0.5941952466964722,-0.021993987262248993,0.523727297782898,0.5756955742835999,-0.02182954177260399,0.538394033908844,0.564636766910553,-0.02156224474310875,0.4570348560810089,0.667384922504425,-0.022451648488640785,0.5063564777374268,0.6288407444953918,-0.025129975751042366,0.5288646817207336,0.6119768619537354,-0.02416824921965599,0.5414204597473145,0.6004172563552856,-0.02366357482969761,0.46266135573387146,0.701312780380249,-0.02642405778169632,0.5012972950935364,0.6738607883453369,-0.029094578698277473,0.5213656425476074,0.6585227251052856,-0.027263004332780838,0.5349995493888855,0.6451387405395508,-0.025113385170698166
11,left,0.5346236824989319,0.725511372089386,2.3544509986095363e-07,0.4893946349620819,0.7107475399971008,-0.00570988655090332,0.45117223262786865,0.6830922961235046,-0.0099498201161623,0.4256070554256439,0.657397449016571,-0.013120785355567932,0.40464654564857483,0.6343348622322083,-0.015569505281746387,0.43924078345298767,0.659744918346405,-0.010968847200274467,0.4008620083332062,0.6341149806976318,-0.02356262505054474,0.37191858887672424,0.6169522404670715,-0.03274129331111908,0.34759750962257385,0.6002000570297241,-0.038797687739133835,0.44138726592063904,0.6529691219329834,-0.012649518437683582,0.4040008783340454,0.6214177012443542,-0.028127098456025124,0.37219399213790894,0.5993025302886963,-0.03769883140921593,0.34644776582717896,0.5768493413925171,-0.04345966503024101,0.4478614330291748,0.6484283804893494,-0.014443541876971722,0.41278186440467834,0.6159892082214355,-0.026668904349207878,0.38406866788864136,0.5936514735221863,-0.029521483927965164,0.35993850231170654,0.5739527940750122,-0.029974788427352905,0.4583183526992798,0.6461390852928162,-0.016806574538350105,0.4286375343799591,0.6205909848213196,-0.025068461894989014,0.40874969959259033,0.6009074449539185,-0.02505936473608017,0.39096158742904663,0.5854017734527588,-0.023971104994416237
12,right,0.3714841604232788,0.7182775139808655,1.8537349433245254e-07,0.370439350605011,0.6549668908119202,-0.00022019995958544314,0.38096264004707336,0.5998652577400208,-0.004086857195943594,0.39700421690940857,0.5632426738739014,-0.00786526594310999,0.4141978621482849,0.5399680733680725,-0.011626000516116619,0.43046069145202637,0.6072888374328613,-0.01446673832833767,0.47803136706352234,0.5704364776611328,-0.02085237391293049,0.501900851726532,0.553511917591095,-0.022719882428646088,0.51811683177948,0.542615532875061,-0.02265690267086029,0.44749587774276733,0.6366734504699707,-0.01888418383896351,0.49921226501464844,0.5950011610984802,-0.02235531620681286,0.5243524312973022,0.5758030414581299,-0.0219967532902956,0.538901686668396,0.5646582245826721,-0.021588455885648727,0.4585097134113312,0.6690353751182556,-0.02272389829158783,0.5073134303092957,0.6301883459091187,-0.025309890508651733,0.5299384593963623,0.612542450428009,-0.024376576766371727,0.5424796342849731,0.6007481217384338,-0.023843277245759964,0.4643454849720001,0.7026016712188721,-0.026294300332665443,0.5032398700714111,0.6747692823410034,-0.02894979529082775,0.5234432816505432,0.6595584750175476,-0.027021989226341248,0.5370676517486572,0.6466578245162964,-0.02471872605383396
12,left,0.5274596214294434,0.7052571773529053,3.3217517625416804e-07,0.5164728164672852,0.6427486538887024,-0.008242684416472912,0.4929294288158417,0.5960321426391602,-0.013929568231105804,0.4699130058288574,0.5697360038757324,-0.019002651795744896,0.44565004110336304,0.5499857068061829,-0.024409102275967598,0.4578039050102234,0.6149142384529114,-0.010418076068162918,0.4176933765411377,0.5963140726089478,-0.02285683900117874,0.3879909813404083,0.5816949605941772,-0.031888291239738464,0.3646424114704132,0.5679523944854736,-0.03759947419166565,0.4451617896556854,0.642842173576355,-0.01125725731253624,0.40411603450775146,0.6217591166496277,-0.024978669360280037,0.3712905943393707,0.6041693091392517,-0.034992337226867676,0.3439143896102905,0.5866799354553223,-0.04122895747423172,0.4354570209980011,0.6713615655899048,-0.012531601823866367,0.3962422311306,0.6512492299079895,-0.024953041225671768,0.3669823408126831,0.6374217867851257,-0.029542259871959686,0.3431301712989807,0.624471127986908,-0.031041551381349564,0.4311801493167877,0.7003148198127747,-0.01425373274832964,0.39899003505706787,0.6836687326431274,-0.024248838424682617,0.378420889377594,0.671674370765686,-0.026167316362261772,0.36018577218055725,0.6614294648170471,-0.025856133550405502
13,right,0.3710078299045563,0.7193094491958618,1.7873063029583136e-07,0.3703915476799011,0.6555640697479248,-0.0008554740925319493,0.3816984295845032,0.600760281085968,-0.00505231274291873,0.3986218571662903,0.5644984841346741,-0.009102404117584229,0.4158128499984741,0.5404983758926392,-0.013188593089580536,0.43060538172721863,0.6091055274009705,-0.014987833797931671,0.4779600203037262,0.5727202892303467,-0.021868979558348656,0.5016924142837524,0.555634081363678,-0.024388454854488373,0.5177306532859802,0.5443354845046997,-0.02482162043452263,0.447479784488678,0.6387498378753662,-0.019211335107684135,0.49873587489128113,0.5976345539093018,-0.022884439677000046,0.5237963795661926,0.5779460072517395,-0.023137178272008896,0.5382300019264221,0.5664771199226379,-0.023301975801587105,0.45827311277389526,0.6711245179176331,-0.02290666289627552,0.5063461661338806,0.6326100826263428,-0.025422343984246254,0.5288493037223816,0.6149486303329468,-0.02483612857758999,0.5412302017211914,0.6033212542533875,-0.02473287656903267,0.4639298915863037,0.7045965194702148,-0.026426777243614197,0.5017731785774231,0.677143931388855,-0.029239896684885025,0.5216254591941833,0.6611910462379456,-0.027751637622714043,0.5351909399032593,0.6475203633308411,-0.025855200365185738
13,left,0.5376083850860596,0.7109725475311279,2.9453025263137533e-07,0.5253541469573975,0.6468912959098816,-0.006725391373038292,0.5000962018966675,0.596222996711731,-0.012845526449382305,0.4757678508758545,0.5648128986358643,-0.018730832263827324,0.4507858455181122,0.5422519445419312,-0.025412507355213165,0.47305676341056824,0.617585301399231,-0.01242732908576727,0.4300113320350647,0.6002278327941895,-0.02676689811050892,0.3971042037010193,0.586408793926239,-0.03703903779387474,0.3710065484046936,0.5741561055183411,-0.04351797699928284,0.4615941643714905,0.6474361419677734,-0.015589363873004913,0.41606998443603516,0.6267521977424622,-0.030495675280690193,0.37913641333580017,0.6097803711891174,-0.04114416614174843,0.34744003415107727,0.5925395488739014,-0.04792044684290886,0.4516531229019165,0.6778123378753662,-0.019044043496251106,0.4098881185054779,0.6559905409812927,-0.03257831186056137,0.37671971321105957,0.6395114660263062,-0.03762573376297951,0.34883448481559753,0.6247113943099976,-0.03956323489546776,0.44644349813461304,0.708388090133667,-0.022840052843093872,0.41284969449043274,0.6896407604217529,-0.03395944833755493,0.38775524497032166,0.6747978329658508,-0.03649220988154411,0.36476826667785645,0.6614593863487244,-0.03667439892888069
14,right,0.37215518951416016,0.720103919506073,1.7287963771650539e-07,0.3712644577026367,0.6561046838760376,-0.0011319700861349702,0.3825768232345581,0.6010794043540955,-0.005226303357630968,0.4000933766365051,0.5654900074005127,-0.009124882519245148,0.4176309406757355,0.5425528287887573,-0.013085450045764446,0.43177345395088196,0.61041659116745,-0.01469250489026308,0.4779205918312073,0.5738231539726257,-0.021517887711524963,0.5014755725860596,0.5562671422958374,-0.024118587374687195,0.5174584984779358,0.5446954965591431,-0.024666842073202133,0.44841158390045166,0.6404575705528259,-0.018874159082770348,0.4985995888710022,0.5993229150772095,-0.022734005004167557,0.523456871509552,0.5799000263214111,-0.023218799382448196,0.5378163456916809,0.5686471462249756,-0.02353198267519474,0.45905032753944397,0.673159658908844,-0.02260538563132286,0.5066239237785339,0.6349387764930725,-0.0256081260740757,0.5292730927467346,0.6169489622116089,-0.02545628882944584,0.5418802499771118,0.6050373911857605,-0.025538314133882523,0.4646812677383423,0.7068255543708801,-0.026148485019803047,0.5029019117355347,0.6795864701271057,-0.02937595173716545,0.5229645371437073,0.6638041734695435,-0.028137080371379852,0.5367176532745361,0.6504684686660767,-0.026381218805909157
14,left,0.5323445796966553,0.7147617936134338,2.704094299588178e-07,0.5122065544128418,0.6583986282348633,-0.004919573199003935,0.4814479947090149,0.6162676215171814,-0.009695521555840969,0.4538918733596802,0.5905887484550476,-0.014209840446710587,0.42896607518196106,0.5714722871780396,-0.01956762932240963,0.4630957543849945,0.631182074546814,-0.00990598089993,0.4225412905216217,0.614665150642395,-0.02279326505959034,0.3902084231376648,0.6017556190490723,-0.03271281346678734,0.3646608591079712,0.5890558362007141,-0.03916304558515549,0.4555480182170868,0.6548805832862854,-0.013060079887509346,0.41359272599220276,0.6341212391853333,-0.02709139697253704,0.37639319896698,0.6162804961204529,-0.0382528081536293,0.3451901972293854,0.5976969599723816,-0.04560212418437004,0.44962283968925476,0.6796289682388306,-0.01608637534081936,0.410747766494751,0.6573519110679626,-0.028452765196561813,0.3781818449497223,0.6384386420249939,-0.0331583172082901,0.3518272042274475,0.6218390464782715,-0.034954432398080826,0.4479202628135681,0.7052128911018372,-0.01927318051457405,0.4160684645175934,0.6871534585952759,-0.029274189844727516,0.3924349546432495,0.671055257320404,-0.030905283987522125,0.370728462934494,0.6572734117507935,-0.030548345297574997
15,right,0.371351033449173,0.720065176486969,1.758520369321559e-07,0.3706410527229309,0.6560233235359192,-0.0014470788883045316,0.38284435868263245,0.6006760001182556,-0.005623635370284319,0.4005935788154602,0.5645251274108887,-0.0096849100664258,0.41800087690353394,0.5411495566368103,-0.013792930170893669,0.4310809075832367,0.6093015670776367,-0.014134824275970459,0.4765230119228363,0.5714499354362488,-0.02125883661210537,0.4997004568576813,0.5544112920761108,-0.02417939342558384,0.5155900716781616,0.5430164933204651,-0.025073088705539703,0.4473634958267212,0.6390402317047119,-0.018507756292819977,0.49776604771614075,0.5985701084136963,-0.02286309003829956,0.5225644111633301,0.5804108381271362,-0.023901481181383133,0.536930501461029,0.5697833895683289,-0.024506406858563423,0.4576928913593292,0.6719257831573486,-0.022573770955204964,0.5057147145271301,0.6340065002441406,-0.02579684928059578,0.5283873081207275,0.6172254681587219,-0.025907179340720177,0.5412852764129639,0.6059690713882446,-0.026155343279242516,0.4631401598453522,0.7061212062835693,-0.02654227428138256,0.5009941458702087,0.6796188950538635,-0.030128030106425285,0.5211989283561707,0.6636011600494385,-0.029335370287299156,0.5354063510894775,0.6498772501945496,-0.02789289318025112
15,left,0.5381559729576111,0.7275375127792358,3.3810863442340633e-07,0.5210939645767212,0.666427493095398,-0.005749560426920652,0.49394676089286804,0.6152252554893494,-0.010514440014958382,0.4713554382324219,0.5854352116584778,-0.015103930607438087,0.4481408894062042,0.5640314817428589,-0.020188096910715103,0.4673303961753845,0.634168803691864,-0.0085602393373847,0.42409810423851013,0.6122724413871765,-0.021729687228798866,0.3921506106853485,0.5930613875389099,-0.031755320727825165,0.3668263256549835,0.5751555562019348,-0.03798961639404297,0.45618972182273865,0.6598786115646362,-0.011124417185783386,0.4115447402000427,0.6343991756439209,-0.024523848667740822,0.3762558102607727,0.6128590106964111,-0.0348736010491848,0.34688758850097656,0.590472936630249,-0.04142089560627937,0.4479224979877472,0.6847727298736572,-0.01397165097296238,0.4080345928668976,0.6569443941116333,-0.02527661807835102,0.37764137983322144,0.6337253451347351,-0.029463734477758408,0.35222384333610535,0.6121206879615784,-0.03104596957564354,0.4444412589073181,0.70875084400177,-0.017319945618510246,0.4115195572376251,0.6857264637947083,-0.02588575705885887,0.3894728422164917,0.6650446653366089,-0.026839520782232285,0.3695562481880188,0.6465434432029724,-0.02623172290623188
16,right,0.37155771255493164,0.7190729975700378,1.8122392475561355e-07,0.37038639187812805,0.6548833847045898,-0.0013995097251608968,0.38210856914520264,0.6003614664077759,-0.005977417808026075,0.4004213809967041,0.5647005438804626,-0.010286490432918072,0.41893264651298523,0.541225254535675,-0.014604822732508183,0.43123969435691833,0.6089224219322205,-0.015598846599459648,0.47757795453071594,0.5713809728622437,-0.02268552966415882,0.5007489323616028,0.5544852018356323,-0.0252117607742548,0.516349196434021,0.5434496998786926,-0.02563394047319889,0.4478342533111572,0.6394357681274414,-0.019712476059794426,0.4989171028137207,0.5981257557868958,-0.023797331377863884,0.5232211947441101,0.5799840092658997,-0.023935986682772636,0.5366517305374146,0.5697789788246155,-0.023812854662537575,0.45838502049446106,0.6726617813110352,-0.023362670093774796,0.5072973966598511,0.6341803073883057,-0.02623402327299118,0.5294232368469238,0.6171516180038452,-0.025328615680336952,0.5412527918815613,0.6057987213134766,-0.024814454838633537,0.46392902731895447,0.7070514559745789,-0.026865048334002495,0.502709150314331,0.6795634627342224,-0.029881861060857773,0.522455096244812,0.6639977097511292,-0.028073446825146675,0.5355669856071472,0.6507394313812256,-0.025800419971346855
16,left,0.5268542766571045,0.7096874713897705,2.0606729833616555e-07,0.5083498358726501,0.6549464464187622,-0.0062899840995669365,0.48152032494544983,0.6083373427391052,-0.011848649010062218,0.45843377709388733,0.5760554671287537,-0.01719774305820465,0.4368455111980438,0.5523356795310974,-0.023445874452590942,0.46088889241218567,0.6274614334106445,-0.00946557056158781,0.4213581681251526,0.6123782992362976,-0.022003615275025368,0.3902541697025299,0.6010820865631104,-0.03196890279650688,0.3662957549095154,0.5899330377578735,-0.038613952696323395,0.4536627233028412,0.6507997512817383,-0.01217624731361866,0.41040509939193726,0.631135106086731,-0.02460378222167492,0.3734157681465149,0.6129840016365051,-0.035099465399980545,0.34267890453338623,0.5955929756164551,-0.04250434786081314,0.4484091103076935,0.6734066009521484,-0.015089701861143112,0.40796953439712524,0.6523442268371582,-0.026783639565110207,0.37655916810035706,0.6350793242454529,-0.031430043280124664,0.3512952923774719,0.6201652884483337,-0.03349979221820831,0.447635680437088,0.6957688331604004,-0.01837066188454628,0.4156699478626251,0.6787170767784119,-0.02854253351688385,0.39205461740493774,0.6659164428710938,-0.030556095764040947,0.37054428458213806,0.6553955078125,-0.030617179349064827
17,right,0.37179887294769287,0.7202088832855225,1.6809475766876858e-07,0.3711150288581848,0.65645831823349,-0.0008518436225131154,0.38290008902549744,0.6015352010726929,-0.005016752984374762,0.40033894777297974,0.5654126405715942,-0.009091225452721119,0.41706758737564087,0.5413879752159119,-0.013342500664293766,0.4311767518520355,0.6106029748916626,-0.014973767101764679,0.47712260484695435,0.572653591632843,-0.022119633853435516,0.5003290772438049,0.5550447702407837,-0.024806002154946327,0.5160200595855713,0.5430654287338257,-0.025430837646126747,0.4474985897541046,0.6405863165855408,-0.01950921304523945,0.498413622379303,0.5993888974189758,-0.024039285257458687,0.5230626463890076,0.5809352993965149,-0.024755198508501053,0.5370362997055054,0.5703110694885254,-0.02503141760826111,0.4578801691532135,0.673435389995575,-0.023569365963339806,0.5065351724624634,0.6350357532501221,-0.026929687708616257,0.5290054082870483,0.6177982687950134,-0.026757599785923958,0.541404128074646,0.6062660813331604,-0.026717396453022957,0.46333765983581543,0.707653820514679,-0.0274148378521204,0.5017430186271667,0.6804864406585693,-0.03096708096563816,0.5219184160232544,0.6640955209732056,-0.029912352561950684,0.5357768535614014,0.649930477142334,-0.02823491208255291
17,left,0.5350499153137207,0.7169981002807617,3.5347437687960337e-07,0.5216995477676392,0.6521398425102234,-0.008216554298996925,0.497539222240448,0.5995521545410156,-0.014543255791068077,0.47560614347457886,0.5676779747009277,-0.020230406895279884,0.4514524042606354,0.5459581017494202,-0.02637297660112381,0.4628473222255707,0.6259380578994751,-0.01147507969290018,0.42154553532600403,0.6072176694869995,-0.025241650640964508,0.39181196689605713,0.5893570184707642,-0.03546900302171707,0.3688238859176636,0.5720601081848145,-0.04173174500465393,0.45044443011283875,0.6555705666542053,-0.012826542370021343,0.40830564498901367,0.6341025233268738,-0.02710237167775631,0.37514686584472656,0.6144440770149231,-0.037402186542749405,0.3475457727909088,0.5941370129585266,-0.04380923509597778,0.44146305322647095,0.6840748190879822,-0.014704077504575253,0.4028392434120178,0.6603419184684753,-0.026971112936735153,0.37363293766975403,0.6409909129142761,-0.03165953606367111,0.3492482900619507,0.6223335266113281,-0.0334525965154171,0.43773984909057617,0.7116612195968628,-0.017161797732114792,0.4052320718765259,0.6917388439178467,-0.02666267566382885,0.3836915194988251,0.6750856041908264,-0.028441298753023148,0.36494123935699463,0.6594945788383484,-0.028272738680243492
18,right,0.37161415815353394,0.7200999855995178,1.7452721579047648e-07,0.3710094094276428,0.6562149524688721,-0.001275848364457488,0.3829614818096161,0.6015378832817078,-0.005797120276838541,0.4007188081741333,0.5653890371322632,-0.010128929279744625,0.4186297655105591,0.5419009923934937,-0.014514529146254063,0.4312078654766083,0.6107957363128662,-0.015517388470470905,0.4774770140647888,0.5723341703414917,-0.022835485637187958,0.5006792545318604,0.5548146963119507,-0.025588952004909515,0.5162714123725891,0.54308021068573,-0.02620798349380493,0.4477827847003937,0.6409378051757812,-0.019779834896326065,0.4986124634742737,0.5992546677589417,-0.024134892970323563,0.5229830741882324,0.580637514591217,-0.024745533242821693,0.5366114377975464,0.5698553323745728,-0.02498573437333107,0.4584199786186218,0.6740117073059082,-0.0235538762062788,0.5070615410804749,0.6353886723518372,-0.026687348261475563,0.5292388796806335,0.6182845830917358,-0.026137467473745346,0.5412061810493469,0.6069202423095703,-0.025867482647299767,0.4639918804168701,0.7082600593566895,-0.02716081216931343,0.502373456954956,0.6809239983558655,-0.03051949292421341,0.5222781300544739,0.6648749113082886,-0.029080990701913834,0.5357173085212708,0.6510371565818787,-0.027071597054600716
18,left,0.5371668338775635,0.7295918464660645,3.659834533209505e-07,0.5192283987998962,0.6722278594970703,-0.009220859035849571,0.49224528670310974,0.6230940818786621,-0.015298295766115189,0.4696510434150696,0.5951205492019653,-0.020022712647914886,0.4467407763004303,0.5742093324661255,-0.02476690523326397,0.459524929523468,0.6404173970222473,-0.013052750378847122,0.4175528287887573,0.618637204170227,-0.027070170268416405,0.3874925971031189,0.5989071726799011,-0.0376422181725502,0.3640426695346832,0.5807653665542603,-0.04400050640106201,0.44829708337783813,0.6642428040504456,-0.012904717586934566,0.4058399796485901,0.6360683441162109,-0.027074089273810387,0.37365174293518066,0.6119217872619629,-0.037126123905181885,0.34847286343574524,0.5877246856689453,-0.04346318542957306,0.4408467411994934,0.6877741813659668,-0.013224401511251926,0.40187448263168335,0.6575377583503723,-0.023677019402384758,0.3742535412311554,0.6321057081222534,-0.027124542742967606,0.3526843190193176,0.6087322235107422,-0.028439229354262352,0.43808022141456604,0.7106165885925293,-0.014351898804306984,0.4052756130695343,0.6864863634109497,-0.021790271624922752,0.3848526179790497,0.664879322052002,-0.022538376972079277,0.36830681562423706,0.6465563774108887,-0.022046690806746483
19,right,0.37106019258499146,0.7198257446289062,1.713732160624204e-07,0.3707618713378906,0.6556947827339172,-0.0011759200133383274,0.38302990794181824,0.6005948185920715,-0.005279068369418383,0.4007539749145508,0.5641360878944397,-0.009319276548922062,0.41823530197143555,0.5403080582618713,-0.013454779982566833,0.43135935068130493,0.6095945835113525,-0.013813505880534649,0.4766104519367218,0.5717417597770691,-0.020740533247590065,0.4996061623096466,0.5545138120651245,-0.02351381629705429,0.5154802799224854,0.5427936315536499,-0.024335118010640144,0.4477905035018921,0.6394554376602173,-0.01822553388774395,0.4982088804244995,0.5990262031555176,-0.022304315119981766,0.5227794051170349,0.5806677341461182,-0.02313041314482689,0.5369516611099243,0.5699255466461182,-0.02362031862139702,0.4580584168434143,0.6724509596824646,-0.022300463169813156,0.5062020421028137,0.6344881653785706,-0.02532198838889599,0.528628408908844,0.6174864172935486,-0.025199390947818756,0.5411514043807983,0.6059812307357788,-0.02531692385673523,0.46331652998924255,0.7068299651145935,-0.02625337801873684,0.5012994408607483,0.6802287101745605,-0.02959189936518669,0.5212984085083008,0.664227306842804,-0.028530379757285118,0.535144031047821,0.6504020094871521,-0.0269145630300045
19,left,0.5119757056236267,0.6974058747291565,2.9941580237391463e-07,0.5020018815994263,0.6483868360519409,-0.009884716011583805,0.48009181022644043,0.6084941029548645,-0.016303153708577156,0.4602137506008148,0.5852630734443665,-0.021955179050564766,0.4396427869796753,0.5679152011871338,-0.027873583137989044,0.44348007440567017,0.6194028258323669,-0.008455917239189148,0.4076104164123535,0.6032997965812683,-0.018719704821705818,0.38057059049606323,0.5918252468109131,-0.026602763682603836,0.360126256942749,0.580872118473053,-0.031749751418828964,0.43174290657043457,0.642342209815979,-0.007958857342600822,0.3950033187866211,0.6222182512283325,-0.017829276621341705,0.3670465350151062,0.6058167219161987,-0.024942860007286072,0.3446688652038574,0.5886027812957764,-0.02944057621061802,0.4223076105117798,0.6661722660064697,-0.008573617786169052,0.38668790459632874,0.6457759141921997,-0.016759328544139862,0.3624228835105896,0.631476879119873,-0.018895786255598068,0.34400323033332825,0.6176646947860718,-0.019421594217419624,0.4176330864429474,0.6918453574180603,-0.010213445872068405,0.38863781094551086,0.6740439534187317,-0.01655133254826069,0.3714359700679779,0.661354124546051,-0.016568336635828018,0.3577619194984436,0.6504346132278442,-0.015478049404919147
20,right,0.37182843685150146,0.7199168801307678,1.7409308838978177e-07,0.3715401291847229,0.6559522747993469,-0.0006263271789066494,0.3829468786716461,0.6013826727867126,-0.005185116548091173,0.39993059635162354,0.5651988387107849,-0.009640793316066265,0.41766583919525146,0.5418664216995239,-0.014189702458679676,0.4313754439353943,0.6108274459838867,-0.015751022845506668,0.47797125577926636,0.5722466707229614,-0.022881612181663513,0.501090407371521,0.5548965930938721,-0.025329086929559708,0.5165326595306396,0.5433474779129028,-0.025622695684432983,0.44776904582977295,0.6411979794502258,-0.020188024267554283,0.4991436302661896,0.5989905595779419,-0.024351391941308975,0.5233615636825562,0.5804686546325684,-0.024498263373970985,0.5365383625030518,0.5699247717857361,-0.024363748729228973,0.45832568407058716,0.6742334961891174,-0.024026641622185707,0.5076208114624023,0.6352534294128418,-0.026882681995630264,0.5295763611793518,0.6182589530944824,-0.02600492723286152,0.540945827960968,0.6070915460586548,-0.025479817762970924,0.46394285559654236,0.7082427144050598,-0.02761441096663475,0.5030949115753174,0.6802471876144409,-0.03061269037425518,0.5229218602180481,0.6643948554992676,-0.02882334031164646,0.5358313918113708,0.650733232498169,-0.026550235226750374
20,left,0.5226690173149109,0.712089478969574,3.65213253417096e-07,0.5100260972976685,0.6540623903274536,-0.008539392612874508,0.4853304922580719,0.6071501970291138,-0.015218659304082394,0.46460455656051636,0.5814021229743958,-0.02110573649406433,0.44310784339904785,0.5622681379318237,-0.02720361202955246,0.44990432262420654,0.627628743648529,-0.01137853879481554,0.4113728404045105,0.6105440258979797,-0.02462315745651722,0.3848555386066437,0.5926612615585327,-0.03455372899770737,0.36485201120376587,0.5746596455574036,-0.04040931165218353,0.43782711029052734,0.6551124453544617,-0.012117353267967701,0.3989608883857727,0.6319073438644409,-0.024738773703575134,0.370276540517807,0.6101597547531128,-0.033360641449689865,0.3484938442707062,0.5879468321800232,-0.03854316845536232,0.4289375841617584,0.6824139952659607,-0.013582302257418633,0.391986608505249,0.65809166431427,-0.02295091189444065,0.3665633201599121,0.6373587846755981,-0.024929353967308998,0.3468852639198303,0.6171098351478577,-0.025203077122569084,0.4251610040664673,0.7093671560287476,-0.01594262756407261,0.392943799495697,0.6890700459480286,-0.02224726974964142,0.3736431300640106,0.6719656586647034,-0.02156900055706501,0.35825610160827637,0.6568824052810669,-0.01994483917951584
21,right,0.37077078223228455,0.719762921333313,1.6819353731989395e-07,0.3707124590873718,0.6557320952415466,-0.0006480666343122721,0.38308191299438477,0.6008928418159485,-0.00447525829076767,0.4010148048400879,0.5647475123405457,-0.008320365101099014,0.4183773994445801,0.5407930612564087,-0.012338553555309772,0.43088728189468384,0.6097731590270996,-0.013449644669890404,0.4764416813850403,0.5718164443969727,-0.020395787432789803,0.49944689869880676,0.5543289184570312,-0.0231929961591959,0.5152517557144165,0.5422642827033997,-0.023977862671017647,0.44718801975250244,0.6397448778152466,-0.01806819811463356,0.49791643023490906,0.5991518497467041,-0.022238440811634064,0.522612988948822,0.5809282660484314,-0.02313932217657566,0.5368812680244446,0.5703880190849304,-0.02366727776825428,0.4574369490146637,0.672585666179657,-0.022304780781269073,0.505884051322937,0.6345295906066895,-0.025469310581684113,0.5285394191741943,0.6176329851150513,-0.02546575292944908,0.5411788821220398,0.6062851548194885,-0.025639642030000687,0.46278712153434753,0.706656277179718,-0.026344552636146545,0.501154899597168,0.6801994442939758,-0.02966209687292576,0.5213512778282166,0.6646016836166382,-0.028597543016076088,0.5353741645812988,0.6510593891143799,-0.02702055312693119
21,left,0.5214818716049194,0.7139861583709717,2.3143927307955892e-07,0.4853980541229248,0.6925944685935974,-0.003171113785356283,0.45162370800971985,0.6659711599349976,-0.006183222867548466,0.428890585899353,0.6446734070777893,-0.008901789784431458,0.4095056653022766,0.624973475933075,-0.011581159196794033,0.4429101347923279,0.6520726680755615,-0.007633112836629152,0.40628302097320557,0.625486433506012,-0.018657073378562927,0.3779961168766022,0.6075085401535034,-0.02645155042409897,0.35624220967292786,0.5901503562927246,-0.03147957846522331,0.4418889880180359,0.6545799374580383,-0.0107048898935318,0.403942346572876,0.628002941608429,-0.023779625073075294,0.3709992468357086,0.6085597276687622,-0.03304385766386986,0.34471702575683594,0.5891298651695251,-0.03875729814171791,0.4436165690422058,0.6587522029876709,-0.013794085942208767,0.4063829779624939,0.6362596750259399,-0.02439432218670845,0.37601932883262634,0.6206315159797668,-0.028383953496813774,0.3514085114002228,0.6065925359725952,-0.0297477375715971,0.44945284724235535,0.665762722492218,-0.01713711768388748,0.4167981445789337,0.6513426303863525,-0.025474607944488525,0.39470842480659485,0.6398134231567383,-0.026956139132380486,0.3752591907978058,0.6300382614135742,-0.026863902807235718
22,right,0.37091702222824097,0.7195982933044434,1.7551889186506742e-07,0.3707101345062256,0.6548320055007935,-0.0017288161907345057,0.3824675381183624,0.6000626087188721,-0.0062546320259571075,0.40030115842819214,0.5641964673995972,-0.010603238828480244,0.4185826778411865,0.5412373542785645,-0.014991608448326588,0.43133625388145447,0.609306275844574,-0.014301817864179611,0.47656330466270447,0.5714852809906006,-0.021544549614191055,0.49957069754600525,0.554110586643219,-0.02462279051542282,0.5153805017471313,0.5423295497894287,-0.02566465362906456,0.4478640556335449,0.639427125453949,-0.01854175329208374,0.49777793884277344,0.5989382266998291,-0.022879762575030327,0.5221400856971741,0.5803753137588501,-0.024021465331315994,0.5362188816070557,0.5694284439086914,-0.02478325553238392,0.45816993713378906,0.6724411845207214,-0.022493086755275726,0.5056708455085754,0.63455730676651,-0.025704525411128998,0.5281298160552979,0.6173152327537537,-0.025818726047873497,0.5408219695091248,0.6057678461074829,-0.026154041290283203,0.46330732107162476,0.7066739201545715,-0.02637294866144657,0.500677764415741,0.6803374290466309,-0.029938913881778717,0.5207544565200806,0.6642535924911499,-0.02911493368446827,0.5349636077880859,0.650473952293396,-0.02767951972782612
22,left,0.5356681942939758,0.7183725237846375,3.1513280873696203e-07,0.5201359987258911,0.6515600681304932,-0.006287534721195698,0.4934949576854706,0.6025108695030212,-0.010352227836847305,0.4686940014362335,0.5755397081375122,-0.01409618929028511,0.44447389245033264,0.5540984869003296,-0.01823771372437477,0.4614620506763458,0.6250094771385193,-0.007010757923126221,0.42068788409233093,0.6047461032867432,-0.019005991518497467,0.39078381657600403,0.5880581140518188,-0.0279449000954628,0.36735957860946655,0.5730031728744507,-0.03353780880570412,0.44982317090034485,0.6530599594116211,-0.008495890535414219,0.4083462953567505,0.6302508115768433,-0.021511944010853767,0.375331848859787,0.6108912229537964,-0.0308974776417017,0.3480536639690399,0.5914307236671448,-0.03665786609053612,0.4410548806190491,0.6813352108001709,-0.010574988089501858,0.40160179138183594,0.6581935882568359,-0.022422676905989647,0.3716273009777069,0.6404682397842407,-0.026882313191890717,0.347027063369751,0.624083936214447,-0.02837098389863968,0.43722599744796753,0.7099446654319763,-0.01303420215845108,0.4042961597442627,0.6911439895629883,-0.022874003276228905,0.382688969373703,0.6753880381584167,-0.024924809113144875,0.36336418986320496,0.6615360379219055,-0.024789994582533836
23,right,0.3711628019809723,0.7196294069290161,1.7766510040928551e-07,0.3706568479537964,0.6551603674888611,-0.0012907363707199693,0.3822505474090576,0.6002827882766724,-0.005875664297491312,0.399789959192276,0.5643183588981628,-0.01026844047009945,0.4182504713535309,0.5415439605712891,-0.014669554308056831,0.43092143535614014,0.6096284985542297,-0.01512305811047554,0.47724875807762146,0.5710667967796326,-0.022253165021538734,0.500200629234314,0.5538854598999023,-0.024922654032707214,0.5156949758529663,0.5425301194190979,-0.02546597085893154,0.4473412334918976,0.6400518417358398,-0.019376346841454506,0.49864140152931213,0.598179817199707,-0.023648034781217575,0.5229982733726501,0.5795294642448425,-0.024258676916360855,0.536481499671936,0.5686973333358765,-0.024473099038004875,0.4579523503780365,0.673196017742157,-0.023183612152934074,0.5069096088409424,0.6340477466583252,-0.026143839582800865,0.5290015339851379,0.6168006658554077,-0.025706229731440544,0.5408023595809937,0.6052592396736145,-0.025520512834191322,0.46366623044013977,0.707347571849823,-0.02683863416314125,0.5024142265319824,0.6794172525405884,-0.030003849416971207,0.522455632686615,0.6634423136711121,-0.02862762287259102,0.5361024141311646,0.6497820615768433,-0.026691816747188568
23,left,0.5325275659561157,0.7299901843070984,3.1879602602202795e-07,0.5121955871582031,0.6820233464241028,-0.008036799728870392,0.484596848487854,0.6384148597717285,-0.013105389662086964,0.46156105399131775,0.6135808229446411,-0.016801925376057625,0.44031962752342224,0.5921753644943237,-0.020063214004039764,0.45300212502479553,0.6474667191505432,-0.011072385124862194,0.4106144309043884,0.6254327297210693,-0.023427920415997505,0.3803252577781677,0.6070497035980225,-0.03255236893892288,0.3562345802783966,0.5911033153533936,-0.03821088746190071,0.4433051347732544,0.6633530855178833,-0.011182411573827267,0.4017788767814636,0.6340556144714355,-0.02399955876171589,0.37083756923675537,0.6100921630859375,-0.0327516570687294,0.34681612253189087,0.5873026847839355,-0.03833266347646713,0.43688517808914185,0.680044949054718,-0.01173726562410593,0.39986348152160645,0.6482862830162048,-0.020971940830349922,0.37343186140060425,0.6218732595443726,-0.02345120906829834,0.3523167371749878,0.5987780690193176,-0.02432323805987835,0.4346863627433777,0.6972677707672119,-0.013078296557068825,0.4028339087963104,0.6724132895469666,-0.01978476718068123,0.3830968141555786,0.6503079533576965,-0.019978800788521767,0.3670225143432617,0.632716715335846,-0.01924077421426773
24,right,0.3708343207836151,0.7183299660682678,1.730895178297942e-07,0.3706549406051636,0.6543344259262085,-0.0018884462770074606,0.3821025490760803,0.5998978614807129,-0.00655205687507987,0.3998481035232544,0.563771665096283,-0.011106126941740513,0.41836485266685486,0.5404552221298218,-0.01571323350071907,0.4312511086463928,0.6088614463806152,-0.014019535854458809,0.47629597783088684,0.5710927844047546,-0.02142036333680153,0.4990099370479584,0.5535430908203125,-0.024672361090779305,0.514664888381958,0.5416383743286133,-0.02580437995493412,0.4474765360355377,0.6388773918151855,-0.018314652144908905,0.497468501329422,0.5983441472053528,-0.022904423996806145,0.5220674276351929,0.5796314477920532,-0.024245932698249817,0.5365660786628723,0.5684555768966675,-0.025110885500907898,0.45756715536117554,0.6716821789741516,-0.022397907450795174,0.5053534507751465,0.6340616941452026,-0.02597583830356598,0.5281482934951782,0.6170762181282043,-0.02622673287987709,0.5412121415138245,0.6055176258087158,-0.02655204012989998,0.46272143721580505,0.705823540687561,-0.026419395580887794,0.5004434585571289,0.6795915365219116,-0.03006480075418949,0.5205692052841187,0.6636473536491394,-0.029127035290002823,0.5346695780754089,0.6499084830284119,-0.027592971920967102
24,left,0.5355128049850464,0.7314916849136353,3.078961867686303e-07,0.5144574642181396,0.6802569627761841,-0.007559251971542835,0.48784032464027405,0.633721649646759,-0.012771162204444408,0.46562162041664124,0.6055488586425781,-0.01690067909657955,0.4439249634742737,0.5830874443054199,-0.020410101860761642,0.45506444573402405,0.6419994235038757,-0.01031453162431717,0.4134218990802765,0.620112955570221,-0.023144220933318138,0.3836747407913208,0.6022236347198486,-0.032325197011232376,0.35936954617500305,0.5858559012413025,-0.038118455559015274,0.4447852671146393,0.658705472946167,-0.011095183901488781,0.40488511323928833,0.6278468370437622,-0.026019448414444923,0.3747473955154419,0.603018581867218,-0.035538725554943085,0.35100769996643066,0.5787143707275391,-0.041170213371515274,0.4382641315460205,0.6771631836891174,-0.012310829013586044,0.4019603729248047,0.6440122127532959,-0.02378605306148529,0.37527626752853394,0.6180741786956787,-0.026127465069293976,0.3532918691635132,0.5944429636001587,-0.02636159583926201,0.4360068738460541,0.6966004371643066,-0.01422745268791914,0.40517279505729675,0.6710423231124878,-0.022320641204714775,0.3865257203578949,0.6484536528587341,-0.022259527817368507,0.37019026279449463,0.6301168203353882,-0.020955374464392662
25,right,0.3715478181838989,0.7183728814125061,1.7978112509808852e-07,0.3705558180809021,0.6546835899353027,-0.0017576869577169418,0.381780743598938,0.5999351143836975,-0.006662996485829353,0.39955735206604004,0.563835620880127,-0.011306202039122581,0.41814863681793213,0.5403727293014526,-0.01599344052374363,0.43052226305007935,0.6085901260375977,-0.01593194715678692,0.47665002942085266,0.5698666572570801,-0.02341161109507084,0.4998463988304138,0.5528039932250977,-0.026295963674783707,0.515619158744812,0.541610836982727,-0.027008667588233948,0.44723889231681824,0.6389405131340027,-0.02007567696273327,0.49850720167160034,0.5972294211387634,-0.024652617052197456,0.5228397846221924,0.5789107084274292,-0.02540341578423977,0.5362504720687866,0.5683689117431641,-0.02569650299847126,0.4579627513885498,0.6723238825798035,-0.02378940023481846,0.5068153738975525,0.6332683563232422,-0.02707294188439846,0.5288138389587402,0.6160762906074524,-0.02664204128086567,0.5404955148696899,0.6046949625015259,-0.026421410962939262,0.4636100232601166,0.7069426774978638,-0.02738107182085514,0.5021485090255737,0.679295539855957,-0.030890483409166336,0.5220457315444946,0.6632868647575378,-0.02957947365939617,0.5355221033096313,0.6495561599731445,-0.027634447440505028
25,left,0.5189565420150757,0.7044239640235901,2.444963058678695e-07,0.4932347536087036,0.6669530272483826,-0.0022893522400408983,0.4623751640319824,0.6379541754722595,-0.005214985925704241,0.4390944242477417,0.622154951095581,-0.008062499575316906,0.41815057396888733,0.6062769889831543,-0.011105497367680073,0.44443559646606445,0.6349934935569763,-0.00619207788258791,0.40702956914901733,0.6153597235679626,-0.016277795657515526,0.37894177436828613,0.6015404462814331,-0.023464340716600418,0.3575625717639923,0.5874646902084351,-0.02804728038609028,0.4383341372013092,0.6483164429664612,-0.008968760259449482,0.39990389347076416,0.6263917088508606,-0.02065989002585411,0.3685908615589142,0.6087636351585388,-0.029059763997793198,0.3440091013908386,0.5904302000999451,-0.0343555249273777,0.43458542227745056,0.6632260680198669,-0.011689472943544388,0.39747530221939087,0.6420639753341675,-0.021457107737660408,0.3694327175617218,0.6265876889228821,-0.025245187804102898,0.347312331199646,0.6122510433197021,-0.02653474360704422,0.43577611446380615,0.6797620058059692,-0.014414436183869839,0.4044305980205536,0.6637319922447205,-0.022094588726758957,0.38436853885650635,0.6506409645080566,-0.02333429642021656,0.366924911737442,0.6396172046661377,-0.023049665614962578
26,right,0.3707435429096222,0.718425452709198,1.7156057197098562e-07,0.37011730670928955,0.6549293398857117,-0.0015796211082488298,0.38215088844299316,0.60048907995224,-0.006120370235294104,0.3998371362686157,0.5642510056495667,-0.010468767955899239,0.4176534116268158,0.5401122570037842,-0.014885901473462582,0.4305563271045685,0.6089504957199097,-0.01501946896314621,0.4761725664138794,0.5704512596130371,-0.022288216277956963,0.4990808367729187,0.5528522729873657,-0.02511969394981861,0.5147482752799988,0.5408666133880615,-0.025886468589305878,0.44703707098960876,0.6387655138969421,-0.01925533078610897,0.4976341426372528,0.597579836845398,-0.023581640794873238,0.5221502184867859,0.5790436267852783,-0.024324117228388786,0.5362253785133362,0.5683091878890991,-0.024738892912864685,0.4573756158351898,0.671602725982666,-0.023131633177399635,0.5056586265563965,0.6332265138626099,-0.026261653751134872,0.5281149744987488,0.6163032650947571,-0.025957990437746048,0.5407543778419495,0.6050094366073608,-0.025970710441470146,0.46275025606155396,0.7057170271873474,-0.026905769482254982,0.5005582571029663,0.6790322661399841,-0.030269470065832138,0.5207322835922241,0.6631033420562744,-0.029142649844288826,0.5349087715148926,0.6493564248085022,-0.02749752439558506
26,left,0.5265287160873413,0.7066126465797424,2.8700046073026897e-07,0.5083951354026794,0.6521036624908447,-0.0040804375894367695,0.4811469614505768,0.6121537685394287,-0.007905076257884502,0.45709288120269775,0.5893651247024536,-0.01181546039879322,0.43388473987579346,0.5711841583251953,-0.01595044508576393,0.4548897445201874,0.6246786713600159,-0.006024205591529608,0.4153110980987549,0.606601357460022,-0.017850542441010475,0.3850520849227905,0.5930705070495605,-0.02651754766702652,0.3613542914390564,0.5795624852180481,-0.03203623369336128,0.4454648494720459,0.6466216444969177,-0.008945119567215443,0.40467604994773865,0.6246201395988464,-0.022808758541941643,0.37052297592163086,0.606367290019989,-0.033030860126018524,0.34262615442276,0.5877741575241089,-0.039381325244903564,0.43829309940338135,0.6696349382400513,-0.0120641915127635,0.39980387687683105,0.6481183171272278,-0.02440379187464714,0.3695928752422333,0.6325072050094604,-0.028858104720711708,0.34522780776023865,0.6183992624282837,-0.03010694496333599,0.43615221977233887,0.693986177444458,-0.015344646759331226,0.4044073820114136,0.6760728359222412,-0.025142336264252663,0.38322708010673523,0.6621710062026978,-0.026899304240942,0.3639725148677826,0.6502934098243713,-0.026519544422626495
27,right,0.370191365480423,0.7187098860740662,1.7472909519256064e-07,0.36990630626678467,0.6546689867973328,-0.0017046412685886025,0.38175803422927856,0.5998642444610596,-0.006355347111821175,0.3993927836418152,0.5636691451072693,-0.010840002447366714,0.41756671667099,0.5394366383552551,-0.015387199819087982,0.4303972125053406,0.6083320379257202,-0.0147078363224864,0.4758243262767792,0.5699805021286011,-0.022035231813788414,0.49889707565307617,0.5526355504989624,-0.025075258687138557,0.5147152543067932,0.5409136414527893,-0.026025734841823578,0.44693928956985474,0.638308048248291,-0.018970470875501633,0.4973495900630951,0.5975210666656494,-0.023315725848078728,0.5217504501342773,0.5792471766471863,-0.024307850748300552,0.5356102585792542,0.568691074848175,-0.02490881085395813,0.4573092460632324,0.6713380813598633,-0.022919462993741035,0.5055516362190247,0.6330515742301941,-0.02603262849152088,0.5279679298400879,0.6159178614616394,-0.025893984362483025,0.5403646230697632,0.6045456528663635,-0.026031317189335823,0.4625643193721771,0.7056890726089478,-0.0267910435795784,0.5003774166107178,0.678766667842865,-0.030214998871088028,0.5204182267189026,0.6626901626586914,-0.029159804806113243,0.5343040227890015,0.648908257484436,-0.027538714930415154
27,left,0.5302447080612183,0.7083525657653809,3.1500673003392876e-07,0.5160292387008667,0.6462783813476562,-0.0061121233738958836,0.48996007442474365,0.6011345982551575,-0.010830082930624485,0.46554699540138245,0.5752081274986267,-0.015378816053271294,0.4413251578807831,0.5555592775344849,-0.020322490483522415,0.4596917927265167,0.622755229473114,-0.00824810191988945,0.4189373850822449,0.6041899919509888,-0.02051503024995327,0.38917917013168335,0.589007556438446,-0.029453206807374954,0.3660898804664612,0.573806643486023,-0.03516731783747673,0.4486459195613861,0.6490822434425354,-0.010303937830030918,0.40629255771636963,0.6272082328796387,-0.024265728890895844,0.3723899722099304,0.6077656745910645,-0.03462347760796547,0.34453675150871277,0.5874917507171631,-0.041174620389938354,0.44027677178382874,0.6759199500083923,-0.012687776237726212,0.4005720019340515,0.6545265316963196,-0.025334013625979424,0.37053635716438293,0.638016939163208,-0.030090702697634697,0.3465205430984497,0.6225820183753967,-0.03167856112122536,0.4371427893638611,0.7034138441085815,-0.015352270565927029,0.40491852164268494,0.6862654685974121,-0.025563877075910568,0.3836919963359833,0.6727189421653748,-0.027699535712599754,0.36446794867515564,0.6607006192207336,-0.027619116008281708
28,right,0.37010711431503296,0.718128502368927,1.7426106069251546e-07,0.3697485625743866,0.6542460322380066,-0.001164979999884963,0.3811473846435547,0.5997689962387085,-0.005641301162540913,0.3986350893974304,0.5637406706809998,-0.010016345418989658,0.41754892468452454,0.5405395030975342,-0.014394798316061497,0.4303557276725769,0.6080555319786072,-0.014251520857214928,0.47659796476364136,0.569929838180542,-0.021189263090491295,0.4994703531265259,0.552783191204071,-0.023836752399802208,0.5148977637290955,0.5412936806678772,-0.024457696825265884,0.44678163528442383,0.6379027366638184,-0.018569665029644966,0.4976196885108948,0.5967744588851929,-0.022586146369576454,0.521916925907135,0.578689455986023,-0.023217594251036644,0.535439133644104,0.5683872103691101,-0.023549217730760574,0.4572073519229889,0.6707948446273804,-0.022520828992128372,0.5056623220443726,0.6323593258857727,-0.025298956781625748,0.5281254053115845,0.6157638430595398,-0.024939050897955894,0.5403358340263367,0.604735255241394,-0.0249483585357666,0.4626235365867615,0.7051244974136353,-0.026343801990151405,0.5008348822593689,0.6780879497528076,-0.02942562662065029,0.5209454298019409,0.6625152826309204,-0.028189321979880333,0.5347184538841248,0.6490352749824524,-0.0264664888381958
28,left,0.5255448818206787,0.7068164348602295,3.091505220709223e-07,0.5082664489746094,0.6495192646980286,-0.005365757737308741,0.4810056984424591,0.6070687770843506,-0.009127045050263405,0.4571673274040222,0.5836682319641113,-0.01274168398231268,0.43374940752983093,0.5652416944503784,-0.016672832891345024,0.45192277431488037,0.6224659085273743,-0.005996380001306534,0.413394957780838,0.6026405692100525,-0.016784584149718285,0.3850964605808258,0.5871695280075073,-0.024829702451825142,0.363312304019928,0.5723226070404053,-0.029926972463726997,0.4423496127128601,0.6470631957054138,-0.007598517462611198,0.40248793363571167,0.6256734132766724,-0.019637087360024452,0.37067264318466187,0.6072939038276672,-0.028704093769192696,0.3448948562145233,0.588630199432373,-0.034337129443883896,0.43550339341163635,0.6719596982002258,-0.009602981619536877,0.3970189094543457,0.6515889167785645,-0.020677099004387856,0.36801889538764954,0.6361044049263,-0.024988530203700066,0.34485018253326416,0.6218404769897461,-0.026356257498264313,0.43394434452056885,0.6977410912513733,-0.011865640990436077,0.4021639823913574,0.6816486716270447,-0.021004943177103996,0.38189947605133057,0.6691931486129761,-0.022750070318579674,0.36393192410469055,0.65866619348526,-0.022437546402215958
29,right,0.37050992250442505,0.7186206579208374,1.7203288393830007e-07,0.3698965907096863,0.6546758413314819,-0.001554972492158413,0.3809713125228882,0.5997368693351746,-0.0063412729650735855,0.3985319137573242,0.5635142922401428,-0.011004894971847534,0.41740819811820984,0.5401813983917236,-0.0156711433082819,0.4299026131629944,0.6085395812988281,-0.014816200360655785,0.475605309009552,0.5699284672737122,-0.022187279537320137,0.4986197352409363,0.5525296926498413,-0.02510586380958557,0.5143898129463196,0.5409119725227356,-0.025893358513712883,0.4465274214744568,0.6383166313171387,-0.019163964316248894,0.49716314673423767,0.5971270203590393,-0.023500913754105568,0.5215694904327393,0.578857421875,-0.024220332503318787,0.5353687405586243,0.5685480833053589,-0.024593504145741463,0.4569820165634155,0.67112135887146,-0.023178299888968468,0.5052600502967834,0.6327759027481079,-0.02631520666182041,0.5275893211364746,0.6160184144973755,-0.025869732722640038,0.5397956967353821,0.605199933052063,-0.02572518214583397,0.4623893201351166,0.705438494682312,-0.02710283175110817,0.500292956829071,0.6782617568969727,-0.030280202627182007,0.520137369632721,0.6623340249061584,-0.02881963737308979,0.5335415601730347,0.6488164663314819,-0.026889188215136528
29,left,0.5294861793518066,0.709311842918396,3.2558548923589115e-07,0.5158022046089172,0.646082878112793,-0.005471089854836464,0.49019956588745117,0.6002638339996338,-0.010151244699954987,0.4663257300853729,0.5744842886924744,-0.014802444726228714,0.4424075186252594,0.55501389503479,-0.020091740414500237,0.4604892432689667,0.6214203238487244,-0.008956552483141422,0.41962048411369324,0.6025634407997131,-0.021265503019094467,0.3901509642601013,0.5868142247200012,-0.030024001374840736,0.36734187602996826,0.5711953043937683,-0.035583510994911194,0.4489419162273407,0.6489331126213074,-0.011557315476238728,0.4062066078186035,0.6269159317016602,-0.02539435587823391,0.37262433767318726,0.6074791550636292,-0.03559381514787674,0.3451237380504608,0.5873676538467407,-0.04201009124517441,0.4400748610496521,0.6770245432853699,-0.01434469223022461,0.3996982276439667,0.655937671661377,-0.027014244347810745,0.3695802688598633,0.6392273902893066,-0.031953226774930954,0.34536221623420715,0.6231765747070312,-0.033733729273080826,0.43639907240867615,0.7059940695762634,-0.017293110489845276,0.40347275137901306,0.689311146736145,-0.02755769155919552,0.38195013999938965,0.675885796546936,-0.02973562479019165,0.36255326867103577,0.6635773777961731,-0.029701270163059235
30,right,0.3698808252811432,0.7192766666412354,1.747398954421442e-07,0.36895444989204407,0.6557439565658569,-0.001616638503037393,0.3804171085357666,0.600712239742279,-0.006377303507179022,0.3983166813850403,0.5642496347427368,-0.0109657421708107,0.4165884554386139,0.540189266204834,-0.015539182350039482,0.4292548596858978,0.6091654300689697,-0.015218026004731655,0.47542986273765564,0.5703007578849792,-0.022558612748980522,0.498553067445755,0.5530237555503845,-0.025439593940973282,0.514126718044281,0.5415613651275635,-0.02614455297589302,0.4461103677749634,0.6390779614448547,-0.019390562549233437,0.49696552753448486,0.5973198413848877,-0.02363911271095276,0.5212717056274414,0.5789098739624023,-0.024274056777358055,0.534576416015625,0.5686310529708862,-0.024523364380002022,0.45682528614997864,0.6721100211143494,-0.023166198283433914,0.5054487586021423,0.6332505941390991,-0.026144158095121384,0.5275790095329285,0.616230845451355,-0.025531522929668427,0.5394189953804016,0.6052398681640625,-0.025259871035814285,0.4623384475708008,0.7065739035606384,-0.026844138279557228,0.5001668334007263,0.6792280673980713,-0.030073435977101326,0.5199856162071228,0.662875235080719,-0.028605900704860687,0.5333613753318787,0.6489863991737366,-0.02660057507455349
30,left,0.5250833630561829,0.7078734636306763,3.0162755138007924e-07,0.5065732002258301,0.65380859375,-0.005506351590156555,0.47710326313972473,0.6144611835479736,-0.0092165507376194,0.45128175616264343,0.5942603945732117,-0.012606756761670113,0.4275891184806824,0.5773157477378845,-0.01637604460120201,0.4527209401130676,0.6273795366287231,-0.006945659872144461,0.4137107729911804,0.6084683537483215,-0.017945507541298866,0.38452911376953125,0.5936527848243713,-0.025982199236750603,0.3619753420352936,0.5793521404266357,-0.03114892728626728,0.4433465898036957,0.6508986949920654,-0.00856066681444645,0.4028826057910919,0.6286363005638123,-0.02089056558907032,0.36992374062538147,0.6101032495498657,-0.030118348076939583,0.343416690826416,0.5913864374160767,-0.03593847155570984,0.43634000420570374,0.6750190854072571,-0.010534139350056648,0.3976958990097046,0.6531203389167786,-0.021777674555778503,0.3682439625263214,0.6363502144813538,-0.026215165853500366,0.34480762481689453,0.6211127638816833,-0.027705011889338493,0.43424591422080994,0.7003428339958191,-0.012745964340865612,0.40254268050193787,0.6824116110801697,-0.022097285836935043,0.3818050026893616,0.6678974032402039,-0.02408098429441452,0.3633615970611572,0.6555041670799255,-0.02401738241314888
31,right,0.36886242032051086,0.7199604511260986,1.722500542200578e-07,0.36816704273223877,0.6563075184822083,-0.001454910496249795,0.38012054562568665,0.601121723651886,-0.005792919080704451,0.39798545837402344,0.5646003484725952,-0.010032071731984615,0.4159947335720062,0.5403621196746826,-0.01435103639960289,0.42870059609413147,0.6085041165351868,-0.013783267699182034,0.47367802262306213,0.5701218843460083,-0.02079632692039013,0.4966847896575928,0.5525029897689819,-0.023702753707766533,0.5127646327018738,0.5406802892684937,-0.024611175060272217,0.44530701637268066,0.6382041573524475,-0.01813281513750553,0.4954622983932495,0.5977316498756409,-0.022176502272486687,0.5202046036720276,0.579357385635376,-0.02312360145151615,0.5347679257392883,0.568977415561676,-0.0237380713224411,0.4556511640548706,0.6712674498558044,-0.02218875102698803,0.5034279227256775,0.6332046985626221,-0.02528781071305275,0.5261701345443726,0.6162455677986145,-0.0253070630133152,0.5391751527786255,0.6051729321479797,-0.02556026726961136,0.4609822630882263,0.7059556841850281,-0.02612638659775257,0.4985317587852478,0.6791434288024902,-0.02938051149249077,0.5184372663497925,0.6632636189460754,-0.02822362817823887,0.5322851538658142,0.64982670545578,-0.026583800092339516
31,left,0.5329053401947021,0.7209623456001282,3.13400050799828e-07,0.5125572681427002,0.6634524464607239,-0.0047264667227864265,0.48541632294654846,0.6181016564369202,-0.009494883008301258,0.46403783559799194,0.5933193564414978,-0.014240261167287827,0.44190552830696106,0.5737237930297852,-0.019036486744880676,0.4556031823158264,0.632480263710022,-0.006342672742903233,0.414364218711853,0.6159153580665588,-0.019043056294322014,0.38459789752960205,0.600141704082489,-0.028841864317655563,0.36079639196395874,0.5848633050918579,-0.034947719424963,0.44525623321533203,0.6556370258331299,-0.009140806272625923,0.40376514196395874,0.6318639516830444,-0.02217555046081543,0.3717583417892456,0.6115447282791138,-0.03167523816227913,0.3460085391998291,0.5909371972084045,-0.03756117448210716,0.4377916753292084,0.6788735389709473,-0.012400761246681213,0.3996025025844574,0.6531553268432617,-0.022327600046992302,0.3704790771007538,0.6311615705490112,-0.024985378608107567,0.3464709222316742,0.6107428073883057,-0.025682544335722923,0.43512263894081116,0.7022308111190796,-0.016245516017079353,0.4023122191429138,0.6819078922271729,-0.023284897208213806,0.3808663487434387,0.6629869341850281,-0.023039909079670906,0.3624906539916992,0.6469705104827881,-0.021722644567489624
32,right,0.3681369125843048,0.7199957966804504,1.7931897389189544e-07,0.36734500527381897,0.656416654586792,-0.0017060795798897743,0.3788493573665619,0.6014074087142944,-0.006507403217256069,0.39648184180259705,0.5647832155227661,-0.011112390086054802,0.41536498069763184,0.5409024953842163,-0.015712657943367958,0.4276425838470459,0.6088077425956726,-0.015019039623439312,0.47332513332366943,0.5701437592506409,-0.022288767620921135,0.49631810188293457,0.552545428276062,-0.025103185325860977,0.5122022032737732,0.540647566318512,-0.025883639231324196,0.4442010819911957,0.6386315226554871,-0.019290395081043243,0.49466878175735474,0.5975224375724792,-0.02345099113881588,0.5193957686424255,0.57886803150177,-0.024162640795111656,0.5337474942207336,0.5680012702941895,-0.024628570303320885,0.4546341598033905,0.6717153191566467,-0.023219823837280273,0.5026876926422119,0.633320152759552,-0.02620687335729599,0.5252707004547119,0.6162369847297668,-0.025858499109745026,0.5380626916885376,0.6048297882080078,-0.025904584676027298,0.46007245779037476,0.706220805644989,-0.027061261236667633,0.49769914150238037,0.6789128184318542,-0.03023957833647728,0.517722487449646,0.6629135608673096,-0.028944525867700577,0.5317148566246033,0.6493683457374573,-0.027194559574127197
32,left,0.5309211611747742,0.7261764407157898,2.5667588943179e-07,0.48794758319854736,0.7148476839065552,-0.0075234100222587585,0.45087936520576477,0.6889700889587402,-0.01225164346396923,0.42528435587882996,0.6661913394927979,-0.015551602467894554,0.40518829226493835,0.6440345048904419,-0.018233131617307663,0.43758535385131836,0.6693588495254517,-0.012716468423604965,0.3981594443321228,0.6446617841720581,-0.02618546411395073,0.3689800202846527,0.6261448264122009,-0.036180976778268814,0.3451383709907532,0.6087054014205933,-0.042738329619169235,0.44074663519859314,0.6588270664215088,-0.013783923350274563,0.4021810293197632,0.6284684538841248,-0.02913478948175907,0.36997729539871216,0.606487512588501,-0.03964439034461975,0.3438648581504822,0.584742546081543,-0.04637853801250458,0.4484223425388336,0.6505481004714966,-0.0151778943836689,0.4143216907978058,0.6171450018882751,-0.02769605629146099,0.3856995403766632,0.5922727584838867,-0.03252608701586723,0.3618597388267517,0.5718809366226196,-0.03457242622971535,0.4600938856601715,0.6446188688278198,-0.017215386033058167,0.43239539861679077,0.6169887781143188,-0.026706889271736145,0.4121810793876648,0.5956926941871643,-0.028656046837568283,0.3944525420665741,0.5797936916351318,-0.029019981622695923
33,right,0.36898383498191833,0.7199366092681885,1.7990828382608015e-07,0.3680647909641266,0.6562063097953796,-0.0013558618957176805,0.378896027803421,0.6015021800994873,-0.006221901159733534,0.3959701657295227,0.565457284450531,-0.010959629900753498,0.4145531952381134,0.542132556438446,-0.015703631564974785,0.42759281396865845,0.6091734170913696,-0.015425043180584908,0.47344550490379333,0.5700891613960266,-0.022748121991753578,0.49637460708618164,0.5526790618896484,-0.025452617555856705,0.5118919610977173,0.5411520004272461,-0.026026586070656776,0.44440582394599915,0.6388377547264099,-0.019814729690551758,0.4955154359340668,0.596786618232727,-0.024196268990635872,0.5197603702545166,0.5783450603485107,-0.024657515808939934,0.5331146121025085,0.567967414855957,-0.02474963292479515,0.4552117884159088,0.6716830730438232,-0.023779872804880142,0.5042986273765564,0.6328478455543518,-0.026780202984809875,0.5263532996177673,0.6154436469078064,-0.026009483262896538,0.5380986332893372,0.6039717793464661,-0.02563093975186348,0.4609435200691223,0.7059507966041565,-0.02761555090546608,0.4992842674255371,0.6785058379173279,-0.030697859823703766,0.5190474987030029,0.6625785827636719,-0.029013616964221,0.5322760939598083,0.6489591598510742,-0.026878004893660545
33,left,0.521605908870697,0.7026965618133545,2.786022150758072e-07,0.49714064598083496,0.6570975184440613,-0.004020433872938156,0.4655628800392151,0.6251441836357117,-0.008178353309631348,0.4395245909690857,0.6086091995239258,-0.012194296345114708,0.41595029830932617,0.5938526391983032,-0.016730178147554398,0.44798219203948975,0.6300913095474243,-0.009469022043049335,0.40945225954055786,0.6103516817092896,-0.021285327151417732,0.3803935945034027,0.5957632064819336,-0.029671024531126022,0.3578149080276489,0.5810452699661255,-0.03492018207907677,0.44142186641693115,0.6493232846260071,-0.012227892875671387,0.40113890171051025,0.6272817850112915,-0.02570429816842079,0.3674854338169098,0.6096057891845703,-0.035342488437891006,0.34052759408950806,0.5912866592407227,-0.041352707892656326,0.4371527135372162,0.6700096130371094,-0.014910544268786907,0.3983081877231598,0.6500437259674072,-0.02638060227036476,0.36841726303100586,0.6346875429153442,-0.03076454997062683,0.344851016998291,0.6204714775085449,-0.032317135483026505,0.43743306398391724,0.6923854947090149,-0.01765494793653488,0.4050133526325226,0.6789662837982178,-0.02671985886991024,0.38353288173675537,0.6669262051582336,-0.02837604284286499,0.3646242618560791,0.6566706895828247,-0.028214341029524803
34,right,0.3684404194355011,0.7196980714797974,1.8328461237615556e-07,0.3678715229034424,0.6561471819877625,-0.0018954245606437325,0.37894406914711,0.6013387441635132,-0.007068833336234093,0.3962138891220093,0.564828634262085,-0.012082030065357685,0.41491299867630005,0.5404936671257019,-0.017075104638934135,0.4275088310241699,0.6091938614845276,-0.01575218327343464,0.47359728813171387,0.5698837637901306,-0.023348329588770866,0.49652647972106934,0.5522637963294983,-0.026281189173460007,0.5121743679046631,0.5404755473136902,-0.027000097557902336,0.4442187249660492,0.6386705040931702,-0.02002022974193096,0.4953904449939728,0.5966679453849792,-0.02458353154361248,0.5198070406913757,0.5782099962234497,-0.0253128744661808,0.5335033535957336,0.5676631331443787,-0.025606755167245865,0.4550388753414154,0.6714050769805908,-0.023922035470604897,0.5037088990211487,0.6323422193527222,-0.027098610997200012,0.525854766368866,0.6152157187461853,-0.02651274763047695,0.5377991795539856,0.6039324998855591,-0.026225082576274872,0.46089789271354675,0.7058744430541992,-0.027757376432418823,0.4992241859436035,0.6782686114311218,-0.03086082637310028,0.5190643072128296,0.6622174978256226,-0.029201947152614594,0.5322638750076294,0.6485880613327026,-0.027072850614786148
34,left,0.5239101052284241,0.707322895526886,2.915394077263045e-07,0.5027047395706177,0.6562384963035583,-0.00486821448430419,0.4716850221157074,0.6197260618209839,-0.008160349912941456,0.44551825523376465,0.6027387976646423,-0.011128593236207962,0.4217069447040558,0.5871561765670776,-0.014494000002741814,0.4490707814693451,0.6295064687728882,-0.007339057046920061,0.4100257158279419,0.6099754571914673,-0.01835448481142521,0.3812299370765686,0.5943586826324463,-0.02631053887307644,0.35898202657699585,0.5792694091796875,-0.031278353184461594,0.4406959116458893,0.6510802507400513,-0.00912127923220396,0.4006654620170593,0.6287939548492432,-0.021571777760982513,0.368458092212677,0.6099584102630615,-0.030614497140049934,0.34252411127090454,0.5904543995857239,-0.036070942878723145,0.4351229965686798,0.6732446551322937,-0.011160245165228844,0.39627861976623535,0.6524447202682495,-0.021945610642433167,0.36738666892051697,0.6358484029769897,-0.025971634313464165,0.3443906903266907,0.6202284097671509,-0.027147743850946426,0.43458104133605957,0.6965941786766052,-0.013424338772892952,0.4018715023994446,0.6811679601669312,-0.022023523226380348,0.38119709491729736,0.6677412390708923,-0.023490730673074722,0.36297357082366943,0.6561877131462097,-0.023083696141839027
35,right,0.3691452145576477,0.7193867564201355,1.7709346877836651e-07,0.3683871626853943,0.655368447303772,-0.001743520493619144,0.37917622923851013,0.6008914113044739,-0.006770815700292587,0.396586149930954,0.56473308801651,-0.01166231743991375,0.41558828949928284,0.5413807034492493,-0.01653370074927807,0.42843756079673767,0.6082972884178162,-0.015096680261194706,0.47442445158958435,0.5697807669639587,-0.022560859099030495,0.4971997141838074,0.5524765253067017,-0.025533882901072502,0.5125014185905457,0.5409589409828186,-0.026299595832824707,0.4451199471950531,0.6382758021354675,-0.019347606226801872,0.49599337577819824,0.5967946648597717,-0.023739950731396675,0.520133912563324,0.578572154045105,-0.024496689438819885,0.533462643623352,0.568261444568634,-0.024831237271428108,0.4557485580444336,0.67130446434021,-0.023257628083229065,0.5040639042854309,0.6327751874923706,-0.0262891985476017,0.5261620879173279,0.6157478094100952,-0.025743354111909866,0.5380070209503174,0.6045958399772644,-0.025535499677062035,0.46131402254104614,0.7057740092277527,-0.027096085250377655,0.4990364611148834,0.6783086657524109,-0.03017910197377205,0.5187072157859802,0.6622283458709717,-0.0286130141466856,0.5319307446479797,0.6485837697982788,-0.026573291048407555
35,left,0.5262420177459717,0.7138890624046326,3.1195065730571514e-07,0.5058466792106628,0.6620444059371948,-0.008685850538313389,0.47611770033836365,0.6242535710334778,-0.014042838476598263,0.4504280686378479,0.6059384346008301,-0.018329007551074028,0.4266797602176666,0.5883607864379883,-0.022889671847224236,0.4507615268230438,0.6325405836105347,-0.011169075034558773,0.41126590967178345,0.6121425628662109,-0.024006864055991173,0.38180628418922424,0.5956699252128601,-0.033479463309049606,0.35854899883270264,0.5798874497413635,-0.039407286792993546,0.4425162971019745,0.652400016784668,-0.01144115999341011,0.40245354175567627,0.6281251907348633,-0.025547802448272705,0.36958521604537964,0.6082197427749634,-0.03578979894518852,0.3427268862724304,0.5879660844802856,-0.042134564369916916,0.43661925196647644,0.6732277870178223,-0.012258851900696754,0.3985902667045593,0.6495503783226013,-0.02433038502931595,0.36880987882614136,0.6309852600097656,-0.029281070455908775,0.3451444208621979,0.6141956448554993,-0.03108176589012146,0.43443527817726135,0.6957389116287231,-0.013654726557433605,0.4023989140987396,0.6781280636787415,-0.02320008911192417,0.3806765079498291,0.6625173687934875,-0.025397878140211105,0.36197760701179504,0.649691104888916,-0.025548499077558517
36,right,0.3694080114364624,0.7195096015930176,1.7545305297517189e-07,0.3684972822666168,0.6558717489242554,-0.0012962346663698554,0.3794335722923279,0.6013069152832031,-0.006151604000478983,0.3966301381587982,0.5651862025260925,-0.01093816664069891,0.4148212671279907,0.5411348342895508,-0.01577421836555004,0.42812299728393555,0.6084820628166199,-0.015331350266933441,0.47419577836990356,0.569841206073761,-0.022741133347153664,0.49716582894325256,0.5523496270179749,-0.025582658126950264,0.512629508972168,0.5406843423843384,-0.02621171437203884,0.4447009861469269,0.6383193135261536,-0.01978450082242489,0.495785653591156,0.5968577265739441,-0.02409198135137558,0.520088255405426,0.5786678194999695,-0.024727823212742805,0.5335385799407959,0.5684772729873657,-0.024968555197119713,0.45549145340919495,0.6713692545890808,-0.023800263181328773,0.5040334463119507,0.6326990127563477,-0.02674567885696888,0.5261202454566956,0.6157864332199097,-0.026140626519918442,0.5379611849784851,0.6048322916030884,-0.025881443172693253,0.4613575339317322,0.7058978080749512,-0.027685940265655518,0.4993557631969452,0.6781282424926758,-0.030638014897704124,0.5190297961235046,0.6621421575546265,-0.028929078951478004,0.5321451425552368,0.6487381458282471,-0.026784399524331093
36,left,0.5256590843200684,0.7129806280136108,3.123773524293938e-07,0.5041574239730835,0.6602034568786621,-0.0072202677838504314,0.47379499673843384,0.6227954030036926,-0.011926033534109592,0.44792279601097107,0.6049151420593262,-0.015882689505815506,0.4239828288555145,0.5885090827941895,-0.020220262929797173,0.4501958191394806,0.6304879784584045,-0.00987920444458723,0.4109591841697693,0.610235333442688,-0.022347092628479004,0.38163629174232483,0.5937209725379944,-0.03152850270271301,0.35868915915489197,0.577549397945404,-0.03723299130797386,0.44195374846458435,0.6516156196594238,-0.010647229850292206,0.402058482170105,0.628284215927124,-0.024431856349110603,0.3690451383590698,0.6090614199638367,-0.034500084817409515,0.3424767255783081,0.5892094969749451,-0.04077931493520737,0.43620431423187256,0.6738788485527039,-0.011823547072708607,0.39831632375717163,0.6511218547821045,-0.023611482232809067,0.36855319142341614,0.6335627436637878,-0.028482826426625252,0.345246285200119,0.6174225211143494,-0.030275581404566765,0.43441101908683777,0.6979154348373413,-0.013421325944364071,0.4026172161102295,0.681121289730072,-0.022725222632288933,0.38143354654312134,0.6665236949920654,-0.02485746145248413,0.3630286455154419,0.6546804308891296,-0.02500242367386818
