1,right,0,0,0,0,0,0,0,0,0,0,0,0,0,0,0,0,0,0,0,0,0,0,0,0,0,0,0,0,0,0,0,0,0,0,0,0,0,0,0,0,0,0,0,0,0,0,0,0,0,0,0,0,0,0,0,0,0,0,0,0,0,0,0
1,left,0,0,0,0,0,0,0,0,0,0,0,0,0,0,0,0,0,0,0,0,0,0,0,0,0,0,0,0,0,0,0,0,0,0,0,0,0,0,0,0,0,0,0,0,0,0,0,0,0,0,0,0,0,0,0,0,0,0,0,0,0,0,0
2,right,0,0,0,0,0,0,0,0,0,0,0,0,0,0,0,0,0,0,0,0,0,0,0,0,0,0,0,0,0,0,0,0,0,0,0,0,0,0,0,0,0,0,0,0,0,0,0,0,0,0,0,0,0,0,0,0,0,0,0,0,0,0,0
2,left,0,0,0,0,0,0,0,0,0,0,0,0,0,0,0,0,0,0,0,0,0,0,0,0,0,0,0,0,0,0,0,0,0,0,0,0,0,0,0,0,0,0,0,0,0,0,0,0,0,0,0,0,0,0,0,0,0,0,0,0,0,0,0
3,right,0,0,0,0,0,0,0,0,0,0,0,0,0,0,0,0,0,0,0,0,0,0,0,0,0,0,0,0,0,0,0,0,0,0,0,0,0,0,0,0,0,0,0,0,0,0,0,0,0,0,0,0,0,0,0,0,0,0,0,0,0,0,0
3,left,0,0,0,0,0,0,0,0,0,0,0,0,0,0,0,0,0,0,0,0,0,0,0,0,0,0,0,0,0,0,0,0,0,0,0,0,0,0,0,0,0,0,0,0,0,0,0,0,0,0,0,0,0,0,0,0,0,0,0,0,0,0,0
4,right,0.30146849155426025,0.809420645236969,2.19106524923518e-07,0.31395649909973145,0.7362711429595947,0.0018192610004916787,0.34828099608421326,0.6744981408119202,-0.004928066395223141,0.3825376331806183,0.6365572214126587,-0.013078669086098671,0.4109904170036316,0.6125469207763672,-0.021355198696255684,0.37150147557258606,0.6680372953414917,-0.01612534001469612,0.4289972186088562,0.6338602900505066,-0.03200536593794823,0.46427133679389954,0.6192612648010254,-0.04145805165171623,0.48750197887420654,0.6114771366119385,-0.046240027993917465,0.383600652217865,0.7025389671325684,-0.02552874945104122,0.4429812431335449,0.6661300659179688,-0.03712965548038483,0.4777590334415436,0.6474350094795227,-0.04168686270713806,0.5022362470626831,0.6347354054450989,-0.044601473957300186,0.39460623264312744,0.744021475315094,-0.034491900354623795,0.4529587924480438,0.7063813805580139,-0.042910218238830566,0.48483672738075256,0.6863480806350708,-0.04151584953069687,0.506501317024231,0.671768307685852,-0.04030057415366173,0.4041115641593933,0.789440929889679,-0.04338661953806877,0.4502367079257965,0.7596832513809204,-0.0483606681227684,0.47624683380126953,0.737714946269989,-0.04514336585998535,0.4959857761859894,0.7185003161430359,-0.04186410456895828
4,left,0.5196758508682251,0.7085855007171631,1.0207228484659936e-07,0.495936781167984,0.6623886823654175,0.0009115768480114639,0.456738144159317,0.6321002244949341,0.003471801523119211,0.4203358292579651,0.6252171397209167,0.004823307506740093,0.3911531865596771,0.6211059093475342,0.006706688087433577,0.4288051426410675,0.6501940488815308,0.006975874304771423,0.39010775089263916,0.6309666633605957,0.0018192738061770797,0.3673912286758423,0.617646336555481,-0.0025263840798288584,0.35092803835868835,0.6059995889663696,-0.005304804537445307,0.4221431314945221,0.6604446172714233,0.0032132656779140234,0.3809114694595337,0.6374937891960144,-0.0020049784798175097,0.35664743185043335,0.6221915483474731,-0.0057001919485628605,0.33865731954574585,0.6081851720809937,-0.007775499019771814,0.4211725890636444,0.6679034233093262,-0.0015564048662781715,0.3804146349430084,0.6425803899765015,-0.006780626252293587,0.3585609495639801,0.626388669013977,-0.006566938012838364,0.3413045108318329,0.6131951212882996,-0.0054100812412798405,0.42548176646232605,0.6711880564689636,-0.006593296770006418,0.39057275652885437,0.6467231512069702,-0.011036657728254795,0.37177637219429016,0.6297817826271057,-0.00957815907895565,0.35786670446395874,0.6161699295043945,-0.00724421301856637
5,right,0.3365495800971985,0.734405517578125,1.1917963149699062e-07,0.3447543978691101,0.6669442653656006,0.003231417154893279,0.3692496120929718,0.6107948422431946,0.002327215624973178,0.39064136147499084,0.5740375518798828,0.00025486736558377743,0.40263479948043823,0.5473695397377014,-0.0022519135382026434,0.40821993350982666,0.60699462890625,-0.008509261533617973,0.4604460299015045,0.5734161138534546,-0.01629946380853653,0.4869762361049652,0.5566574931144714,-0.02037840336561203,0.5041077136993408,0.5441722273826599,-0.022310549393296242,0.4230218231678009,0.6368619799613953,-0.01604112796485424,0.4782390594482422,0.5988045930862427,-0.02093989960849285,0.5089102983474731,0.578963577747345,-0.023663759231567383,0.5302957892417908,0.5642385482788086,-0.026034150272607803,0.43272411823272705,0.6719598770141602,-0.023202385753393173,0.4855073094367981,0.6374297142028809,-0.02799162268638611,0.5153156518936157,0.6192994713783264,-0.031078500673174858,0.5364000201225281,0.6051968932151794,-0.03382453694939613,0.43796250224113464,0.7091933488845825,-0.029929861426353455,0.4802834391593933,0.6876359581947327,-0.034632548689842224,0.5053605437278748,0.6735520362854004,-0.03567303717136383,0.5253620147705078,0.6607462763786316,-0.03618931397795677
5,left,0.5293474197387695,0.7018048763275146,2.217984587105093e-07,0.5063886642456055,0.6398768424987793,-0.009012451395392418,0.48143163323402405,0.5858021378517151,-0.012932080775499344,0.4603064954280853,0.5505987405776978,-0.016488848254084587,0.4364187717437744,0.5269286632537842,-0.02031436376273632,0.4474256932735443,0.6150120496749878,-0.005329464096575975,0.40596678853034973,0.5939458608627319,-0.017660008743405342,0.37321045994758606,0.5817725658416748,-0.027844810858368874,0.34662023186683655,0.5706179141998291,-0.035223934799432755,0.44033634662628174,0.6330595016479492,-0.006701292935758829,0.39781734347343445,0.6103673577308655,-0.021556224673986435,0.36249446868896484,0.5920865535736084,-0.03549039363861084,0.33263418078422546,0.5739372372627258,-0.04560064896941185,0.43908122181892395,0.6494239568710327,-0.009204279631376266,0.3978312313556671,0.6256336569786072,-0.024901971220970154,0.3672035336494446,0.6085363626480103,-0.03651237115263939,0.34307432174682617,0.5945202708244324,-0.04327189177274704,0.44396787881851196,0.6629274487495422,-0.012136808596551418,0.41380518674850464,0.639371931552887,-0.02662324160337448,0.3926827311515808,0.6240076422691345,-0.03508779779076576,0.37209469079971313,0.6121879816055298,-0.040272876620292664
6,right,0.3617427945137024,0.7164668440818787,2.525529509966873e-07,0.36439716815948486,0.6493701934814453,-4.6801073040114716e-05,0.3793841004371643,0.5933765172958374,-0.002459871117025614,0.39727479219436646,0.5566399097442627,-0.005194181110709906,0.4092523753643036,0.5269500613212585,-0.008047763258218765,0.4283308684825897,0.5960865020751953,-0.007878908887505531,0.47438186407089233,0.5659814476966858,-0.014583340846002102,0.49842995405197144,0.5498088598251343,-0.018471278250217438,0.5152938961982727,0.5377908945083618,-0.02017201855778694,0.44518569111824036,0.6249306201934814,-0.012804568745195866,0.49598246812820435,0.590398371219635,-0.016298765316605568,0.5241681337356567,0.5704046487808228,-0.01837029866874218,0.5442133545875549,0.5562427639961243,-0.020295340567827225,0.45617544651031494,0.657423198223114,-0.01784662716090679,0.505879819393158,0.6261305809020996,-0.021126508712768555,0.5330504775047302,0.6072244644165039,-0.023120811209082603,0.5529793500900269,0.59284508228302,-0.024925364181399345,0.4621657431125641,0.6924065351486206,-0.022840110585093498,0.5031257271766663,0.6697958111763,-0.02622043900191784,0.5262101888656616,0.6547723412513733,-0.026265321299433708,0.5449938774108887,0.6413607001304626,-0.02580038458108902
6,left,0.5251510143280029,0.7011013031005859,3.183886860824714e-07,0.5090208649635315,0.6446546316146851,-0.01025757659226656,0.48613375425338745,0.5883905291557312,-0.01606738567352295,0.4666079878807068,0.5553537011146545,-0.019472187384963036,0.44493743777275085,0.5301685929298401,-0.02275739423930645,0.4429874122142792,0.6080615520477295,-0.016226954758167267,0.4031154215335846,0.5842739343643188,-0.02883792109787464,0.3734769821166992,0.5687636733055115,-0.0370292067527771,0.3499985337257385,0.5541782379150391,-0.041981473565101624,0.43135783076286316,0.6304994225502014,-0.01435739453881979,0.39032837748527527,0.6058225631713867,-0.029134204611182213,0.35737523436546326,0.5865764617919922,-0.03840112313628197,0.3302503824234009,0.5675212144851685,-0.04398655891418457,0.4245895445346832,0.6534708142280579,-0.012699821963906288,0.38457250595092773,0.6310476064682007,-0.0263376384973526,0.3535979092121124,0.614680290222168,-0.032946839928627014,0.32810521125793457,0.5993863940238953,-0.03586903586983681,0.4241029918193817,0.6767696142196655,-0.011216445825994015,0.39050835371017456,0.6615354418754578,-0.023563094437122345,0.36797356605529785,0.6478344202041626,-0.028564682230353355,0.3484458923339844,0.6357308626174927,-0.030543768778443336
7,right,0.37323451042175293,0.7098343968391418,2.209237663919339e-07,0.3694583773612976,0.646097719669342,-0.0037018281873315573,0.3778339922428131,0.590516209602356,-0.008260775357484818,0.39405444264411926,0.5517526865005493,-0.012091509066522121,0.4118538796901703,0.5264849066734314,-0.01544000580906868,0.4355952739715576,0.5918670296669006,-0.01214251946657896,0.4820823669433594,0.5612273812294006,-0.017281753942370415,0.5059030055999756,0.5480383634567261,-0.018970385193824768,0.5227348208427429,0.5393915772438049,-0.01940583437681198,0.4527198374271393,0.6210671067237854,-0.014732817187905312,0.5008295774459839,0.5873352289199829,-0.017387615516781807,0.5263456106185913,0.5705667734146118,-0.017485445365309715,0.5437137484550476,0.5597963929176331,-0.0180983766913414,0.4637164771556854,0.6526740789413452,-0.017627451568841934,0.5087587237358093,0.6212182641029358,-0.020201081410050392,0.5335787534713745,0.6035993695259094,-0.02128961682319641,0.5512401461601257,0.5905959010124207,-0.02265443652868271,0.4703534245491028,0.6856635808944702,-0.020748089998960495,0.5075844526290894,0.6612898111343384,-0.024006208404898643,0.5288890600204468,0.6464213728904724,-0.024426501244306564,0.5459578633308411,0.6335674524307251,-0.024198835715651512
7,left,0.5166324973106384,0.7010385394096375,3.6471047337727214e-07,0.5051987767219543,0.6409942507743835,-0.009166402742266655,0.4842659533023834,0.5851311087608337,-0.014452267438173294,0.46661877632141113,0.550561249256134,-0.01838771440088749,0.4476635158061981,0.5220711827278137,-0.02237080968916416,0.4357678294181824,0.6016322374343872,-0.011607411317527294,0.3993866741657257,0.5734269618988037,-0.02264467440545559,0.3712884783744812,0.5541418790817261,-0.03032376989722252,0.34924373030662537,0.5374692678451538,-0.03506875038146973,0.42001602053642273,0.6289281249046326,-0.010725422762334347,0.38227441906929016,0.6017254590988159,-0.021648608148097992,0.35222527384757996,0.5813563466072083,-0.028883619233965874,0.32817816734313965,0.5614137649536133,-0.03346418961882591,0.4112074375152588,0.6572710275650024,-0.010489048436284065,0.37231069803237915,0.635410726070404,-0.02032458782196045,0.345737099647522,0.6216505765914917,-0.024512290954589844,0.324867308139801,0.6063028573989868,-0.026585904881358147,0.40918850898742676,0.6867852210998535,-0.010755205526947975,0.3751888871192932,0.6786112785339355,-0.02089722827076912,0.3560861349105835,0.6714605689048767,-0.02406848594546318,0.3415398597717285,0.6627413034439087,-0.024722043424844742
8,right,0.3746705949306488,0.7095832228660583,1.763515058428311e-07,0.3682939410209656,0.6457217931747437,-0.0027725673280656338,0.3740701675415039,0.5905593633651733,-0.0073871612548828125,0.39039087295532227,0.5535871982574463,-0.011869161389768124,0.40693095326423645,0.5308749079704285,-0.01607513427734375,0.4324881136417389,0.5902397036552429,-0.009835680015385151,0.47501105070114136,0.5592588186264038,-0.015315817669034004,0.4976229667663574,0.5459916591644287,-0.018171634525060654,0.5139764547348022,0.5373039245605469,-0.01954726129770279,0.45083168148994446,0.6182229518890381,-0.013688944280147552,0.4962517023086548,0.5850651860237122,-0.015695111826062202,0.5195339918136597,0.57184237241745,-0.015831926837563515,0.5346474051475525,0.5661357641220093,-0.016523392871022224,0.4625144898891449,0.6498557329177856,-0.017903737723827362,0.504740834236145,0.6178287863731384,-0.019687021151185036,0.5259632468223572,0.6050671339035034,-0.01914515532553196,0.5394889116287231,0.5982280969619751,-0.01938442699611187,0.469463050365448,0.6840870976448059,-0.022475527599453926,0.5043084621429443,0.6570068001747131,-0.02482946775853634,0.522720217704773,0.6429547071456909,-0.02345297858119011,0.5366268157958984,0.6325291395187378,-0.021862518042325974
8,left,0.5174546241760254,0.7038589119911194,3.042953551357641e-07,0.5058355331420898,0.6432567834854126,-0.0072979796677827835,0.4852467179298401,0.5885061621665955,-0.01149480789899826,0.46695616841316223,0.5570120215415955,-0.015112971886992455,0.4474579691886902,0.531084418296814,-0.018653996288776398,0.43690797686576843,0.6031575798988342,-0.00583428330719471,0.3991241157054901,0.5805709958076477,-0.01655692793428898,0.3708893954753876,0.5633181929588318,-0.02473538927733898,0.3494270145893097,0.5476508736610413,-0.030018441379070282,0.42120856046676636,0.6286287903785706,-0.006266874261200428,0.38270673155784607,0.6023632287979126,-0.017059458419680595,0.3532269597053528,0.5825293064117432,-0.024995166808366776,0.32936063408851624,0.5628697276115417,-0.030090127140283585,0.41134655475616455,0.6559045910835266,-0.007580507546663284,0.37322676181793213,0.6315346360206604,-0.01670251041650772,0.346755713224411,0.6165172457695007,-0.019634217023849487,0.32498103380203247,0.6008174419403076,-0.020887484773993492,0.40721338987350464,0.6859729290008545,-0.00953835528343916,0.3736220598220825,0.6737626791000366,-0.01847105845808983,0.3544682264328003,0.6645174622535706,-0.020144082605838776,0.33890479803085327,0.654992401599884,-0.019799960777163506
9,right,0.3777697682380676,0.7102678418159485,1.7653842121490015e-07,0.3703659176826477,0.6469583511352539,-0.0029286786448210478,0.3762437105178833,0.5919192433357239,-0.007073367480188608,0.3927426040172577,0.5545669794082642,-0.01074583176523447,0.40847837924957275,0.5312483310699463,-0.013903179205954075,0.4336727559566498,0.5920074582099915,-0.011587566696107388,0.4757953882217407,0.5584263205528259,-0.01658737286925316,0.4978615641593933,0.543738067150116,-0.018305489793419838,0.5131533145904541,0.5341105461120605,-0.018615705892443657,0.4522727429866791,0.6203558444976807,-0.01455823052674532,0.4961130917072296,0.5852553248405457,-0.016197456046938896,0.518669068813324,0.5699920058250427,-0.015126844868063927,0.5325425267219543,0.5630415081977844,-0.014548576436936855,0.4642408788204193,0.6523034572601318,-0.017611736431717873,0.505047082901001,0.6192362904548645,-0.018883565440773964,0.5251398086547852,0.60591059923172,-0.01668078638613224,0.5369852781295776,0.5989869236946106,-0.015404860489070415,0.4713558852672577,0.6858717799186707,-0.021004870533943176,0.5051712393760681,0.6585133075714111,-0.023251648992300034,0.5226621627807617,0.6437340378761292,-0.021026941016316414,0.535148024559021,0.6324995160102844,-0.01831977069377899
9,left,0.5128617286682129,0.6767268180847168,2.923812303379236e-07,0.5069441199302673,0.620481550693512,-0.006884035654366016,0.48665374517440796,0.5730710029602051,-0.012648866511881351,0.46643298864364624,0.5424966216087341,-0.018399912863969803,0.44492775201797485,0.5201317667961121,-0.02472909912467003,0.44898101687431335,0.5940597653388977,-0.010026137344539165,0.40811020135879517,0.5750219225883484,-0.02157345972955227,0.37666085362434387,0.561673641204834,-0.029913946986198425,0.3534453213214874,0.5489217042922974,-0.035628095269203186,0.43649694323539734,0.6209088563919067,-0.01301729679107666,0.3919016718864441,0.601984977722168,-0.025734663009643555,0.3555617034435272,0.5859195590019226,-0.03638654202222824,0.3263663053512573,0.5704233646392822,-0.04362645745277405,0.4278492331504822,0.6492078304290771,-0.016167422756552696,0.3845825791358948,0.6309670805931091,-0.028790391981601715,0.35356664657592773,0.6204155087471008,-0.03548569604754448,0.3291192352771759,0.6092299222946167,-0.03893575444817543,0.4261360168457031,0.6776818633079529,-0.01947152055799961,0.3927777111530304,0.669059157371521,-0.03181205317378044,0.37072479724884033,0.6642884016036987,-0.03619155287742615,0.35155725479125977,0.6583064794540405,-0.037500906735658646
10,right,0.380782812833786,0.7132632732391357,1.6069699881882116e-07,0.37339267134666443,0.6496543884277344,-0.002014480298385024,0.3793973922729492,0.5936834216117859,-0.006136138457804918,0.39637887477874756,0.55582594871521,-0.00979221984744072,0.41228336095809937,0.5317795276641846,-0.012984088622033596,0.4371090829372406,0.596308708190918,-0.0140229482203722,0.47991862893104553,0.561696469783783,-0.018584365025162697,0.5021733045578003,0.546500563621521,-0.01902272179722786,0.5170057415962219,0.5367527008056641,-0.018297160044312477,0.45556002855300903,0.6252657175064087,-0.017143968492746353,0.4991456866264343,0.587319552898407,-0.018652578815817833,0.5201118588447571,0.5717219710350037,-0.015995321795344353,0.5316095352172852,0.5651766657829285,-0.013853450305759907,0.4676242172718048,0.6576194167137146,-0.01995064690709114,0.5079430341720581,0.6213840842247009,-0.020734062418341637,0.5264288187026978,0.6074500679969788,-0.016778524965047836,0.5361983776092529,0.600370466709137,-0.01400002557784319,0.475261390209198,0.6916135549545288,-0.02300073765218258,0.5096914768218994,0.662868857383728,-0.025544416159391403,0.5267269611358643,0.6473595499992371,-0.022901341319084167,0.5381647944450378,0.6351534128189087,-0.019415512681007385
10,left,0.5114595890045166,0.6950333118438721,3.7953267906232213e-07,0.5074132084846497,0.6347934603691101,-0.011688998900353909,0.48877137899398804,0.5794899463653564,-0.01846790872514248,0.47057241201400757,0.5471633672714233,-0.02326800674200058,0.45097193121910095,0.5208279490470886,-0.028365476056933403,0.4412845969200134,0.60333251953125,-0.015725938603281975,0.4033661186695099,0.5768324732780457,-0.027052707970142365,0.3754042685031891,0.5581285953521729,-0.03472123667597771,0.3537229001522064,0.5425621271133423,-0.0395098552107811,0.42664939165115356,0.6303644180297852,-0.013748809695243835,0.38834452629089355,0.6039823293685913,-0.02545415796339512,0.3584709167480469,0.5832656621932983,-0.03397531807422638,0.3338792324066162,0.5641531944274902,-0.039396509528160095,0.4176383912563324,0.6583043932914734,-0.012192143127322197,0.3788808584213257,0.6362600326538086,-0.0226778332144022,0.35206082463264465,0.6220577955245972,-0.02736099250614643,0.33016470074653625,0.6083298921585083,-0.029572071507573128,0.4147129952907562,0.6862204670906067,-0.011112199164927006,0.381853312253952,0.675336480140686,-0.020980630069971085,0.3627828061580658,0.6673202514648438,-0.023649858310818672,0.34744521975517273,0.6588669419288635,-0.02390817552804947
11,right,0.38225308060646057,0.7125440835952759,1.6989299922443024e-07,0.3745379149913788,0.6476730108261108,-0.0021432607900351286,0.38058337569236755,0.592082142829895,-0.0063950736075639725,0.3980560302734375,0.5549588203430176,-0.010148240253329277,0.4159747362136841,0.5325239896774292,-0.013379041105508804,0.4391563832759857,0.5966042280197144,-0.013281275518238544,0.4821048080921173,0.5622449517250061,-0.0178791806101799,0.5038080215454102,0.5470242500305176,-0.018318261951208115,0.5184810161590576,0.5371907353401184,-0.017412526533007622,0.45736241340637207,0.6255849599838257,-0.016303768381476402,0.5022228956222534,0.5889893770217896,-0.017820997163653374,0.5225628018379211,0.5739409923553467,-0.014763151295483112,0.5329393744468689,0.5678524374961853,-0.012057115323841572,0.4688265323638916,0.6578494310379028,-0.01911241002380848,0.5110499858856201,0.6218519806861877,-0.020044635981321335,0.5288244485855103,0.6084705591201782,-0.015321038663387299,0.5378089547157288,0.6016833186149597,-0.011597859673202038,0.47549495100975037,0.691935658454895,-0.022179052233695984,0.5121368765830994,0.663438618183136,-0.024531707167625427,0.5301304459571838,0.6484888792037964,-0.02115011028945446,0.542499840259552,0.6366825699806213,-0.01685108058154583
11,left,0.5195318460464478,0.69569331407547,1.9817194640836533e-07,0.5059142112731934,0.6376441717147827,-0.0042348746210336685,0.4850273132324219,0.5853973031044006,-0.008287737146019936,0.4668252468109131,0.5469486117362976,-0.012906396761536598,0.4451441168785095,0.5204228162765503,-0.01839614287018776,0.4590228497982025,0.605955958366394,-0.0036044775042682886,0.42253708839416504,0.5862180590629578,-0.014209810644388199,0.3914673626422882,0.5732858180999756,-0.023649826645851135,0.3675597310066223,0.5612037181854248,-0.030588636174798012,0.44867226481437683,0.6298237442970276,-0.00792748387902975,0.4046613872051239,0.6087725758552551,-0.018505806103348732,0.3685622215270996,0.5906088352203369,-0.029735445976257324,0.3386801779270172,0.5742037892341614,-0.038244497030973434,0.44206205010414124,0.6526780724525452,-0.012571539729833603,0.3994559645652771,0.6309453845024109,-0.02421746775507927,0.3671395480632782,0.6161500811576843,-0.03179187327623367,0.34082573652267456,0.603661298751831,-0.036298539489507675,0.44201111793518066,0.6742029190063477,-0.01737828366458416,0.40913447737693787,0.6589245796203613,-0.02870856784284115,0.38538914918899536,0.6507775187492371,-0.033144135028123856,0.3635919690132141,0.6443926095962524,-0.03517263010144234
12,right,0.38262999057769775,0.7125515937805176,1.7050916767402668e-07,0.3746768534183502,0.6472923159599304,-0.0022561741061508656,0.38030463457107544,0.5914587378501892,-0.006730327848345041,0.3977819085121155,0.554961085319519,-0.010614012368023396,0.41577014327049255,0.5335450768470764,-0.013909013010561466,0.4393320083618164,0.5971492528915405,-0.01400984637439251,0.48270100355148315,0.5626194477081299,-0.0184796042740345,0.5038744807243347,0.547448456287384,-0.018424302339553833,0.5174802541732788,0.5376287698745728,-0.017013220116496086,0.45722272992134094,0.6261250972747803,-0.016952764242887497,0.5033676624298096,0.589114248752594,-0.018765224143862724,0.5237858295440674,0.5743424296379089,-0.015460269525647163,0.5338248014450073,0.5687659382820129,-0.012321241199970245,0.4684690535068512,0.6582908034324646,-0.01964295655488968,0.5120325684547424,0.6218351721763611,-0.020793650299310684,0.5298986434936523,0.6090818047523499,-0.01597561687231064,0.5386993288993835,0.6029049754142761,-0.012007138691842556,0.475039005279541,0.6923503875732422,-0.02254125103354454,0.5124141573905945,0.6639701724052429,-0.024653587490320206,0.5305420756340027,0.6498066186904907,-0.020974798128008842,0.543138861656189,0.6389271020889282,-0.0164488572627306
12,left,0.5219299793243408,0.6979749202728271,3.528983825162868e-07,0.5109605193138123,0.6308168768882751,-0.00609408738091588,0.4902373254299164,0.5745660662651062,-0.010788622312247753,0.47144725918769836,0.5408488512039185,-0.015037891454994678,0.44993579387664795,0.5156869888305664,-0.019869711250066757,0.4517853558063507,0.6031908988952637,-0.010706966742873192,0.41158926486968994,0.578021764755249,-0.021900726482272148,0.38168758153915405,0.5601515769958496,-0.02954779751598835,0.35862311720848083,0.5436801910400391,-0.03449156880378723,0.4390729069709778,0.631043016910553,-0.012529642321169376,0.39602869749069214,0.608529269695282,-0.025684716179966927,0.3604421615600586,0.588954508304596,-0.036222003400325775,0.3315137028694153,0.5695953369140625,-0.0430791936814785,0.431461900472641,0.6587109565734863,-0.014231237582862377,0.38926827907562256,0.6388714909553528,-0.026666952297091484,0.35807889699935913,0.6256353855133057,-0.033566828817129135,0.33371835947036743,0.6128941774368286,-0.036960169672966,0.4305388331413269,0.6853960752487183,-0.015900973230600357,0.3955290913581848,0.6747247576713562,-0.02772839553654194,0.3724209666252136,0.6664084792137146,-0.03230651840567589,0.3527258634567261,0.6577762365341187,-0.03371540084481239
13,right,0.38124364614486694,0.7138916254043579,1.615136824284491e-07,0.373879075050354,0.648932695388794,-0.0022319478448480368,0.3794771730899811,0.5925242900848389,-0.006926399655640125,0.39664125442504883,0.5557820200920105,-0.011110210791230202,0.4145601987838745,0.5333946943283081,-0.014661776833236217,0.43827563524246216,0.5974680185317993,-0.0139555549249053,0.48130157589912415,0.5632284879684448,-0.01892208494246006,0.5023601651191711,0.5478155016899109,-0.01933106780052185,0.5159961581230164,0.5376389026641846,-0.018203701823949814,0.45652204751968384,0.6265391111373901,-0.01712125726044178,0.5024436712265015,0.589902937412262,-0.01940726302564144,0.5228227972984314,0.5756949186325073,-0.016369882971048355,0.532604455947876,0.5706338286399841,-0.01330477837473154,0.4680970013141632,0.6588401198387146,-0.020064741373062134,0.5117559432983398,0.6225649118423462,-0.02184436097741127,0.5297636389732361,0.6096587777137756,-0.017056511715054512,0.5383552312850952,0.6033157110214233,-0.012852521613240242,0.4749353229999542,0.6931313276290894,-0.023178478702902794,0.5127028822898865,0.6644505262374878,-0.025618094950914383,0.530637264251709,0.6500381231307983,-0.021797744557261467,0.5426850318908691,0.6390042901039124,-0.016996175050735474
13,left,0.5239124894142151,0.7058252096176147,7.93631969031594e-08,0.5026613473892212,0.6536082625389099,-0.004846301861107349,0.48010310530662537,0.6015778183937073,-0.007620583288371563,0.46119001507759094,0.5578771829605103,-0.011278513818979263,0.4392864406108856,0.5297097563743591,-0.015659011900424957,0.46340441703796387,0.6093869209289551,0.004825256764888763,0.43012139201164246,0.5825667381286621,-0.005619150120764971,0.40038466453552246,0.5690359473228455,-0.016771556809544563,0.37596458196640015,0.5583856105804443,-0.02494557574391365,0.4599519670009613,0.6182022094726562,0.0013810591772198677,0.42334869503974915,0.5906449556350708,-0.008397302590310574,0.386758029460907,0.569710910320282,-0.02047906443476677,0.3551076650619507,0.5541662573814392,-0.030062157660722733,0.4597451984882355,0.6294129490852356,-0.0033946079201996326,0.4238426983356476,0.6009790897369385,-0.013923692516982555,0.3931821584701538,0.5838429927825928,-0.020592672750353813,0.36732956767082214,0.5710945725440979,-0.024983588606119156,0.4646012485027313,0.642352819442749,-0.008831034414470196,0.4375286400318146,0.619958221912384,-0.018310101702809334,0.41531890630722046,0.6093289256095886,-0.020858217030763626,0.39358583092689514,0.6019348502159119,-0.022080684080719948
14,right,0.3810141086578369,0.7135403752326965,1.6521964596449834e-07,0.37335073947906494,0.6484200358390808,-0.002179850358515978,0.3791019320487976,0.5923900008201599,-0.0067649888806045055,0.3965187072753906,0.5560600757598877,-0.01080512534826994,0.41410547494888306,0.5341088175773621,-0.014283562079071999,0.43760862946510315,0.5982657074928284,-0.014322688803076744,0.4814050495624542,0.5639196634292603,-0.019180413335561752,0.5024975538253784,0.5483092069625854,-0.01934250257909298,0.5159631967544556,0.5380477905273438,-0.018008122220635414,0.45557495951652527,0.6275071501731873,-0.017422256991267204,0.5021589398384094,0.5905799865722656,-0.019618423655629158,0.5227457284927368,0.5759477615356445,-0.016486380249261856,0.5326109528541565,0.5705919861793518,-0.01340933796018362,0.4670969545841217,0.6598060131072998,-0.02025441825389862,0.5111621618270874,0.6232380270957947,-0.021734923124313354,0.5293443202972412,0.6102937459945679,-0.016962941735982895,0.5381615161895752,0.6039959192276001,-0.012935581617057323,0.47407740354537964,0.6940094232559204,-0.023274758830666542,0.5116698741912842,0.6655654311180115,-0.025737304240465164,0.529849112033844,0.6507793664932251,-0.02226438745856285,0.5423362255096436,0.6391857266426086,-0.01779966615140438
14,left,0.523095965385437,0.7051644921302795,2.607609133065125e-07,0.5096743702888489,0.6380693912506104,-0.006882072426378727,0.48941677808761597,0.5801459550857544,-0.012127559632062912,0.46911317110061646,0.5426728129386902,-0.017349133267998695,0.4461645781993866,0.517249584197998,-0.02359980344772339,0.45884427428245544,0.6061570048332214,-0.008484133519232273,0.4202174246311188,0.582740068435669,-0.020893020555377007,0.38837531208992004,0.567038893699646,-0.03144310787320137,0.363567590713501,0.5526463389396667,-0.03881125524640083,0.44815394282341003,0.6320232152938843,-0.011118429712951183,0.4032912850379944,0.6100113391876221,-0.023396363481879234,0.3663825988769531,0.59189373254776,-0.03539471700787544,0.33566343784332275,0.5756396651268005,-0.044160205870866776,0.44091811776161194,0.6568204760551453,-0.014058318920433521,0.39737263321876526,0.6346962451934814,-0.026393568143248558,0.36361977458000183,0.6194804906845093,-0.03403031453490257,0.33664602041244507,0.6070417761802673,-0.03837686777114868,0.4392372965812683,0.6804460287094116,-0.017337828874588013,0.4039230942726135,0.6647568345069885,-0.028808770701289177,0.3788043260574341,0.6549839377403259,-0.033271800726652145,0.3568724989891052,0.6477832198143005,-0.03514732047915459
15,right,0.3808767795562744,0.7138973474502563,1.641256091033938e-07,0.3732433617115021,0.6490919589996338,-0.0020954885985702276,0.3786734640598297,0.5929286479949951,-0.006693281698971987,0.3960628807544708,0.5564061403274536,-0.010865243151783943,0.41399815678596497,0.5337299704551697,-0.014479762874543667,0.4370957911014557,0.5981436967849731,-0.013683696277439594,0.4805350601673126,0.5639427900314331,-0.01852509379386902,0.501624345779419,0.5487352013587952,-0.01888282597064972,0.5153632164001465,0.5387380123138428,-0.017757970839738846,0.4552454352378845,0.6272580027580261,-0.01689593307673931,0.5014677047729492,0.590598464012146,-0.018966805189847946,0.522028923034668,0.5762693881988525,-0.016079897060990334,0.5319470167160034,0.5711536407470703,-0.013279486447572708,0.46683967113494873,0.6597049832344055,-0.019876310601830482,0.5108402371406555,0.6234197020530701,-0.021307675167918205,0.5287981033325195,0.610748291015625,-0.01669800654053688,0.5373328924179077,0.6045396327972412,-0.0128528056666255,0.4738917350769043,0.6942870616912842,-0.02304849773645401,0.5116313695907593,0.6661295294761658,-0.025530505925416946,0.5297682285308838,0.6514131426811218,-0.022119080647826195,0.5421276092529297,0.6397935748100281,-0.017727971076965332
15,left,0.5229485630989075,0.6996226906776428,2.2378499409114738e-07,0.5090817213058472,0.6358776092529297,-0.005559977144002914,0.48853766918182373,0.5809599757194519,-0.010978788137435913,0.46829402446746826,0.5437021255493164,-0.01666896604001522,0.44588881731033325,0.5170132517814636,-0.02354555018246174,0.4621948301792145,0.6049848794937134,-0.007061969488859177,0.4287194609642029,0.5860692262649536,-0.01840490661561489,0.4009373188018799,0.5729465484619141,-0.02868456207215786,0.3781195282936096,0.56039959192276,-0.03609151020646095,0.45317792892456055,0.6300729513168335,-0.01043354906141758,0.41345176100730896,0.6099652647972107,-0.02125113643705845,0.37711361050605774,0.5931550860404968,-0.03242315724492073,0.34504270553588867,0.5780735015869141,-0.04078403487801552,0.4470563530921936,0.6535487174987793,-0.014023609459400177,0.40866249799728394,0.6336119771003723,-0.025495151057839394,0.37739434838294983,0.6187746524810791,-0.03185558319091797,0.35102570056915283,0.6061017513275146,-0.03546597436070442,0.44620078802108765,0.676052987575531,-0.017905116081237793,0.41539138555526733,0.6605463027954102,-0.028743987902998924,0.39109814167022705,0.651166558265686,-0.031958408653736115,0.3688947558403015,0.6444800496101379,-0.032977260649204254
16,right,0.3801935911178589,0.713782548904419,1.665210334067524e-07,0.3726869523525238,0.649032711982727,-0.0022276306990534067,0.3787176311016083,0.5929654836654663,-0.006776561960577965,0.3967788517475128,0.556657612323761,-0.01080259121954441,0.4142259359359741,0.533808708190918,-0.014259081333875656,0.43705233931541443,0.5983290076255798,-0.013962245546281338,0.4808841347694397,0.5638428330421448,-0.0185939259827137,0.5020995140075684,0.5482337474822998,-0.018797243013978004,0.5154306888580322,0.5378577709197998,-0.017637629061937332,0.4551616907119751,0.6272220611572266,-0.017133349552750587,0.5015795826911926,0.5899606347084045,-0.01900811307132244,0.5219655632972717,0.5753728747367859,-0.016119010746479034,0.5315282940864563,0.5698255896568298,-0.013438219204545021,0.4667810797691345,0.6594387888908386,-0.02004346065223217,0.51083904504776,0.622446596622467,-0.021231617778539658,0.528635561466217,0.6101018786430359,-0.016752710565924644,0.5369226336479187,0.6042686700820923,-0.013193999417126179,0.4738387167453766,0.6939299702644348,-0.02317018248140812,0.511513352394104,0.6659163236618042,-0.025596247985959053,0.5297056436538696,0.6515719294548035,-0.022417010739445686,0.5420102477073669,0.6402409076690674,-0.018356364220380783
16,left,0.5253577828407288,0.702679455280304,2.7850506967297406e-07,0.5062345862388611,0.6429034471511841,-0.003382316557690501,0.4821475148200989,0.5899890065193176,-0.008446863852441311,0.4622395932674408,0.5551212430000305,-0.013867290690541267,0.43991440534591675,0.5313788652420044,-0.02032896876335144,0.4566397964954376,0.6119126677513123,-0.008335708640515804,0.4188048243522644,0.5921199917793274,-0.020800571888685226,0.38988828659057617,0.5769201517105103,-0.030958116054534912,0.36771368980407715,0.5613383054733276,-0.037552449852228165,0.4512864649295807,0.6358732581138611,-0.013069191947579384,0.40945419669151306,0.6170393824577332,-0.025026878342032433,0.37243011593818665,0.6000486612319946,-0.03565066307783127,0.3413170874118805,0.582324743270874,-0.0431029349565506,0.4496321380138397,0.6594784259796143,-0.01769470050930977,0.41117846965789795,0.6405867338180542,-0.028820523992180824,0.3817306160926819,0.6256329417228699,-0.032965175807476044,0.35820046067237854,0.6113534569740295,-0.03477010503411293,0.45327478647232056,0.68230801820755,-0.02254851534962654,0.4224982261657715,0.6680452227592468,-0.03178388252854347,0.4009264409542084,0.6563512086868286,-0.032370664179325104,0.38182148337364197,0.6463552117347717,-0.031476542353630066
17,right,0.38028818368911743,0.714289665222168,1.6445733308501076e-07,0.37298721075057983,0.6490713357925415,-0.0018334077904000878,0.3791751563549042,0.592749297618866,-0.006336927879601717,0.3967341482639313,0.5561221837997437,-0.010356279090046883,0.41381287574768066,0.53361576795578,-0.013840839266777039,0.43711379170417786,0.5979037284851074,-0.014440705068409443,0.4809665381908417,0.5632936954498291,-0.01908845268189907,0.5019663572311401,0.5483550429344177,-0.01898544281721115,0.5153059959411621,0.5388317108154297,-0.017507441341876984,0.4552212059497833,0.6272284984588623,-0.017723701894283295,0.5016683340072632,0.5899968147277832,-0.019651124253869057,0.522006630897522,0.5760177373886108,-0.016358181834220886,0.5316823124885559,0.5712719559669495,-0.013253596611320972,0.46687111258506775,0.6597998738288879,-0.020648527890443802,0.5109780430793762,0.6230282187461853,-0.02183094434440136,0.5287346839904785,0.6108546853065491,-0.016884423792362213,0.5370470285415649,0.6053268909454346,-0.012841695919632912,0.4738689064979553,0.6943268775939941,-0.02374069206416607,0.5117300748825073,0.6658390760421753,-0.026105515658855438,0.5301686525344849,0.6514329314231873,-0.022614480927586555,0.5428480505943298,0.6403608322143555,-0.018162451684474945
17,left,0.5226675271987915,0.7034633755683899,3.482966235424101e-07,0.515461802482605,0.6334996223449707,-0.008521667681634426,0.4955877661705017,0.5763532519340515,-0.014597826637327671,0.4753866493701935,0.542170524597168,-0.020082922652363777,0.45197415351867676,0.5181267261505127,-0.026298563927412033,0.45549100637435913,0.6034683585166931,-0.012468463741242886,0.41370585560798645,0.5788751840591431,-0.025068679824471474,0.38235360383987427,0.560768723487854,-0.03427916392683983,0.357713907957077,0.5445783138275146,-0.04015757143497467,0.44238173961639404,0.6320480108261108,-0.013893253169953823,0.3979639410972595,0.6088698506355286,-0.027093343436717987,0.3608604669570923,0.5904533863067627,-0.03814239799976349,0.3300777077674866,0.5730147957801819,-0.0453491173684597,0.43367257714271545,0.6604381799697876,-0.015445313416421413,0.3912203311920166,0.6397839784622192,-0.02756522223353386,0.3586174249649048,0.6265596747398376,-0.034052979201078415,0.33294716477394104,0.613885760307312,-0.03722963482141495,0.4311286509037018,0.688267707824707,-0.017385922372341156,0.3956156373023987,0.6768048405647278,-0.028396006673574448,0.37128353118896484,0.6691045761108398,-0.031865715980529785,0.35094931721687317,0.6612446308135986,-0.03251555189490318
18,right,0.37995946407318115,0.7151833176612854,1.6887126719211665e-07,0.3727366030216217,0.6498294472694397,-0.0017459606751799583,0.37882882356643677,0.5936781167984009,-0.0061159636825323105,0.39632898569107056,0.556809663772583,-0.010015130043029785,0.4139733910560608,0.534240186214447,-0.013269360177218914,0.43678557872772217,0.5989382266998291,-0.013563037849962711,0.4808642268180847,0.5646870136260986,-0.017832063138484955,0.5020322203636169,0.549363374710083,-0.01746979169547558,0.5157607197761536,0.5393451452255249,-0.015888158231973648,0.45476096868515015,0.627837598323822,-0.016826795414090157,0.5012362599372864,0.5911264419555664,-0.01845264621078968,0.522122859954834,0.5767496824264526,-0.015020894818007946,0.5325891375541687,0.571506142616272,-0.011901453137397766,0.46642056107521057,0.6600622534751892,-0.019781004637479782,0.5105673670768738,0.6236607432365417,-0.020767642185091972,0.5287315249443054,0.6112667322158813,-0.015670061111450195,0.537672758102417,0.605331540107727,-0.011585421860218048,0.4736326336860657,0.6945286393165588,-0.022922424599528313,0.5114285945892334,0.6663758158683777,-0.024987252429127693,0.5298652052879333,0.652024507522583,-0.021299099549651146,0.5426679849624634,0.6409443616867065,-0.016784923151135445
18,left,0.5166297554969788,0.7084256410598755,3.2011308803703287e-07,0.5052240490913391,0.655182957649231,-0.010246781632304192,0.48487162590026855,0.6009001731872559,-0.014694624580442905,0.46755558252334595,0.5685893297195435,-0.017416201531887054,0.4488116502761841,0.5429527759552002,-0.01986728236079216,0.4425622522830963,0.6133036613464355,-0.010831300169229507,0.4065850079059601,0.5841113924980164,-0.022245939821004868,0.3788810074329376,0.5633362531661987,-0.03018488548696041,0.35774463415145874,0.5463250875473022,-0.03501114621758461,0.42898228764533997,0.6341888308525085,-0.009282468818128109,0.3910868167877197,0.6056346893310547,-0.020586445927619934,0.36136019229888916,0.583031177520752,-0.02803698740899563,0.3368050158023834,0.5617678165435791,-0.03244379907846451,0.421234667301178,0.6559662222862244,-0.008655435405671597,0.38302692770957947,0.6318644881248474,-0.019352082163095474,0.3563443422317505,0.6158328652381897,-0.023729389533400536,0.33392053842544556,0.6003268957138062,-0.025368256494402885,0.4191793203353882,0.6788567900657654,-0.008641061373054981,0.38609933853149414,0.6671862006187439,-0.019246358424425125,0.3666568696498871,0.6582627296447754,-0.02246672660112381,0.3506472110748291,0.6488422751426697,-0.02294594794511795
19,right,0.38032135367393494,0.7154462933540344,1.663213566871491e-07,0.3730194568634033,0.6502518653869629,-0.001627441612072289,0.37900394201278687,0.593995213508606,-0.005971554666757584,0.3968345522880554,0.5573263764381409,-0.00982643011957407,0.41420742869377136,0.5353154540061951,-0.01301459688693285,0.4372136890888214,0.5997030735015869,-0.014311217702925205,0.48153209686279297,0.5649164319038391,-0.018835272639989853,0.5026180148124695,0.5492629408836365,-0.018473882228136063,0.5157825350761414,0.5390382409095764,-0.016733871772885323,0.45502984523773193,0.6288209557533264,-0.017593633383512497,0.5019903182983398,0.5910225510597229,-0.019528482109308243,0.5224012732505798,0.5763532519340515,-0.015712836757302284,0.5316453576087952,0.5710608959197998,-0.012024153023958206,0.4665989875793457,0.6610612869262695,-0.020494749769568443,0.5111943483352661,0.6236543655395508,-0.0215144082903862,0.5290113687515259,0.6111628413200378,-0.015757787972688675,0.5370290279388428,0.605367124080658,-0.01097816787660122,0.4736567437648773,0.6955060362815857,-0.02359251119196415,0.5119079351425171,0.6666966676712036,-0.025791196152567863,0.5301049947738647,0.6523563861846924,-0.021736882627010345,0.5421462655067444,0.6413607001304626,-0.016704078763723373
19,left,0.5152685642242432,0.7048535943031311,3.5193568237446016e-07,0.5096461176872253,0.6400512456893921,-0.012733468785881996,0.4902585744857788,0.5798799395561218,-0.0183608066290617,0.46989142894744873,0.5469470620155334,-0.022191761061549187,0.4492309093475342,0.5204371213912964,-0.02605407126247883,0.437860906124115,0.6031391024589539,-0.011281883344054222,0.4021969735622406,0.5754390954971313,-0.022121582180261612,0.3757147789001465,0.5555360913276672,-0.030327068641781807,0.3548293709754944,0.5388984084129333,-0.03560177981853485,0.4224516451358795,0.6305156350135803,-0.008574475534260273,0.38638925552368164,0.6035758256912231,-0.01913336291909218,0.3582068085670471,0.5826737880706787,-0.027219178155064583,0.33503443002700806,0.5631763935089111,-0.032355427742004395,0.41349291801452637,0.6585907936096191,-0.006919622886925936,0.37612664699554443,0.6355504989624023,-0.016660276800394058,0.35098376870155334,0.6205520033836365,-0.02086745761334896,0.331155389547348,0.6051421165466309,-0.022794783115386963,0.41052010655403137,0.6879032254219055,-0.006143533159047365,0.3771657347679138,0.6777030229568481,-0.015924790874123573,0.3593016266822815,0.67011958360672,-0.01844906248152256,0.3460039496421814,0.6613245010375977,-0.018469562754034996
20,right,0.3797968626022339,0.7157284617424011,1.6845254435793322e-07,0.37284398078918457,0.650416374206543,-0.0018330711172893643,0.3788478374481201,0.5940132141113281,-0.006523544434458017,0.3963257670402527,0.5570311546325684,-0.010703993029892445,0.41349542140960693,0.534744381904602,-0.014261327683925629,0.436451256275177,0.5999980568885803,-0.014917068183422089,0.4807065427303314,0.5654341578483582,-0.019663071259856224,0.5019858479499817,0.5502040386199951,-0.019400939345359802,0.5157483220100403,0.5405692458152771,-0.017742497846484184,0.45467719435691833,0.6293573379516602,-0.018191296607255936,0.5014089345932007,0.591924786567688,-0.020114541053771973,0.5223174095153809,0.5773107409477234,-0.01645868830382824,0.532320499420166,0.5723696351051331,-0.013048351742327213,0.46649518609046936,0.6618049144744873,-0.021077672019600868,0.5107318758964539,0.6249116659164429,-0.02217988111078739,0.5289556384086609,0.6124992966651917,-0.016691070050001144,0.5375204682350159,0.6069308519363403,-0.012226774357259274,0.47371289134025574,0.6962013244628906,-0.024139851331710815,0.5114129185676575,0.6676141023635864,-0.026296375319361687,0.5298489928245544,0.6531147360801697,-0.022358855232596397,0.5424529910087585,0.6421587467193604,-0.017533786594867706
20,left,0.5113248229026794,0.7024499177932739,3.177737823989446e-07,0.5070328712463379,0.6429309844970703,-0.010487398132681847,0.4884834885597229,0.5855622887611389,-0.015343953855335712,0.4706292748451233,0.5523839592933655,-0.018874982371926308,0.4524756371974945,0.5264723300933838,-0.02224753051996231,0.4363032877445221,0.5987808108329773,-0.008974525146186352,0.40156471729278564,0.5724053382873535,-0.018483545631170273,0.37550830841064453,0.555146336555481,-0.025551320984959602,0.3556061387062073,0.540812075138092,-0.030168140307068825,0.41905510425567627,0.6247953176498413,-0.007239155936986208,0.3837469518184662,0.5973228216171265,-0.016544582322239876,0.35688576102256775,0.578826904296875,-0.02338854968547821,0.3347669839859009,0.5609678626060486,-0.02779509499669075,0.4084323048591614,0.6527254581451416,-0.006405962631106377,0.37254688143730164,0.6290897727012634,-0.014770228415727615,0.34873461723327637,0.616592288017273,-0.01796816848218441,0.3294731080532074,0.6034083366394043,-0.019551509991288185,0.40424251556396484,0.6836456060409546,-0.006349171511828899,0.3726269602775574,0.6738969087600708,-0.015246245078742504,0.3550899922847748,0.6672647595405579,-0.01748744212090969,0.34147709608078003,0.6592786908149719,-0.017509981989860535
21,right,0.38116398453712463,0.7161821722984314,1.7133493201981764e-07,0.37396669387817383,0.6511046290397644,-0.002109644701704383,0.3795453906059265,0.5951074957847595,-0.006948802620172501,0.3960716128349304,0.5581974983215332,-0.01128570269793272,0.4129335284233093,0.5355531573295593,-0.015012558549642563,0.4373330771923065,0.6007714867591858,-0.01486295461654663,0.48142051696777344,0.565007209777832,-0.02002476528286934,0.5025322437286377,0.549852728843689,-0.02026142179965973,0.5158748626708984,0.5406097173690796,-0.018898511305451393,0.45527511835098267,0.6300156116485596,-0.01810973323881626,0.5022658705711365,0.5916675925254822,-0.020627275109291077,0.5228676795959473,0.5768962502479553,-0.017606325447559357,0.5325705409049988,0.5716527104377747,-0.01455861609429121,0.46680551767349243,0.662437379360199,-0.02101769484579563,0.5112408995628357,0.6247339248657227,-0.022590044885873795,0.5291324257850647,0.6121893525123596,-0.017644336447119713,0.537312388420105,0.6064860224723816,-0.013478380627930164,0.4737224578857422,0.6969643235206604,-0.02409810945391655,0.5117471814155579,0.6683620810508728,-0.02632937766611576,0.5298715829849243,0.6541997790336609,-0.022394074127078056,0.5418155789375305,0.6433601975440979,-0.017603829503059387
21,left,0.5145342946052551,0.7052853107452393,2.816558719587192e-07,0.5100697875022888,0.6485944986343384,-0.01001654751598835,0.4924352765083313,0.5910909175872803,-0.015207252465188503,0.47384393215179443,0.5576693415641785,-0.01931694708764553,0.45321282744407654,0.5323509573936462,-0.023180998861789703,0.44064095616340637,0.6010705232620239,-0.0073296139016747475,0.4057846665382385,0.5759521126747131,-0.017233652994036674,0.3791508376598358,0.5592414736747742,-0.025075046345591545,0.35862064361572266,0.5459520220756531,-0.03027273900806904,0.42346668243408203,0.6262342929840088,-0.006696382071822882,0.3873137831687927,0.5983564257621765,-0.015594139695167542,0.3599949777126312,0.5787783265113831,-0.022237733006477356,0.3370424807071686,0.5610274076461792,-0.02652590721845627,0.4127212166786194,0.6535448431968689,-0.007253316231071949,0.37610775232315063,0.6290542483329773,-0.015757374465465546,0.35185158252716064,0.6145033836364746,-0.018284384161233902,0.33138853311538696,0.6007272005081177,-0.019325848668813705,0.40802139043807983,0.6830195188522339,-0.008652178570628166,0.3747360110282898,0.6729620695114136,-0.017683040350675583,0.3560793101787567,0.6660686135292053,-0.01919480413198471,0.3414677083492279,0.6580218076705933,-0.018579842522740364
22,right,0.3797524869441986,0.7165156602859497,1.6935317148636386e-07,0.3724581003189087,0.651048481464386,-0.0020889437291771173,0.3787696063518524,0.5946545004844666,-0.006824396550655365,0.39645326137542725,0.557976484298706,-0.01104026474058628,0.41296300292015076,0.534909188747406,-0.014695493504405022,0.43657392263412476,0.6004809141159058,-0.014609957113862038,0.4803781807422638,0.5654721856117249,-0.019420204684138298,0.5016738772392273,0.5500316619873047,-0.019466644152998924,0.5153977870941162,0.540440559387207,-0.01807243376970291,0.45490700006484985,0.6297605037689209,-0.017907414585351944,0.5012855529785156,0.5919561386108398,-0.01986038126051426,0.5220712423324585,0.577122151851654,-0.016503416001796722,0.5318407416343689,0.5721016526222229,-0.013338982127606869,0.46665504574775696,0.6621531248092651,-0.020888902246952057,0.510730504989624,0.6250748038291931,-0.02213604375720024,0.5287865400314331,0.6124328374862671,-0.016919199377298355,0.5370137095451355,0.6069367527961731,-0.012632994912564754,0.4737450182437897,0.6965360641479492,-0.0240719486027956,0.5115981101989746,0.6679304838180542,-0.026347314938902855,0.5300242304801941,0.6534106731414795,-0.022508088499307632,0.5423351526260376,0.6425756812095642,-0.017766809090971947
22,left,0.5133427977561951,0.7065460681915283,2.7586995088313415e-07,0.5035898089408875,0.6536383032798767,-0.008113628253340721,0.48324820399284363,0.5989927053451538,-0.011857681907713413,0.4655332565307617,0.5655949711799622,-0.014635542407631874,0.448138564825058,0.5389236211776733,-0.017212895676493645,0.43491384387016296,0.6081082820892334,-0.0054443697445094585,0.3986411392688751,0.5832356214523315,-0.014284273609519005,0.37141138315200806,0.5675768852233887,-0.021222079172730446,0.35026854276657104,0.5549948811531067,-0.025969522073864937,0.4202689528465271,0.6302356719970703,-0.005089163780212402,0.38498571515083313,0.6014719605445862,-0.013650503009557724,0.3578828275203705,0.5820453763008118,-0.020296595990657806,0.3355255722999573,0.5637692213058472,-0.024636149406433105,0.41157615184783936,0.6546148061752319,-0.00568726472556591,0.3764747381210327,0.6297410130500793,-0.013486180454492569,0.3525577485561371,0.6150016784667969,-0.015826672315597534,0.3324342370033264,0.6005839109420776,-0.016811246052384377,0.4087834358215332,0.6820404529571533,-0.007007484789937735,0.3762761354446411,0.6712684631347656,-0.015467611141502857,0.35806339979171753,0.663219153881073,-0.016838140785694122,0.3432862162590027,0.6547525525093079,-0.01626313291490078
23,right,0.37955036759376526,0.7159068584442139,1.690477944293889e-07,0.37251102924346924,0.6509580612182617,-0.0019274771912023425,0.3789668381214142,0.5941803455352783,-0.006357862614095211,0.39714324474334717,0.557222306728363,-0.010297009721398354,0.4139593839645386,0.5346736907958984,-0.013684538193047047,0.436405748128891,0.6002998948097229,-0.014507899060845375,0.4806368947029114,0.565680205821991,-0.019437944516539574,0.5020427703857422,0.550647497177124,-0.019465863704681396,0.5156590938568115,0.5414892435073853,-0.01793815940618515,0.4544373154640198,0.6295436024665833,-0.017751015722751617,0.5015891790390015,0.5920495390892029,-0.019932348281145096,0.5223934650421143,0.5776805877685547,-0.016589196398854256,0.53194260597229,0.5730721354484558,-0.013270479626953602,0.4660697281360626,0.6618419885635376,-0.02066539041697979,0.5107203125953674,0.6247296929359436,-0.0220370814204216,0.5286353230476379,0.6122255921363831,-0.01688523218035698,0.5366840958595276,0.6068809628486633,-0.012485705316066742,0.47315719723701477,0.6961098313331604,-0.023774975910782814,0.5113977193832397,0.6673554182052612,-0.026237942278385162,0.530085027217865,0.6526176929473877,-0.02268773689866066,0.5427579283714294,0.6416539549827576,-0.01805420033633709
23,left,0.5146511197090149,0.7064637541770935,3.101136485383904e-07,0.5100141167640686,0.6458554863929749,-0.010888820514082909,0.491084486246109,0.5871942043304443,-0.016530511900782585,0.4724940061569214,0.5545867681503296,-0.02101234719157219,0.452566534280777,0.528443455696106,-0.025357916951179504,0.4382266700267792,0.6047661304473877,-0.008656545542180538,0.4022253155708313,0.5788085460662842,-0.019333021715283394,0.3758872151374817,0.5607262253761292,-0.027713332325220108,0.3557395935058594,0.5456862449645996,-0.03312869742512703,0.4216989576816559,0.6306133270263672,-0.007151165045797825,0.38527563214302063,0.6026888489723206,-0.01672210358083248,0.35834288597106934,0.5825130343437195,-0.023934781551361084,0.3361016511917114,0.5636414289474487,-0.028626497834920883,0.4113731384277344,0.6576135754585266,-0.006785589735955,0.3747382164001465,0.6325185298919678,-0.015065197832882404,0.3505665063858032,0.6170487403869629,-0.01738949865102768,0.3304867148399353,0.6018378138542175,-0.01831776835024357,0.407092422246933,0.6871732473373413,-0.007375039160251617,0.37437814474105835,0.6745797991752625,-0.015312748961150646,0.35620397329330444,0.6653432846069336,-0.016177313402295113,0.34205278754234314,0.6558310985565186,-0.015282914973795414
24,right,0.38032907247543335,0.715653121471405,1.683685724174211e-07,0.3731960356235504,0.6506837010383606,-0.0015921118902042508,0.37895646691322327,0.5946851968765259,-0.0062376270070672035,0.39635685086250305,0.5579020380973816,-0.010460794903337955,0.41347116231918335,0.5350874066352844,-0.014180321246385574,0.4364124834537506,0.6005901098251343,-0.014677833765745163,0.48072725534439087,0.5655465126037598,-0.01949787698686123,0.5020449757575989,0.550188422203064,-0.019458550959825516,0.515810489654541,0.5404231548309326,-0.018010960891842842,0.45435231924057007,0.6295334696769714,-0.01817222312092781,0.501592755317688,0.5921376347541809,-0.02033402770757675,0.522368311882019,0.5779433846473694,-0.01707383804023266,0.532254159450531,0.5732991099357605,-0.013967392966151237,0.46604639291763306,0.6617504358291626,-0.02126096934080124,0.5107319355010986,0.6250988841056824,-0.022496292367577553,0.5287603735923767,0.612814724445343,-0.01740044355392456,0.5372376441955566,0.6071718335151672,-0.013272831216454506,0.47330382466316223,0.6962884068489075,-0.024501658976078033,0.5115675330162048,0.667746365070343,-0.026740148663520813,0.530036449432373,0.6534574031829834,-0.023009557276964188,0.5426312685012817,0.64243084192276,-0.018425799906253815
24,left,0.5130147933959961,0.7087445259094238,2.5784456170185877e-07,0.5013190507888794,0.6639400124549866,-0.006613684352487326,0.48059841990470886,0.6138379573822021,-0.010040024295449257,0.46391019225120544,0.5834487676620483,-0.012613250873982906,0.447577565908432,0.559077262878418,-0.014978844672441483,0.4371480941772461,0.6129047274589539,-0.005536068696528673,0.40116655826568604,0.5882272720336914,-0.014472530223429203,0.3742862045764923,0.5719994306564331,-0.021127788349986076,0.35376495122909546,0.5586478114128113,-0.025594763457775116,0.4220406711101532,0.6319019198417664,-0.005827177315950394,0.38576987385749817,0.6022668480873108,-0.014423803426325321,0.35914504528045654,0.581979513168335,-0.02020934782922268,0.3373747766017914,0.5632850527763367,-0.0238689836114645,0.4120711088180542,0.6534764170646667,-0.006964384578168392,0.37651264667510986,0.6262974143028259,-0.014138254337012768,0.3528231382369995,0.6101585030555725,-0.0154834920540452,0.3322692811489105,0.5952292084693909,-0.015840135514736176,0.40748143196105957,0.6786263585090637,-0.008764014579355717,0.37478530406951904,0.6647451519966125,-0.01614108867943287,0.3569440543651581,0.654787003993988,-0.016643179580569267,0.3424542248249054,0.6454246640205383,-0.01567494124174118
25,right,0.3803229331970215,0.7158652544021606,1.6636205657505343e-07,0.372903972864151,0.6509072780609131,-0.0024021442513912916,0.37869811058044434,0.5944700241088867,-0.006843978073447943,0.3967282772064209,0.5580519437789917,-0.010652635246515274,0.4135085344314575,0.5356825590133667,-0.013854343444108963,0.43668508529663086,0.6003079414367676,-0.014284826815128326,0.48026397824287415,0.5657806992530823,-0.01875372976064682,0.5013720393180847,0.5499841570854187,-0.01865242049098015,0.5148057341575623,0.5395727753639221,-0.017281847074627876,0.45502468943595886,0.6294727921485901,-0.01725820079445839,0.5009159445762634,0.5921515822410583,-0.01896144635975361,0.5216757655143738,0.5773743987083435,-0.01577124372124672,0.5319494605064392,0.5718178153038025,-0.012885959818959236,0.4668685495853424,0.6619929671287537,-0.019949818029999733,0.5103877782821655,0.6252683401107788,-0.021204810589551926,0.5283834338188171,0.6127848029136658,-0.016433313488960266,0.5370168089866638,0.6069084405899048,-0.012564749456942081,0.47419819235801697,0.6968297958374023,-0.02284597046673298,0.5116897821426392,0.6685560941696167,-0.025202622637152672,0.5297176837921143,0.6544057130813599,-0.021605832502245903,0.5419427156448364,0.6436002254486084,-0.017148954793810844
25,left,0.5115326642990112,0.7079957127571106,2.3025387463349034e-07,0.4928818941116333,0.6728876829147339,-0.007540770340710878,0.4696688950061798,0.6281147003173828,-0.010999097488820553,0.45380115509033203,0.5971670746803284,-0.013712836429476738,0.4377458095550537,0.57269287109375,-0.0160145852714777,0.4304710626602173,0.6228225231170654,-0.004321369808167219,0.3938634991645813,0.5985039472579956,-0.013305505737662315,0.36632174253463745,0.5828993320465088,-0.02064570225775242,0.34456491470336914,0.5700319409370422,-0.025800954550504684,0.4200057089328766,0.6345027089118958,-0.004709875211119652,0.3847849667072296,0.6050238609313965,-0.013414520770311356,0.35701268911361694,0.5848115682601929,-0.02022545039653778,0.33383089303970337,0.5664465427398682,-0.024576660245656967,0.4144142270088196,0.6481313705444336,-0.006154093891382217,0.37983939051628113,0.6233493089675903,-0.013186493888497353,0.35474005341529846,0.6080397367477417,-0.015047319233417511,0.3326009511947632,0.5932472944259644,-0.015770327299833298,0.4140019714832306,0.6657559871673584,-0.008546953089535236,0.38184309005737305,0.6557433009147644,-0.015123482793569565,0.3634023070335388,0.6488531827926636,-0.014981216751039028,0.34836697578430176,0.6423241496086121,-0.013761883601546288
26,right,0.3799284100532532,0.714739978313446,1.7583349176675256e-07,0.3722730278968811,0.6502653956413269,-0.0023620750289410353,0.37878841161727905,0.5940563678741455,-0.006923747714608908,0.3969346880912781,0.5574315190315247,-0.01085013896226883,0.4128674566745758,0.5338150262832642,-0.014275872148573399,0.43669822812080383,0.5996378660202026,-0.014815881848335266,0.4805198013782501,0.5644830465316772,-0.01936706155538559,0.501865565776825,0.5493719577789307,-0.01939026266336441,0.5157495141029358,0.5398664474487305,-0.018025588244199753,0.4544903039932251,0.6286492943763733,-0.017759094014763832,0.5012620687484741,0.5909551978111267,-0.019453015178442,0.5219525098800659,0.57663494348526,-0.016090698540210724,0.5316140055656433,0.5720345377922058,-0.012950960546731949,0.46582576632499695,0.6609880328178406,-0.020392360165715218,0.5102910995483398,0.6241992115974426,-0.0214419886469841,0.5278917551040649,0.6118811964988708,-0.016613228246569633,0.535922110080719,0.6064997315406799,-0.012608194723725319,0.4728574752807617,0.6954736709594727,-0.023242855444550514,0.5112882256507874,0.6673664450645447,-0.025644900277256966,0.5301427841186523,0.6527012586593628,-0.022494249045848846,0.5432227849960327,0.6414457559585571,-0.018283694982528687
26,left,0.5098598003387451,0.688593864440918,1.7474917513027322e-07,0.48977842926979065,0.6502977013587952,-0.005546516738831997,0.4674147069454193,0.6080349683761597,-0.00966907013207674,0.4507450461387634,0.5735318660736084,-0.013852307572960854,0.4317608177661896,0.5488354563713074,-0.01819542609155178,0.43977126479148865,0.6138631701469421,-0.006086693145334721,0.40442484617233276,0.58714759349823,-0.016518522053956985,0.3765870928764343,0.57053542137146,-0.02455929107964039,0.3563406765460968,0.5552549362182617,-0.030257562175393105,0.43342646956443787,0.6263206005096436,-0.009085999801754951,0.39213380217552185,0.6064077019691467,-0.01961539313197136,0.35978391766548157,0.5894109606742859,-0.028306296095252037,0.3340633511543274,0.5739283561706543,-0.034506700932979584,0.43134984374046326,0.6404547691345215,-0.012747185304760933,0.3910890221595764,0.6227753162384033,-0.02339007891714573,0.3619421124458313,0.6112498641014099,-0.028567520901560783,0.33874398469924927,0.6011759042739868,-0.03137962147593498,0.4357852041721344,0.6563047170639038,-0.016870148479938507,0.4028673768043518,0.6482411026954651,-0.02740110643208027,0.3806129992008209,0.6438477635383606,-0.03064623847603798,0.3613576591014862,0.6398752331733704,-0.031695879995822906
27,right,0.3797397017478943,0.7154752612113953,1.7452252620842046e-07,0.37190675735473633,0.6503744721412659,-0.0027830300386995077,0.37771230936050415,0.5940391421318054,-0.007872156798839569,0.39533379673957825,0.557222306728363,-0.012256115674972534,0.4121551513671875,0.5352067351341248,-0.01609351485967636,0.43610695004463196,0.599750280380249,-0.015645325183868408,0.48047152161598206,0.5652582049369812,-0.020453644916415215,0.50175541639328,0.5497866868972778,-0.020586222410202026,0.5152941942214966,0.5396944284439087,-0.01936962455511093,0.4542493224143982,0.6290619969367981,-0.018585577607154846,0.5011228322982788,0.5917116403579712,-0.020638778805732727,0.5220387578010559,0.5773693919181824,-0.01759796217083931,0.5319789052009583,0.5724307298660278,-0.014833729714155197,0.4658322036266327,0.6613974571228027,-0.021215008571743965,0.5099996328353882,0.6248108148574829,-0.02247442677617073,0.528307318687439,0.6121079921722412,-0.018009288236498833,0.5369846820831299,0.6063289046287537,-0.014469983987510204,0.4729781746864319,0.6956573724746704,-0.024081863462924957,0.5108741521835327,0.6675979495048523,-0.026628514751791954,0.529593825340271,0.6530338525772095,-0.02361490949988365,0.5425090789794922,0.6419644951820374,-0.0196645800024271
27,left,0.5110438466072083,0.6958366632461548,3.558287744453992e-07,0.5047590732574463,0.635972261428833,-0.010025345720350742,0.48505181074142456,0.5817360281944275,-0.015443602576851845,0.46654772758483887,0.5486710667610168,-0.019371459260582924,0.4469161629676819,0.5239442586898804,-0.02348635531961918,0.43908432126045227,0.6029456257820129,-0.011395103298127651,0.40163111686706543,0.5769630670547485,-0.021344542503356934,0.3752138912677765,0.5580741763114929,-0.028455855324864388,0.35505610704421997,0.5421657562255859,-0.032978981733322144,0.4255366325378418,0.6301792860031128,-0.010295148007571697,0.3881402909755707,0.6040450930595398,-0.021091464906930923,0.35939016938209534,0.5835582613945007,-0.029568107798695564,0.33625108003616333,0.5643760561943054,-0.034896884113550186,0.4175480306148529,0.6581223607063293,-0.009664375334978104,0.37940335273742676,0.6366918087005615,-0.019308844581246376,0.35254406929016113,0.6224905252456665,-0.023700641468167305,0.33115723729133606,0.6079950928688049,-0.025786159560084343,0.41576799750328064,0.6867892146110535,-0.009522577747702599,0.38289809226989746,0.6764668226242065,-0.018556028604507446,0.36395901441574097,0.6692389249801636,-0.02065911889076233,0.34867382049560547,0.6612114310264587,-0.02058047242462635
28,right,0.3798525631427765,0.7156946659088135,1.6787974743692757e-07,0.37252679467201233,0.6504805684089661,-0.0021444587036967278,0.378226637840271,0.5945917367935181,-0.0068297190591692924,0.3955156207084656,0.5577797889709473,-0.010900864377617836,0.4125989079475403,0.5353087782859802,-0.014258618466556072,0.4358307719230652,0.5998603701591492,-0.014839155599474907,0.48010385036468506,0.5650496482849121,-0.019358117133378983,0.5008150935173035,0.5494816303253174,-0.018983468413352966,0.5137190222740173,0.5392389893531799,-0.01729809120297432,0.4539525806903839,0.6289849281311035,-0.017898090183734894,0.5005460977554321,0.5913494229316711,-0.019702795892953873,0.521181583404541,0.57659512758255,-0.016142738983035088,0.5312134027481079,0.5711916089057922,-0.012873999774456024,0.4657151401042938,0.6613331437110901,-0.020583903416991234,0.5097479224205017,0.6246378421783447,-0.021523786708712578,0.5276218056678772,0.6124441027641296,-0.016185248270630836,0.5360571146011353,0.6069170236587524,-0.011894076131284237,0.47296786308288574,0.6959232091903687,-0.023483427241444588,0.5107932090759277,0.6677916646003723,-0.025343259796500206,0.5290905237197876,0.6536038517951965,-0.021333161741495132,0.5415197610855103,0.6429134011268616,-0.01654445379972458
28,left,0.5149411559104919,0.6976186633110046,1.9431145403814298e-07,0.4877375066280365,0.6623696684837341,-0.004905912093818188,0.4616883099079132,0.619770348072052,-0.008970384486019611,0.44404786825180054,0.5826326608657837,-0.013245410285890102,0.4258887767791748,0.5554369688034058,-0.01773180440068245,0.4407166838645935,0.6274208426475525,-0.005612232722342014,0.405539870262146,0.6017399430274963,-0.017502933740615845,0.3763078451156616,0.5847514271736145,-0.026813020929694176,0.35468828678131104,0.569336473941803,-0.03322582319378853,0.4374178349971771,0.6360904574394226,-0.009348355233669281,0.39623335003852844,0.614479124546051,-0.02210395224392414,0.35963526368141174,0.59600430727005,-0.03272857889533043,0.3295699954032898,0.5788319706916809,-0.03994287922978401,0.4377996325492859,0.6454000473022461,-0.013599761761724949,0.39630764722824097,0.6267699003219604,-0.026053249835968018,0.3643310070037842,0.6154325604438782,-0.03229471296072006,0.3381793797016144,0.6049129366874695,-0.03535919263958931,0.44428348541259766,0.6558220982551575,-0.018273018300533295,0.4110453724861145,0.6462492942810059,-0.030236821621656418,0.3868735432624817,0.6417236924171448,-0.03426786884665489,0.36477065086364746,0.6377769708633423,-0.03560645878314972
29,right,0.38013699650764465,0.7147912979125977,1.7092028770093748e-07,0.37268248200416565,0.6495860815048218,-0.0016889481339603662,0.3787974417209625,0.5941598415374756,-0.005994607228785753,0.3962838053703308,0.5580616593360901,-0.009722739458084106,0.4128749966621399,0.5347391366958618,-0.01285015232861042,0.43608590960502625,0.5995875597000122,-0.0147887347266078,0.4801197648048401,0.5639980435371399,-0.019179150462150574,0.5010500550270081,0.5484574437141418,-0.018517732620239258,0.5140947103500366,0.538774847984314,-0.01654774695634842,0.45425766706466675,0.6285467147827148,-0.01794997975230217,0.500880777835846,0.590436577796936,-0.01973200961947441,0.5213879346847534,0.5757911801338196,-0.015881551429629326,0.531044602394104,0.5707738995552063,-0.012230755761265755,0.46602460741996765,0.661048948764801,-0.0206830445677042,0.5101121664047241,0.6237940788269043,-0.021691808477044106,0.527880847454071,0.6114473938941956,-0.016154088079929352,0.5361273288726807,0.6059444546699524,-0.011560320854187012,0.4731537997722626,0.6958037614822388,-0.023549990728497505,0.5111253261566162,0.6675858497619629,-0.025523198768496513,0.5297118425369263,0.6532124876976013,-0.021513966843485832,0.5424443483352661,0.642376720905304,-0.01659855805337429
29,left,0.5138208270072937,0.6962391138076782,2.3476253829812777e-07,0.5004380345344543,0.6421714425086975,-0.006066842470318079,0.47920987010002136,0.5907994508743286,-0.009594099596142769,0.46042266488075256,0.5543039441108704,-0.013024860993027687,0.4398168921470642,0.5286335945129395,-0.016925720497965813,0.44870176911354065,0.6093977093696594,-0.0059151123277843,0.41312187910079956,0.5846434831619263,-0.016134804114699364,0.3847903311252594,0.5673454999923706,-0.02443922497332096,0.36324697732925415,0.5513063073158264,-0.030411290004849434,0.4383029639720917,0.6314844489097595,-0.008302625268697739,0.3962748348712921,0.6102114915847778,-0.018780507147312164,0.36190730333328247,0.591556191444397,-0.02858770452439785,0.33320724964141846,0.5736733078956604,-0.035696841776371,0.4321252703666687,0.6537591814994812,-0.011192211881279945,0.3911263048648834,0.6336970329284668,-0.02252170443534851,0.3604966700077057,0.6200244426727295,-0.029499325901269913,0.33531835675239563,0.6072869896888733,-0.033422231674194336,0.43230071663856506,0.6756197214126587,-0.014391503296792507,0.39921167492866516,0.664491593837738,-0.026234786957502365,0.37592196464538574,0.6583413481712341,-0.031162630766630173,0.35517868399620056,0.6523243188858032,-0.0332261398434639
30,right,0.3795483708381653,0.7156858444213867,1.6302794847433688e-07,0.3719557523727417,0.6506142020225525,-0.0023759156465530396,0.37819498777389526,0.5941311120986938,-0.00677432119846344,0.3963102698326111,0.5572448968887329,-0.010482638143002987,0.4128803610801697,0.5346783399581909,-0.013553275726735592,0.43682268261909485,0.599506139755249,-0.014166241511702538,0.48035699129104614,0.5650773048400879,-0.018343379721045494,0.5012874007225037,0.5492025017738342,-0.018076077103614807,0.5145336985588074,0.5386384725570679,-0.016607964411377907,0.4549578130245209,0.6285820603370667,-0.01704229786992073,0.5008913278579712,0.5913938879966736,-0.018605854362249374,0.5214613080024719,0.576985776424408,-0.015238922089338303,0.5314316153526306,0.571799635887146,-0.01214547362178564,0.4665653705596924,0.6608590483665466,-0.01962851732969284,0.5100222229957581,0.6243917942047119,-0.020623687654733658,0.5280860066413879,0.6116329431533813,-0.015893930569291115,0.5368323922157288,0.6056143641471863,-0.012016061693429947,0.47368839383125305,0.6953805685043335,-0.02243964560329914,0.5114206671714783,0.6671629548072815,-0.02468215860426426,0.5298340916633606,0.6525513529777527,-0.021358536556363106,0.5424976348876953,0.6414635181427002,-0.01707296445965767
30,left,0.5154798626899719,0.7008019685745239,2.332163973051138e-07,0.49880319833755493,0.6488305330276489,-0.00509980320930481,0.47750306129455566,0.5973179936408997,-0.008933709003031254,0.45901814103126526,0.5602631568908691,-0.012856623157858849,0.4389098882675171,0.5345292687416077,-0.017210761085152626,0.4501265287399292,0.6138677597045898,-0.006037254352122545,0.4141507148742676,0.5891090035438538,-0.017326869070529938,0.3840372860431671,0.5721550583839417,-0.02637241594493389,0.3611428141593933,0.5569189190864563,-0.0326850563287735,0.4412597417831421,0.6335135698318481,-0.009079759940505028,0.39927902817726135,0.6117678880691528,-0.02157791145145893,0.3622642159461975,0.5931227207183838,-0.03277141973376274,0.33146432042121887,0.5756617784500122,-0.04049051180481911,0.43617504835128784,0.6534379720687866,-0.012348243035376072,0.3948290944099426,0.6327648758888245,-0.024676473811268806,0.3624129891395569,0.6191492080688477,-0.03159023076295853,0.33562690019607544,0.6068257093429565,-0.03514331579208374,0.4372847080230713,0.6728900671005249,-0.01586638018488884,0.40398359298706055,0.6612836122512817,-0.02838851511478424,0.37951964139938354,0.654752254486084,-0.033260278403759,0.35700723528862,0.6490365266799927,-0.03502263128757477
31,right,0.379940927028656,0.7156112194061279,1.6844353467604378e-07,0.3725225329399109,0.6504351496696472,-0.0021987110376358032,0.37802886962890625,0.5947603583335876,-0.006853804457932711,0.3953394293785095,0.5578925013542175,-0.01100765448063612,0.4127233922481537,0.5342016220092773,-0.014530274085700512,0.4362867474555969,0.5996425151824951,-0.013818143866956234,0.47998881340026855,0.5650408864021301,-0.018303310498595238,0.5009626746177673,0.5495229959487915,-0.018252916634082794,0.5144500732421875,0.5392608642578125,-0.016890808939933777,0.454464852809906,0.6283175945281982,-0.016998646780848503,0.5005775094032288,0.5911723375320435,-0.018723567947745323,0.5213992595672607,0.5765436291694641,-0.015568431466817856,0.5316986441612244,0.5712293982505798,-0.012716606259346008,0.4661484658718109,0.6604589819908142,-0.019955042749643326,0.5097274780273438,0.624239444732666,-0.02112869918346405,0.5278439521789551,0.6118425130844116,-0.016590924933552742,0.5366315245628357,0.6060477495193481,-0.012928796000778675,0.47335198521614075,0.6950194239616394,-0.023135211318731308,0.5110850930213928,0.667273998260498,-0.02543620765209198,0.5296496748924255,0.652919590473175,-0.022202560678124428,0.5424825549125671,0.6418929100036621,-0.018063636496663094
31,left,0.5143538117408752,0.6978932023048401,2.172296262870077e-07,0.4953376352787018,0.6520836353302002,-0.004288229160010815,0.47186973690986633,0.6058233380317688,-0.007436261512339115,0.4526030421257019,0.5719495415687561,-0.01082868967205286,0.4318840205669403,0.5488585233688354,-0.01461879163980484,0.44867831468582153,0.6149293780326843,-0.0050443983636796474,0.41360294818878174,0.5893073081970215,-0.015866195783019066,0.384279727935791,0.5720668435096741,-0.024573421105742455,0.3624165654182434,0.5559441447257996,-0.03064764104783535,0.44038155674934387,0.6329708695411682,-0.008426706306636333,0.39913251996040344,0.6112561225891113,-0.019883910194039345,0.36328041553497314,0.5924137830734253,-0.030121322721242905,0.3334043622016907,0.5742939710617065,-0.03723026439547539,0.43607741594314575,0.6512393355369568,-0.012128405272960663,0.395719975233078,0.6319417357444763,-0.02383808232843876,0.36438360810279846,0.6191522479057312,-0.03042573668062687,0.33856111764907837,0.6073381900787354,-0.03379983454942703,0.4380755126476288,0.6697813868522644,-0.016072263941168785,0.40497344732284546,0.6595423817634583,-0.028168020769953728,0.3809519410133362,0.6538758873939514,-0.03272177278995514,0.3590165078639984,0.6484544277191162,-0.03431938961148262
32,right,0.37968069314956665,0.7155528664588928,1.6993293172617996e-07,0.3722345232963562,0.6504918932914734,-0.002291320124641061,0.37814226746559143,0.5945901274681091,-0.00700292969122529,0.3957817852497101,0.5579016804695129,-0.011074446141719818,0.41291117668151855,0.534705638885498,-0.014427641406655312,0.4362466335296631,0.599670946598053,-0.014545133337378502,0.4799870550632477,0.5650080442428589,-0.019006501883268356,0.500781238079071,0.5493146777153015,-0.018800565972924232,0.5138929486274719,0.539133608341217,-0.0172395259141922,0.45450690388679504,0.628865659236908,-0.017516374588012695,0.5005312561988831,0.591262936592102,-0.01917004957795143,0.5211745500564575,0.5763339400291443,-0.015656426548957825,0.5311504602432251,0.5708340406417847,-0.012418045662343502,0.46622607111930847,0.6612831950187683,-0.020158689469099045,0.5098709464073181,0.6247624158859253,-0.02117283083498478,0.5278583765029907,0.6122915744781494,-0.01589353382587433,0.5361579060554504,0.6064402461051941,-0.011565402150154114,0.47339537739753723,0.6958710551261902,-0.023006794974207878,0.5112613439559937,0.6676931977272034,-0.024903681129217148,0.5292901396751404,0.6536630988121033,-0.02075873129069805,0.5411736965179443,0.6429845094680786,-0.01580597646534443
32,left,0.511685311794281,0.6928216218948364,2.541466983529972e-07,0.4992985725402832,0.6394287347793579,-0.006082572042942047,0.4784449636936188,0.588840663433075,-0.010024123825132847,0.45951926708221436,0.5541313886642456,-0.013839304447174072,0.43893492221832275,0.5300047397613525,-0.018246974796056747,0.4480159282684326,0.6051433086395264,-0.0074555701576173306,0.41251009702682495,0.5817068219184875,-0.018167832866311073,0.3834003806114197,0.5652787089347839,-0.02682473324239254,0.3612930476665497,0.5498993992805481,-0.03302247077226639,0.43709906935691833,0.6285718679428101,-0.01003334205597639,0.39571040868759155,0.6082412004470825,-0.0211220420897007,0.3610420823097229,0.5901122093200684,-0.031406037509441376,0.3322024941444397,0.5727391839027405,-0.03889990970492363,0.43051841855049133,0.6522722840309143,-0.012922678142786026,0.3901095986366272,0.6336706280708313,-0.024591349065303802,0.35957953333854675,0.6208024024963379,-0.03166278451681137,0.33487504720687866,0.6087021231651306,-0.035667773336172104,0.43027275800704956,0.675882875919342,-0.016080385074019432,0.3972363770008087,0.6661472320556641,-0.02822897955775261,0.37431108951568604,0.660617470741272,-0.03327055647969246,0.3539564609527588,0.6548448204994202,-0.03537996858358383
33,right,0.37993568181991577,0.715718686580658,1.7196491342019726e-07,0.37268397212028503,0.6502535343170166,-0.0018109779339283705,0.378745436668396,0.5941868424415588,-0.006229408551007509,0.39617133140563965,0.5574440956115723,-0.010093134827911854,0.4124208688735962,0.5344498753547668,-0.013381196185946465,0.43612051010131836,0.5995034575462341,-0.014630012214183807,0.48028653860092163,0.5640252828598022,-0.019164249300956726,0.5013329982757568,0.548512876033783,-0.018837139010429382,0.5147608518600464,0.5386024117469788,-0.017148997634649277,0.4540209472179413,0.6284205317497253,-0.017794610932469368,0.5008233189582825,0.5904987454414368,-0.019597472622990608,0.5215405821800232,0.5763545632362366,-0.01589907333254814,0.531376302242279,0.5717861652374268,-0.01242024078965187,0.46562206745147705,0.6608100533485413,-0.020607132464647293,0.5099421143531799,0.6239938139915466,-0.02161373943090439,0.5279070138931274,0.6116210222244263,-0.016468090936541557,0.5364062786102295,0.6060576438903809,-0.01220080815255642,0.47289636731147766,0.6956113576889038,-0.023594092577695847,0.511259913444519,0.6671861410140991,-0.02575543150305748,0.5297529101371765,0.6525739431381226,-0.022174227982759476,0.5423955917358398,0.6414948105812073,-0.01761435717344284
33,left,0.5130801796913147,0.6964691877365112,2.2035030156075663e-07,0.4991419017314911,0.6441007256507874,-0.005105405580252409,0.47765424847602844,0.5931628942489624,-0.008741186931729317,0.45927661657333374,0.555877685546875,-0.012630268931388855,0.4392006993293762,0.5300637483596802,-0.017019815742969513,0.44740742444992065,0.6087074279785156,-0.0043744673021137714,0.41113510727882385,0.5849215984344482,-0.014715335331857204,0.38194540143013,0.5685728788375854,-0.02343401126563549,0.3600956201553345,0.5531107783317566,-0.02964615263044834,0.4374198913574219,0.6303290724754333,-0.007498506456613541,0.3953757882118225,0.6097778677940369,-0.018021704629063606,0.3607342541217804,0.5918385982513428,-0.0281770471483469,0.33197107911109924,0.5750975608825684,-0.035531509667634964,0.4315643906593323,0.6515465378761292,-0.011077689938247204,0.3913540244102478,0.6316229104995728,-0.022193633019924164,0.3606271743774414,0.618457019329071,-0.028954893350601196,0.33550190925598145,0.6065506935119629,-0.032726626843214035,0.43209344148635864,0.6725755929946899,-0.014987660571932793,0.3994736671447754,0.6609748005867004,-0.026210665702819824,0.3764059245586395,0.654987096786499,-0.03053414821624756,0.3558606505393982,0.6495897173881531,-0.03221488744020462
34,right,0.37998849153518677,0.7147414088249207,1.7116835238084604e-07,0.3725006878376007,0.6493066549301147,-0.0023722616024315357,0.3784416913986206,0.5937742590904236,-0.007000670302659273,0.39600417017936707,0.5573655962944031,-0.01102682389318943,0.41269049048423767,0.5342535972595215,-0.014444844797253609,0.4363674819469452,0.5998478531837463,-0.01441721711307764,0.47992777824401855,0.5649627447128296,-0.019066857174038887,0.5007423162460327,0.5492676496505737,-0.019108891487121582,0.5139992237091064,0.5390757918357849,-0.017751341685652733,0.4543725550174713,0.628713071346283,-0.017423437908291817,0.5005297064781189,0.5910389423370361,-0.019214771687984467,0.521226167678833,0.5762697458267212,-0.01590888202190399,0.5313687324523926,0.5709533095359802,-0.01290129590779543,0.4658740758895874,0.6606356501579285,-0.020163677632808685,0.5097342133522034,0.6240670680999756,-0.02131977491080761,0.5277974605560303,0.6115502119064331,-0.01633244939148426,0.5364364981651306,0.6058043837547302,-0.012311984784901142,0.4729143977165222,0.6946859359741211,-0.023140711709856987,0.5106521844863892,0.6669394373893738,-0.025277817621827126,0.5291959047317505,0.6528052091598511,-0.021572627127170563,0.5419286489486694,0.6420350670814514,-0.01706559583544731
34,left,0.5125105977058411,0.7019538879394531,1.6773775257661327e-07,0.4797583818435669,0.6762321591377258,-0.006912236101925373,0.45193251967430115,0.6370952725410461,-0.010836675763130188,0.43451547622680664,0.6020563840866089,-0.014481566846370697,0.4168483018875122,0.5769383311271667,-0.018329594284296036,0.4406753182411194,0.6280518770217896,-0.0067626493982970715,0.40647101402282715,0.6002618074417114,-0.018711751326918602,0.37588006258010864,0.5825471878051758,-0.028463901951909065,0.35349470376968384,0.5659123659133911,-0.03537764772772789,0.4388803243637085,0.6343058347702026,-0.009179665707051754,0.3972146213054657,0.6131705045700073,-0.02179763838648796,0.3601415157318115,0.5958482623100281,-0.03283746540546417,0.3297466039657593,0.5802677273750305,-0.04049214720726013,0.4410398006439209,0.6410473585128784,-0.012222979217767715,0.3998086452484131,0.62233567237854,-0.025051722303032875,0.36691078543663025,0.6108054518699646,-0.032241132110357285,0.3398526906967163,0.6010969877243042,-0.03589359670877457,0.44899889826774597,0.6494898796081543,-0.01586322858929634,0.4150574207305908,0.6391788721084595,-0.02900511957705021,0.3896377980709076,0.6347845196723938,-0.03413737937808037,0.36645379662513733,0.6310358047485352,-0.03607558086514473
35,right,0.3802933990955353,0.7151539325714111,1.691256699132282e-07,0.37261468172073364,0.6496298909187317,-0.002261354587972164,0.37839359045028687,0.5937124490737915,-0.006924627814441919,0.3962421119213104,0.557316780090332,-0.010965317487716675,0.4132433533668518,0.5346781015396118,-0.014393960125744343,0.4362640678882599,0.5999537110328674,-0.01491981465369463,0.4805338382720947,0.5650568008422852,-0.019498150795698166,0.5014444589614868,0.5492491126060486,-0.019315000623464584,0.5144476890563965,0.5386813282966614,-0.017814021557569504,0.4542241096496582,0.6292077302932739,-0.018006887286901474,0.5007898211479187,0.5912891626358032,-0.019937565550208092,0.5214293599128723,0.5764070749282837,-0.01655888557434082,0.5314900875091553,0.5708975195884705,-0.01346974354237318,0.4658253788948059,0.6616299748420715,-0.020756442099809647,0.5099489092826843,0.6245435476303101,-0.021902989596128464,0.527788519859314,0.6122176051139832,-0.01688646711409092,0.5362600684165955,0.6065136790275574,-0.012878724373877048,0.4730084538459778,0.696294903755188,-0.023717235773801804,0.511031985282898,0.66810542345047,-0.025930803269147873,0.5292683839797974,0.653972327709198,-0.02223833277821541,0.5416572690010071,0.643140971660614,-0.01773630455136299
35,left,0.5123799443244934,0.7023141980171204,2.1418719597932068e-07,0.4894982576370239,0.660041093826294,-0.004884464666247368,0.4656405448913574,0.6120613813400269,-0.008021404966711998,0.4482898712158203,0.5733449459075928,-0.011290204711258411,0.4302680492401123,0.5463389754295349,-0.01488653477281332,0.44739198684692383,0.6169544458389282,-0.00439351936802268,0.4130431115627289,0.5908090472221375,-0.014877972193062305,0.38342294096946716,0.573685348033905,-0.023438582196831703,0.3614812195301056,0.5574430227279663,-0.02954096533358097,0.4406186044216156,0.6332715749740601,-0.007550980430096388,0.3995237946510315,0.6111135482788086,-0.018927911296486855,0.36351722478866577,0.5919760465621948,-0.029421085491776466,0.3332682251930237,0.5738202333450317,-0.0368092805147171,0.43771713972091675,0.6498508453369141,-0.011113222688436508,0.3972519040107727,0.6302462816238403,-0.02306043542921543,0.3663451075553894,0.6179711222648621,-0.029851380735635757,0.3411148488521576,0.6070384383201599,-0.033317599445581436,0.44057589769363403,0.6668186187744141,-0.0150004792958498,0.4072730839252472,0.6557410955429077,-0.027160201221704483,0.38384127616882324,0.6507832407951355,-0.03183431550860405,0.3624119758605957,0.6460883021354675,-0.033585574477910995
36,right,0.3807217478752136,0.7148480415344238,1.7333782409423293e-07,0.3727297782897949,0.6505593061447144,-0.003136701649054885,0.3781045079231262,0.5944334268569946,-0.008149444125592709,0.3953396677970886,0.5576624870300293,-0.012401086278259754,0.41200244426727295,0.5350032448768616,-0.016034411266446114,0.43662792444229126,0.5994740724563599,-0.01563374698162079,0.48018062114715576,0.5645105838775635,-0.020505467429757118,0.50124192237854,0.5489012002944946,-0.02068222127854824,0.5145286321640015,0.5388724207878113,-0.01942981220781803,0.4546562731266022,0.6282739043235779,-0.018289467319846153,0.5008617043495178,0.5906078219413757,-0.02036154456436634,0.5214037895202637,0.5759514570236206,-0.01729447953402996,0.5311498045921326,0.5708505511283875,-0.014420897699892521,0.46628713607788086,0.6604353189468384,-0.020693503320217133,0.5099326968193054,0.6237909197807312,-0.022075286135077477,0.5277142524719238,0.6111643314361572,-0.01764378324151039,0.5359869599342346,0.6055320501327515,-0.013968332670629025,0.47352051734924316,0.6949325799942017,-0.023370597511529922,0.5112727284431458,0.6671280264854431,-0.025918079540133476,0.5296540260314941,0.6526736617088318,-0.022865628823637962,0.5422153472900391,0.6416178345680237,-0.018787233158946037
36,left,0.5127599239349365,0.7013465762138367,2.2622906215019611e-07,0.4938468933105469,0.652343213558197,-0.0059774345718324184,0.47156980633735657,0.6011537313461304,-0.010050380602478981,0.45427316427230835,0.562446653842926,-0.014252045191824436,0.43517109751701355,0.535582959651947,-0.01899603195488453,0.44762566685676575,0.612805962562561,-0.005691131576895714,0.41189098358154297,0.5880804061889648,-0.01710578054189682,0.38128507137298584,0.5711368322372437,-0.026628954336047173,0.3583296835422516,0.5550123453140259,-0.03342235088348389,0.43957972526550293,0.6330330967903137,-0.008741871453821659,0.3969104290008545,0.612679123878479,-0.020569665357470512,0.3607670068740845,0.5943247675895691,-0.031563807278871536,0.33085256814956665,0.5772821307182312,-0.03944409638643265,0.4352059066295624,0.6530547142028809,-0.01227511651813984,0.39354604482650757,0.6332418322563171,-0.024660492315888405,0.36229777336120605,0.6199283599853516,-0.03156808391213417,0.33682745695114136,0.6079599857330322,-0.035167571157217026,0.4366135895252228,0.6728371977806091,-0.016238363459706306,0.40323102474212646,0.6600332856178284,-0.028657544404268265,0.37984591722488403,0.652860701084137,-0.033405646681785583,0.3585251569747925,0.6465553641319275,-0.0352083221077919
