1,right,0,0,0,0,0,0,0,0,0,0,0,0,0,0,0,0,0,0,0,0,0,0,0,0,0,0,0,0,0,0,0,0,0,0,0,0,0,0,0,0,0,0,0,0,0,0,0,0,0,0,0,0,0,0,0,0,0,0,0,0,0,0,0
1,left,0,0,0,0,0,0,0,0,0,0,0,0,0,0,0,0,0,0,0,0,0,0,0,0,0,0,0,0,0,0,0,0,0,0,0,0,0,0,0,0,0,0,0,0,0,0,0,0,0,0,0,0,0,0,0,0,0,0,0,0,0,0,0
2,right,0,0,0,0,0,0,0,0,0,0,0,0,0,0,0,0,0,0,0,0,0,0,0,0,0,0,0,0,0,0,0,0,0,0,0,0,0,0,0,0,0,0,0,0,0,0,0,0,0,0,0,0,0,0,0,0,0,0,0,0,0,0,0
2,left,0,0,0,0,0,0,0,0,0,0,0,0,0,0,0,0,0,0,0,0,0,0,0,0,0,0,0,0,0,0,0,0,0,0,0,0,0,0,0,0,0,0,0,0,0,0,0,0,0,0,0,0,0,0,0,0,0,0,0,0,0,0,0
3,right,0,0,0,0,0,0,0,0,0,0,0,0,0,0,0,0,0,0,0,0,0,0,0,0,0,0,0,0,0,0,0,0,0,0,0,0,0,0,0,0,0,0,0,0,0,0,0,0,0,0,0,0,0,0,0,0,0,0,0,0,0,0,0
3,left,0,0,0,0,0,0,0,0,0,0,0,0,0,0,0,0,0,0,0,0,0,0,0,0,0,0,0,0,0,0,0,0,0,0,0,0,0,0,0,0,0,0,0,0,0,0,0,0,0,0,0,0,0,0,0,0,0,0,0,0,0,0,0
4,right,0,0,0,0,0,0,0,0,0,0,0,0,0,0,0,0,0,0,0,0,0,0,0,0,0,0,0,0,0,0,0,0,0,0,0,0,0,0,0,0,0,0,0,0,0,0,0,0,0,0,0,0,0,0,0,0,0,0,0,0,0,0,0
4,left,0,0,0,0,0,0,0,0,0,0,0,0,0,0,0,0,0,0,0,0,0,0,0,0,0,0,0,0,0,0,0,0,0,0,0,0,0,0,0,0,0,0,0,0,0,0,0,0,0,0,0,0,0,0,0,0,0,0,0,0,0,0,0
5,right,0,0,0,0,0,0,0,0,0,0,0,0,0,0,0,0,0,0,0,0,0,0,0,0,0,0,0,0,0,0,0,0,0,0,0,0,0,0,0,0,0,0,0,0,0,0,0,0,0,0,0,0,0,0,0,0,0,0,0,0,0,0,0
5,left,0,0,0,0,0,0,0,0,0,0,0,0,0,0,0,0,0,0,0,0,0,0,0,0,0,0,0,0,0,0,0,0,0,0,0,0,0,0,0,0,0,0,0,0,0,0,0,0,0,0,0,0,0,0,0,0,0,0,0,0,0,0,0
6,right,0,0,0,0,0,0,0,0,0,0,0,0,0,0,0,0,0,0,0,0,0,0,0,0,0,0,0,0,0,0,0,0,0,0,0,0,0,0,0,0,0,0,0,0,0,0,0,0,0,0,0,0,0,0,0,0,0,0,0,0,0,0,0
6,left,0,0,0,0,0,0,0,0,0,0,0,0,0,0,0,0,0,0,0,0,0,0,0,0,0,0,0,0,0,0,0,0,0,0,0,0,0,0,0,0,0,0,0,0,0,0,0,0,0,0,0,0,0,0,0,0,0,0,0,0,0,0,0
7,right,0,0,0,0,0,0,0,0,0,0,0,0,0,0,0,0,0,0,0,0,0,0,0,0,0,0,0,0,0,0,0,0,0,0,0,0,0,0,0,0,0,0,0,0,0,0,0,0,0,0,0,0,0,0,0,0,0,0,0,0,0,0,0
7,left,0,0,0,0,0,0,0,0,0,0,0,0,0,0,0,0,0,0,0,0,0,0,0,0,0,0,0,0,0,0,0,0,0,0,0,0,0,0,0,0,0,0,0,0,0,0,0,0,0,0,0,0,0,0,0,0,0,0,0,0,0,0,0
8,right,0.4237465560436249,0.8850798010826111,-1.098052280212869e-07,0.4492657482624054,0.8188236951828003,-0.012625185772776604,0.45607858896255493,0.7546671032905579,-0.022478807717561722,0.45325860381126404,0.7056765556335449,-0.031139161437749863,0.44900599122047424,0.6592894196510315,-0.03724822774529457,0.4021022617816925,0.7360396385192871,-0.030995959416031837,0.4159281849861145,0.7170112133026123,-0.05452993884682655,0.4456402659416199,0.7322133779525757,-0.0677659884095192,0.4668419361114502,0.7511886954307556,-0.07428618520498276,0.3830014765262604,0.7661702632904053,-0.03382182493805885,0.4411129057407379,0.7893533706665039,-0.058084577322006226,0.4673645496368408,0.8108500242233276,-0.06261259317398071,0.47654443979263306,0.8285678625106812,-0.06386559456586838,0.37636539340019226,0.8081286549568176,-0.038130734115839005,0.44242236018180847,0.8350071310997009,-0.05598534643650055,0.45106807351112366,0.8407031893730164,-0.050897832959890366,0.4442334771156311,0.841774046421051,-0.04625127837061882,0.3774413466453552,0.8514338731765747,-0.04425270855426788,0.43142402172088623,0.8658227920532227,-0.05816921219229698,0.44232478737831116,0.8628404140472412,-0.05676640197634697,0.4371889531612396,0.8563109636306763,-0.0531773567199707
8,left,0,0,0,0,0,0,0,0,0,0,0,0,0,0,0,0,0,0,0,0,0,0,0,0,0,0,0,0,0,0,0,0,0,0,0,0,0,0,0,0,0,0,0,0,0,0,0,0,0,0,0,0,0,0,0,0,0,0,0,0,0,0,0
9,right,0.41425609588623047,0.8437146544456482,9.658629096520599e-08,0.43078598380088806,0.7776461243629456,-0.007008348125964403,0.4348313808441162,0.7084177136421204,-0.012960517778992653,0.43429771065711975,0.6612422466278076,-0.01959184557199478,0.4305645823478699,0.6192685961723328,-0.025168677791953087,0.38526710867881775,0.702767014503479,-0.016109205782413483,0.3852476477622986,0.6887871026992798,-0.03406503424048424,0.3938578963279724,0.6803458333015442,-0.0460876040160656,0.40329641103744507,0.67408287525177,-0.052619870752096176,0.3638067841529846,0.7271099090576172,-0.019906122237443924,0.42360880970954895,0.7483535408973694,-0.039080508053302765,0.4429427981376648,0.761396050453186,-0.042076509445905685,0.4487610161304474,0.7735215425491333,-0.04074067994952202,0.3564244508743286,0.7658982872962952,-0.025279099121689796,0.423003226518631,0.7910922765731812,-0.04040389135479927,0.42997995018959045,0.793983519077301,-0.03337876498699188,0.42519864439964294,0.792020320892334,-0.025620978325605392,0.35822516679763794,0.8064097166061401,-0.032306969165802,0.4100956618785858,0.8250855803489685,-0.04480074346065521,0.4183768630027771,0.8231203556060791,-0.04282357916235924,0.41285571455955505,0.8166725635528564,-0.037214234471321106
9,left,0,0,0,0,0,0,0,0,0,0,0,0,0,0,0,0,0,0,0,0,0,0,0,0,0,0,0,0,0,0,0,0,0,0,0,0,0,0,0,0,0,0,0,0,0,0,0,0,0,0,0,0,0,0,0,0,0,0,0,0,0,0,0
10,right,0.3850010931491852,0.8191307783126831,9.491039776321486e-08,0.4078378975391388,0.7498432397842407,-0.01665559969842434,0.41134628653526306,0.6763805150985718,-0.026599625125527382,0.40775296092033386,0.6297565698623657,-0.03534466400742531,0.4033522307872772,0.5860965251922607,-0.04248146340250969,0.3593584895133972,0.6793223023414612,-0.0269564650952816,0.3650377690792084,0.6752840280532837,-0.050491441041231155,0.36495786905288696,0.6742162704467773,-0.0670851469039917,0.3609292209148407,0.6740126609802246,-0.076765276491642,0.33286988735198975,0.70967036485672,-0.028069250285625458,0.3990541398525238,0.7434181571006775,-0.05043778941035271,0.41319599747657776,0.7496322393417358,-0.05544931814074516,0.41241079568862915,0.7552154660224915,-0.0559343621134758,0.3239094018936157,0.7544083595275879,-0.03172072023153305,0.394954115152359,0.7854512929916382,-0.049154654145240784,0.4011421203613281,0.7836809754371643,-0.04061757028102875,0.39498722553253174,0.7787492871284485,-0.03178340196609497,0.3255388140678406,0.7981488704681396,-0.03824353590607643,0.37857404351234436,0.817388117313385,-0.05409519001841545,0.386837899684906,0.8151671886444092,-0.05158769711852074,0.3819226324558258,0.8094434142112732,-0.04486634582281113
10,left,0,0,0,0,0,0,0,0,0,0,0,0,0,0,0,0,0,0,0,0,0,0,0,0,0,0,0,0,0,0,0,0,0,0,0,0,0,0,0,0,0,0,0,0,0,0,0,0,0,0,0,0,0,0,0,0,0,0,0,0,0,0,0
11,right,0.37335070967674255,0.8130897283554077,3.7870346858426274e-08,0.3949158191680908,0.752504289150238,-0.028558949008584023,0.3903343379497528,0.6747336387634277,-0.046216223388910294,0.3840639591217041,0.6201940774917603,-0.060289714485406876,0.37761354446411133,0.572033166885376,-0.07145245373249054,0.3368839919567108,0.6975722908973694,-0.05269494652748108,0.3162170648574829,0.6970407962799072,-0.084534652531147,0.30242621898651123,0.7064273953437805,-0.10425844043493271,0.2847682237625122,0.7150253653526306,-0.11634057760238647,0.30759382247924805,0.7348483800888062,-0.05078131705522537,0.3621666133403778,0.7835407853126526,-0.08137169480323792,0.38783133029937744,0.7846515774726868,-0.0863519087433815,0.3947818875312805,0.7777906656265259,-0.08803137391805649,0.29867610335350037,0.7809875011444092,-0.05189022421836853,0.36160755157470703,0.822853684425354,-0.07449506223201752,0.37864020466804504,0.814292311668396,-0.06228246912360191,0.379200279712677,0.7987009882926941,-0.05258907377719879,0.301523357629776,0.8198273777961731,-0.05731003358960152,0.34997063875198364,0.8453962802886963,-0.07687941193580627,0.3678789436817169,0.8411573171615601,-0.07267088443040848,0.36977508664131165,0.8289874196052551,-0.06583170592784882
11,left,0,0,0,0,0,0,0,0,0,0,0,0,0,0,0,0,0,0,0,0,0,0,0,0,0,0,0,0,0,0,0,0,0,0,0,0,0,0,0,0,0,0,0,0,0,0,0,0,0,0,0,0,0,0,0,0,0,0,0,0,0,0,0
12,right,0.3596767485141754,0.8186150789260864,-1.6384439049943467e-07,0.3832970857620239,0.7586806416511536,-0.02524753473699093,0.37737974524497986,0.6875070929527283,-0.040491219609975815,0.37058496475219727,0.6314973831176758,-0.053021740168333054,0.3631020784378052,0.582430362701416,-0.06449832022190094,0.326616108417511,0.7150899767875671,-0.05080091953277588,0.30370867252349854,0.710196316242218,-0.07553321123123169,0.28886500000953674,0.7148404121398926,-0.09271647781133652,0.27398133277893066,0.7243955135345459,-0.10464318841695786,0.2972147464752197,0.7525506019592285,-0.04924996942281723,0.3554533123970032,0.7984947562217712,-0.07554678618907928,0.3825424313545227,0.798350989818573,-0.08089395612478256,0.39570340514183044,0.7917672395706177,-0.08443514257669449,0.28799962997436523,0.7968213558197021,-0.049362484365701675,0.3530888259410858,0.839123010635376,-0.06761262565851212,0.37226948142051697,0.8341375589370728,-0.05865944176912308,0.3812582492828369,0.8246495127677917,-0.05278361588716507,0.2893388569355011,0.8366885781288147,-0.053534798324108124,0.33212292194366455,0.8632042407989502,-0.07177110761404037,0.3505321741104126,0.8637348413467407,-0.0706711858510971,0.3596779704093933,0.8581638336181641,-0.06728378683328629
12,left,0,0,0,0,0,0,0,0,0,0,0,0,0,0,0,0,0,0,0,0,0,0,0,0,0,0,0,0,0,0,0,0,0,0,0,0,0,0,0,0,0,0,0,0,0,0,0,0,0,0,0,0,0,0,0,0,0,0,0,0,0,0,0
13,right,0.3573279082775116,0.8202544450759888,-1.8295450843197614e-07,0.37849634885787964,0.7633345127105713,-0.02405218780040741,0.3710594177246094,0.6928339600563049,-0.037651319056749344,0.36388322710990906,0.639841616153717,-0.04912916570901871,0.35556939244270325,0.5921276211738586,-0.05940442904829979,0.3173433542251587,0.7212508916854858,-0.04728659987449646,0.2890526056289673,0.7195503115653992,-0.07065821439027786,0.26981422305107117,0.7281408905982971,-0.0859360322356224,0.2522781491279602,0.7385187745094299,-0.09662020951509476,0.2855646014213562,0.7580308318138123,-0.04579351097345352,0.3455473482608795,0.8075116872787476,-0.07160287350416183,0.3752862811088562,0.8066380620002747,-0.07507296651601791,0.38942745327949524,0.7969778180122375,-0.07641804963350296,0.2765938937664032,0.8017276525497437,-0.04609888046979904,0.34366217255592346,0.8462130427360535,-0.06412270665168762,0.3651263117790222,0.8404201865196228,-0.052166469395160675,0.37517133355140686,0.8280379772186279,-0.04342955723404884,0.2765839695930481,0.8427526950836182,-0.050594959408044815,0.3183830976486206,0.873813271522522,-0.07046478241682053,0.3401528596878052,0.8719431757926941,-0.06854525953531265,0.35202425718307495,0.8614815473556519,-0.0632295235991478
13,left,0,0,0,0,0,0,0,0,0,0,0,0,0,0,0,0,0,0,0,0,0,0,0,0,0,0,0,0,0,0,0,0,0,0,0,0,0,0,0,0,0,0,0,0,0,0,0,0,0,0,0,0,0,0,0,0,0,0,0,0,0,0,0
14,right,0.3556954264640808,0.820166826248169,-2.356958646032581e-07,0.37542083859443665,0.7647382020950317,-0.024707265198230743,0.369121789932251,0.6967628002166748,-0.03979320451617241,0.3626141846179962,0.6443876028060913,-0.052201997488737106,0.35489708185195923,0.5979793071746826,-0.06339559704065323,0.3178483247756958,0.7234073877334595,-0.05420352891087532,0.28908276557922363,0.7216997742652893,-0.07988489419221878,0.2678058445453644,0.7310267090797424,-0.0960179939866066,0.248634472489357,0.74173504114151,-0.1070077195763588,0.2842824459075928,0.7605237364768982,-0.05171472579240799,0.349222868680954,0.8141838908195496,-0.0768795758485794,0.37496453523635864,0.8091248273849487,-0.07860361784696579,0.3830186426639557,0.794227659702301,-0.07957714796066284,0.27597689628601074,0.8049336671829224,-0.05078953877091408,0.34652549028396606,0.8495885729789734,-0.06855360418558121,0.3651115298271179,0.8409486413002014,-0.05582811310887337,0.37120532989501953,0.8260489702224731,-0.047239840030670166,0.27713918685913086,0.8465005159378052,-0.053987205028533936,0.320927232503891,0.8772921562194824,-0.0736425593495369,0.339737206697464,0.875399112701416,-0.07135092467069626,0.3485359847545624,0.8653220534324646,-0.0661669671535492
14,left,0,0,0,0,0,0,0,0,0,0,0,0,0,0,0,0,0,0,0,0,0,0,0,0,0,0,0,0,0,0,0,0,0,0,0,0,0,0,0,0,0,0,0,0,0,0,0,0,0,0,0,0,0,0,0,0,0,0,0,0,0,0,0
15,right,0.3585076332092285,0.8188897371292114,-2.3154990458351676e-07,0.3775414824485779,0.7627381086349487,-0.024835992604494095,0.3710872530937195,0.6952030658721924,-0.039930883795022964,0.3653104305267334,0.6423190236091614,-0.05242571234703064,0.3583863377571106,0.5961814522743225,-0.0640702098608017,0.32035717368125916,0.7242135405540466,-0.05432227998971939,0.29463863372802734,0.7212576270103455,-0.0792376697063446,0.2727794349193573,0.7285071015357971,-0.09550311416387558,0.25234100222587585,0.7379777431488037,-0.1067090854048729,0.2881634831428528,0.7621082663536072,-0.05198700726032257,0.35419759154319763,0.8113429546356201,-0.07647081464529037,0.37742912769317627,0.8065257668495178,-0.0785115659236908,0.38471752405166626,0.794937789440155,-0.0797404795885086,0.28081563115119934,0.8063773512840271,-0.05106757953763008,0.3508802354335785,0.8475267887115479,-0.06719470769166946,0.3659164309501648,0.8405787348747253,-0.05413408204913139,0.3698384761810303,0.8288623690605164,-0.045541491359472275,0.2832588255405426,0.8477680087089539,-0.05447324365377426,0.3263061046600342,0.8766486048698425,-0.07225515693426132,0.3411106467247009,0.8752120733261108,-0.06942279636859894,0.3470708727836609,0.8667848110198975,-0.06410443037748337
15,left,0,0,0,0,0,0,0,0,0,0,0,0,0,0,0,0,0,0,0,0,0,0,0,0,0,0,0,0,0,0,0,0,0,0,0,0,0,0,0,0,0,0,0,0,0,0,0,0,0,0,0,0,0,0,0,0,0,0,0,0,0,0,0
16,right,0.36473625898361206,0.8127638101577759,-2.595571686470066e-07,0.385090172290802,0.7558379769325256,-0.021608952432870865,0.3805767297744751,0.6869462132453918,-0.03542089834809303,0.37572699785232544,0.6338359713554382,-0.04768548905849457,0.3693441152572632,0.587830662727356,-0.059681907296180725,0.3277384638786316,0.7152649760246277,-0.04756304249167442,0.3064413070678711,0.7107427716255188,-0.0711783617734909,0.29121133685112,0.7128564119338989,-0.08707207441329956,0.27684926986694336,0.7170193195343018,-0.09777169674634933,0.296678751707077,0.7498137354850769,-0.04663720726966858,0.3584192991256714,0.7955201864242554,-0.06923486292362213,0.3809683918952942,0.7958213686943054,-0.07219434529542923,0.38855987787246704,0.7892014384269714,-0.0738999992609024,0.2884184718132019,0.7915051579475403,-0.04702560976147652,0.35514068603515625,0.8318048119544983,-0.06218046694993973,0.3713100552558899,0.8301547169685364,-0.05129888281226158,0.37660345435142517,0.8229841589927673,-0.043913744390010834,0.28969627618789673,0.8318089246749878,-0.05133621394634247,0.3342674672603607,0.8607882857322693,-0.06708193570375443,0.3512716591358185,0.8599949479103088,-0.06467663496732712,0.35944730043411255,0.8527052998542786,-0.05987357720732689
16,left,0,0,0,0,0,0,0,0,0,0,0,0,0,0,0,0,0,0,0,0,0,0,0,0,0,0,0,0,0,0,0,0,0,0,0,0,0,0,0,0,0,0,0,0,0,0,0,0,0,0,0,0,0,0,0,0,0,0,0,0,0,0,0
17,right,0.36541083455085754,0.8034584522247314,-2.4748788973738556e-07,0.38611117005348206,0.7484495639801025,-0.022980326786637306,0.38784259557724,0.6817256808280945,-0.04014866426587105,0.3853400647640228,0.6308102607727051,-0.05632556974887848,0.3806336522102356,0.5889374613761902,-0.0725148543715477,0.3284134268760681,0.7033654451370239,-0.04931267350912094,0.30526024103164673,0.6909559965133667,-0.07746660709381104,0.2993192672729492,0.695979118347168,-0.09608536213636398,0.3002853989601135,0.7087512612342834,-0.10619408637285233,0.3005749583244324,0.7388917207717896,-0.04858168959617615,0.3523804843425751,0.7708747386932373,-0.07637777179479599,0.375922828912735,0.7783684730529785,-0.08371386677026749,0.39154866337776184,0.7850120663642883,-0.08641605079174042,0.2926640808582306,0.7788494825363159,-0.04940108582377434,0.35252442955970764,0.8079976439476013,-0.06982164084911346,0.3733898997306824,0.8097475171089172,-0.06484383344650269,0.38855767250061035,0.8117756843566895,-0.059162821620702744,0.29410314559936523,0.8166323304176331,-0.05362476035952568,0.33377620577812195,0.8356935381889343,-0.06999165564775467,0.35221436619758606,0.8423717021942139,-0.06906169652938843,0.36570489406585693,0.8456095457077026,-0.06466446816921234
17,left,0,0,0,0,0,0,0,0,0,0,0,0,0,0,0,0,0,0,0,0,0,0,0,0,0,0,0,0,0,0,0,0,0,0,0,0,0,0,0,0,0,0,0,0,0,0,0,0,0,0,0,0,0,0,0,0,0,0,0,0,0,0,0
18,right,0.3683618903160095,0.8180417418479919,1.5073997872150358e-07,0.4027249813079834,0.7376412749290466,-0.013379845768213272,0.41163426637649536,0.6694124341011047,-0.026844188570976257,0.4076101779937744,0.6328215003013611,-0.04043842479586601,0.40675029158592224,0.5985286831855774,-0.05346342921257019,0.3393894135951996,0.6738556623458862,-0.03919165953993797,0.30662986636161804,0.6591856479644775,-0.0660896822810173,0.31151077151298523,0.6566849946975708,-0.0832696184515953,0.32162049412727356,0.6632355451583862,-0.09291955083608627,0.31603947281837463,0.7085142135620117,-0.04531129077076912,0.34855127334594727,0.7201189994812012,-0.07370670884847641,0.38282984495162964,0.728827178478241,-0.08335694670677185,0.40523290634155273,0.7380694150924683,-0.08771830797195435,0.307260662317276,0.7511910796165466,-0.05224011093378067,0.3542676270008087,0.7671629190444946,-0.0782453641295433,0.38477712869644165,0.7735874056816101,-0.07740229368209839,0.4021334648132324,0.775263786315918,-0.07383723556995392,0.30894720554351807,0.7922885417938232,-0.06047668308019638,0.34539514780044556,0.8040719032287598,-0.07761779427528381,0.37033066153526306,0.8102982044219971,-0.07413381338119507,0.38391751050949097,0.8112219572067261,-0.06882789731025696
18,left,0,0,0,0,0,0,0,0,0,0,0,0,0,0,0,0,0,0,0,0,0,0,0,0,0,0,0,0,0,0,0,0,0,0,0,0,0,0,0,0,0,0,0,0,0,0,0,0,0,0,0,0,0,0,0,0,0,0,0,0,0,0,0
19,right,0.39280733466148376,0.7918756604194641,-6.582157396906041e-08,0.4153314232826233,0.7313597202301025,-0.01735556870698929,0.4200035333633423,0.6689684391021729,-0.031643252819776535,0.41530585289001465,0.6334396004676819,-0.04576268047094345,0.4148522913455963,0.6088264584541321,-0.05910736694931984,0.352211594581604,0.6733394861221313,-0.03883278742432594,0.32352733612060547,0.6520488262176514,-0.06501644104719162,0.33739545941352844,0.6498121023178101,-0.08037269115447998,0.35742053389549255,0.656872034072876,-0.08752764761447906,0.3314935266971588,0.7076155543327332,-0.04183685779571533,0.36574360728263855,0.7186079621315002,-0.07144695520401001,0.396138459444046,0.7320833802223206,-0.08039205521345139,0.4152587950229645,0.7434720993041992,-0.08254140615463257,0.3249022960662842,0.7489432692527771,-0.046195320785045624,0.3664465546607971,0.7645834684371948,-0.071298748254776,0.3936924934387207,0.7706993818283081,-0.07162030041217804,0.4117220938205719,0.7719672322273254,-0.0677625834941864,0.32616353034973145,0.7877643704414368,-0.05231595039367676,0.35299357771873474,0.7981019020080566,-0.06877006590366364,0.3763315975666046,0.8001308441162109,-0.06762931495904922,0.3943157196044922,0.7979055643081665,-0.06316486746072769
19,left,0,0,0,0,0,0,0,0,0,0,0,0,0,0,0,0,0,0,0,0,0,0,0,0,0,0,0,0,0,0,0,0,0,0,0,0,0,0,0,0,0,0,0,0,0,0,0,0,0,0,0,0,0,0,0,0,0,0,0,0,0,0,0
20,right,0.4302120804786682,0.7852542400360107,-2.753725709681021e-07,0.4467169940471649,0.7402716875076294,-0.016525793820619583,0.4474102854728699,0.6908428072929382,-0.030856460332870483,0.44038137793540955,0.6582090854644775,-0.04510252922773361,0.43932846188545227,0.6304693818092346,-0.05811048671603203,0.39055389165878296,0.684036135673523,-0.04044943302869797,0.3627330958843231,0.6646015644073486,-0.06807354092597961,0.3650118112564087,0.6643543243408203,-0.08428870141506195,0.3708369731903076,0.667529821395874,-0.09323124587535858,0.3657418191432953,0.7186298370361328,-0.04347239062190056,0.4139363169670105,0.7386700510978699,-0.0724392905831337,0.4419691562652588,0.7515199184417725,-0.0787934958934784,0.45405149459838867,0.7584007978439331,-0.08052676171064377,0.360798716545105,0.761227011680603,-0.04787273705005646,0.4200163185596466,0.7800731658935547,-0.07118720561265945,0.4393411874771118,0.7843302488327026,-0.06738007813692093,0.44406887888908386,0.782855749130249,-0.06217857822775841,0.3654073178768158,0.8015164732933044,-0.05442124605178833,0.40819308161735535,0.8103312849998474,-0.07047093659639359,0.42547374963760376,0.8084288239479065,-0.06856588274240494,0.42984676361083984,0.8030501008033752,-0.0641639456152916
20,left,0,0,0,0,0,0,0,0,0,0,0,0,0,0,0,0,0,0,0,0,0,0,0,0,0,0,0,0,0,0,0,0,0,0,0,0,0,0,0,0,0,0,0,0,0,0,0,0,0,0,0,0,0,0,0,0,0,0,0,0,0,0,0
21,right,0.4404217302799225,0.8017995953559875,-2.1623036161599885e-07,0.4548201262950897,0.7581431865692139,-0.015544997528195381,0.4564265012741089,0.7087968587875366,-0.02868308126926422,0.45065414905548096,0.6739875078201294,-0.041730303317308426,0.44809550046920776,0.647385835647583,-0.054338883608579636,0.4050234854221344,0.7014178037643433,-0.034301597625017166,0.38453683257102966,0.6871603727340698,-0.057147152721881866,0.37818846106529236,0.6868188977241516,-0.07146180421113968,0.37435775995254517,0.6893065571784973,-0.08026190847158432,0.3796909749507904,0.7357045412063599,-0.0366244912147522,0.4269294738769531,0.7560533285140991,-0.06162092089653015,0.45254719257354736,0.7678115367889404,-0.06788383424282074,0.4644201099872589,0.7742054462432861,-0.06982609629631042,0.37398263812065125,0.7780773639678955,-0.04014856740832329,0.4325363039970398,0.7978858351707458,-0.05960217863321304,0.44814467430114746,0.8009962439537048,-0.05652551352977753,0.45071694254875183,0.7987739443778992,-0.05237478390336037,0.3777351975440979,0.8197522759437561,-0.0457618311047554,0.42123252153396606,0.8321740031242371,-0.05894944816827774,0.43458470702171326,0.8305749893188477,-0.05768938735127449,0.4343525469303131,0.8270312547683716,-0.05424774810671806
21,left,0,0,0,0,0,0,0,0,0,0,0,0,0,0,0,0,0,0,0,0,0,0,0,0,0,0,0,0,0,0,0,0,0,0,0,0,0,0,0,0,0,0,0,0,0,0,0,0,0,0,0,0,0,0,0,0,0,0,0,0,0,0,0
22,right,0.45343121886253357,0.8384272456169128,-1.9947249541019119e-07,0.4689885973930359,0.7952664494514465,-0.019654983654618263,0.4688209295272827,0.745978832244873,-0.03496665507555008,0.46404343843460083,0.7081654667854309,-0.04977065324783325,0.4612780213356018,0.6831868290901184,-0.0627429187297821,0.4174782931804657,0.7395294308662415,-0.037796501070261,0.3899325430393219,0.7199610471725464,-0.06635545194149017,0.404488742351532,0.7222229838371277,-0.08174986392259598,0.42166540026664734,0.7303471565246582,-0.08838636428117752,0.39461496472358704,0.7745708227157593,-0.038527049124240875,0.43588727712631226,0.7863889932632446,-0.06617667526006699,0.465448796749115,0.7983440160751343,-0.0707634687423706,0.47725778818130493,0.8047946691513062,-0.07026357203722,0.3897031247615814,0.8159520030021667,-0.04171872138977051,0.4450364410877228,0.8280889391899109,-0.06266294419765472,0.46361133456230164,0.8325313329696655,-0.05754513293504715,0.46625223755836487,0.8302274942398071,-0.05106881260871887,0.3935825228691101,0.8546871542930603,-0.0474528968334198,0.43562808632850647,0.8619917631149292,-0.06022878363728523,0.45085498690605164,0.8598580956459045,-0.05714913830161095,0.45177534222602844,0.8543396592140198,-0.051708173006772995
22,left,0,0,0,0,0,0,0,0,0,0,0,0,0,0,0,0,0,0,0,0,0,0,0,0,0,0,0,0,0,0,0,0,0,0,0,0,0,0,0,0,0,0,0,0,0,0,0,0,0,0,0,0,0,0,0,0,0,0,0,0,0,0,0
23,right,0.456097275018692,0.8507257699966431,-2.0891481256057887e-07,0.47112640738487244,0.8089586496353149,-0.017785808071494102,0.4729921519756317,0.7606261968612671,-0.032344914972782135,0.46810826659202576,0.7252792716026306,-0.0466395765542984,0.46492984890937805,0.6949084997177124,-0.05807855725288391,0.4137207865715027,0.7514173984527588,-0.03346411511301994,0.3879827857017517,0.7307199835777283,-0.06231430172920227,0.41085535287857056,0.7375705242156982,-0.07784236967563629,0.4349533021450043,0.7507396936416626,-0.08381354808807373,0.3911125659942627,0.7837826609611511,-0.0342024601995945,0.43887749314308167,0.8030819296836853,-0.060505740344524384,0.46737462282180786,0.8120983839035034,-0.06434682011604309,0.4757576882839203,0.81591796875,-0.06329122930765152,0.3871610462665558,0.8246725797653198,-0.03784998506307602,0.4479840397834778,0.8449563980102539,-0.05676745995879173,0.46394333243370056,0.8428784012794495,-0.05131252855062485,0.46221527457237244,0.8355966210365295,-0.04488256946206093,0.3925367593765259,0.8636809587478638,-0.044084664434194565,0.4394686818122864,0.8777472972869873,-0.05600589141249657,0.4528706967830658,0.8735289573669434,-0.053467921912670135,0.45006486773490906,0.8661657571792603,-0.048117682337760925
23,left,0,0,0,0,0,0,0,0,0,0,0,0,0,0,0,0,0,0,0,0,0,0,0,0,0,0,0,0,0,0,0,0,0,0,0,0,0,0,0,0,0,0,0,0,0,0,0,0,0,0,0,0,0,0,0,0,0,0,0,0,0,0,0
24,right,0.44327017664909363,0.8767531514167786,2.0728187166696443e-07,0.4660550057888031,0.8159956932067871,-0.015480339527130127,0.4730960726737976,0.7609235644340515,-0.027972303330898285,0.4679378271102905,0.7289339900016785,-0.03838996961712837,0.4651445746421814,0.70610511302948,-0.04552923142910004,0.4114718735218048,0.753491997718811,-0.04038811847567558,0.39095285534858704,0.7367050051689148,-0.06666378676891327,0.41627368330955505,0.7428308725357056,-0.0790412575006485,0.4420865476131439,0.7555104494094849,-0.08361932635307312,0.3941076099872589,0.7857499718666077,-0.042754288762807846,0.43678808212280273,0.8068758249282837,-0.06941451132297516,0.4699631333351135,0.815011203289032,-0.07139496505260468,0.4852851927280426,0.8203033208847046,-0.06908581405878067,0.38850781321525574,0.8281930685043335,-0.04648963734507561,0.44188302755355835,0.8527207374572754,-0.06847824156284332,0.464484840631485,0.848677396774292,-0.06115201115608215,0.4702754616737366,0.8413878679275513,-0.05255073308944702,0.3907373547554016,0.8681043982505798,-0.05192740634083748,0.4323205053806305,0.8839737772941589,-0.06595057994127274,0.4482686221599579,0.8804362416267395,-0.06061798706650734,0.4511434733867645,0.8726668953895569,-0.05281030014157295
24,left,0,0,0,0,0,0,0,0,0,0,0,0,0,0,0,0,0,0,0,0,0,0,0,0,0,0,0,0,0,0,0,0,0,0,0,0,0,0,0,0,0,0,0,0,0,0,0,0,0,0,0,0,0,0,0,0,0,0,0,0,0,0,0
25,right,0.46116572618484497,0.8618811368942261,-6.339804059507514e-08,0.4766615033149719,0.8152793049812317,-0.0235751960426569,0.4768964648246765,0.7648998498916626,-0.041671041399240494,0.4694843590259552,0.7327495813369751,-0.058452360332012177,0.4634554386138916,0.710745096206665,-0.07177170366048813,0.41322755813598633,0.7583132982254028,-0.03895900398492813,0.3904203474521637,0.7414788603782654,-0.0725352093577385,0.4182664453983307,0.7508341073989868,-0.09006638079881668,0.4439857602119446,0.7634903192520142,-0.09640121459960938,0.39414268732070923,0.793400228023529,-0.03875140845775604,0.4398249387741089,0.8097807765007019,-0.07164773344993591,0.4707924425601959,0.8240465521812439,-0.07622706145048141,0.4779101312160492,0.8289744853973389,-0.07365889847278595,0.3897395133972168,0.8349552154541016,-0.0421576052904129,0.44649451971054077,0.852891743183136,-0.0671183243393898,0.4671952426433563,0.8547728657722473,-0.0605606734752655,0.46733808517456055,0.8496034741401672,-0.0511651448905468,0.3950537443161011,0.8724306225776672,-0.048543334007263184,0.43742311000823975,0.8842691779136658,-0.0631667897105217,0.4529867470264435,0.8829717040061951,-0.05900949239730835,0.45181772112846375,0.8786026239395142,-0.051266949623823166
25,left,0,0,0,0,0,0,0,0,0,0,0,0,0,0,0,0,0,0,0,0,0,0,0,0,0,0,0,0,0,0,0,0,0,0,0,0,0,0,0,0,0,0,0,0,0,0,0,0,0,0,0,0,0,0,0,0,0,0,0,0,0,0,0
26,right,0.44356319308280945,0.8791342377662659,2.049516609758939e-07,0.4653674066066742,0.8183302283287048,-0.013440932147204876,0.4727485775947571,0.7635021209716797,-0.024940552189946175,0.46820008754730225,0.7320040464401245,-0.03512176126241684,0.4630708694458008,0.7130327224731445,-0.04253979027271271,0.416542649269104,0.7558923959732056,-0.03709123656153679,0.3872455656528473,0.7387616634368896,-0.0641355887055397,0.4118620753288269,0.7483730316162109,-0.07694751024246216,0.4387681782245636,0.7621384263038635,-0.08124158531427383,0.40016716718673706,0.7891818284988403,-0.04065660387277603,0.42625656723976135,0.806756317615509,-0.0682079941034317,0.4620455503463745,0.8190774917602539,-0.07081082463264465,0.48061951994895935,0.825791597366333,-0.06809651851654053,0.39431658387184143,0.8322057127952576,-0.04554556682705879,0.429279088973999,0.8510570526123047,-0.06836511194705963,0.4562378525733948,0.8519510626792908,-0.06105467304587364,0.46638983488082886,0.8489782214164734,-0.05129510536789894,0.3946765959262848,0.8715490698814392,-0.05173000693321228,0.4232853055000305,0.8836373090744019,-0.0645413026213646,0.4418545961380005,0.8806108236312866,-0.05782480165362358,0.44853100180625916,0.8756774663925171,-0.04854871705174446
26,left,0,0,0,0,0,0,0,0,0,0,0,0,0,0,0,0,0,0,0,0,0,0,0,0,0,0,0,0,0,0,0,0,0,0,0,0,0,0,0,0,0,0,0,0,0,0,0,0,0,0,0,0,0,0,0,0,0,0,0,0,0,0,0
27,right,0.45895007252693176,0.8671621084213257,-2.1104403558069862e-08,0.4756024181842804,0.8201137185096741,-0.02338252030313015,0.47636955976486206,0.7690523862838745,-0.04038460552692413,0.4697221517562866,0.7371639609336853,-0.05575505271553993,0.4613040089607239,0.715050458908081,-0.06772003322839737,0.4134071171283722,0.7618277072906494,-0.03943204879760742,0.38969382643699646,0.7450541257858276,-0.07290590554475784,0.4152493476867676,0.7533083558082581,-0.09093166887760162,0.44023802876472473,0.764550507068634,-0.0978333130478859,0.3940330445766449,0.7966037392616272,-0.03931918367743492,0.4362998604774475,0.8160487413406372,-0.07309070229530334,0.46649888157844543,0.8287730813026428,-0.0787634328007698,0.47581732273101807,0.8330589532852173,-0.07679086923599243,0.38876277208328247,0.8383520245552063,-0.042676135897636414,0.44439759850502014,0.859804093837738,-0.06844720244407654,0.46433380246162415,0.8616202473640442,-0.062456052750349045,0.4650366008281708,0.8555562496185303,-0.05320362374186516,0.3931405246257782,0.8760210275650024,-0.04895096272230148,0.4357498586177826,0.8892481327056885,-0.06453685462474823,0.4514243006706238,0.8894187211990356,-0.06053833290934563,0.4510231018066406,0.8851092457771301,-0.05267348885536194
27,left,0,0,0,0,0,0,0,0,0,0,0,0,0,0,0,0,0,0,0,0,0,0,0,0,0,0,0,0,0,0,0,0,0,0,0,0,0,0,0,0,0,0,0,0,0,0,0,0,0,0,0,0,0,0,0,0,0,0,0,0,0,0,0
28,right,0.4426122307777405,0.8822673559188843,2.3817729299935309e-07,0.46790117025375366,0.8200291395187378,-0.014307326637208462,0.4753054678440094,0.7660818696022034,-0.025975706055760384,0.4668489098548889,0.7340235710144043,-0.036299411207437515,0.46357837319374084,0.7119247913360596,-0.043881092220544815,0.4187215268611908,0.7579376697540283,-0.03428304195404053,0.3887452483177185,0.7423096895217896,-0.0629473626613617,0.4123438894748688,0.7517666816711426,-0.07793650776147842,0.4393932521343231,0.7632663249969482,-0.08382202684879303,0.4009140729904175,0.7906261682510376,-0.03747732937335968,0.42493754625320435,0.8090930581092834,-0.06653912365436554,0.4605158269405365,0.8231564164161682,-0.07045020908117294,0.4796299934387207,0.8298460245132446,-0.06832355260848999,0.39359480142593384,0.8321075439453125,-0.042373597621917725,0.4267006516456604,0.8541196584701538,-0.06707607954740524,0.4548121690750122,0.8580799698829651,-0.05989351123571396,0.4672333002090454,0.8557500243186951,-0.049492910504341125,0.3915645480155945,0.870602011680603,-0.04865743964910507,0.4195699989795685,0.8854762315750122,-0.06246937811374664,0.43910688161849976,0.8861520886421204,-0.05548461526632309,0.447153240442276,0.8832892179489136,-0.04556769132614136
28,left,0,0,0,0,0,0,0,0,0,0,0,0,0,0,0,0,0,0,0,0,0,0,0,0,0,0,0,0,0,0,0,0,0,0,0,0,0,0,0,0,0,0,0,0,0,0,0,0,0,0,0,0,0,0,0,0,0,0,0,0,0,0,0
29,right,0.4604140818119049,0.8717114925384521,-1.0283583762316084e-08,0.4762405753135681,0.8229449987411499,-0.02189621888101101,0.47626590728759766,0.7700058221817017,-0.03738834708929062,0.46988388895988464,0.7378114461898804,-0.05164032801985741,0.46143513917922974,0.7195112705230713,-0.06270024180412292,0.41384008526802063,0.7669466733932495,-0.03628640994429588,0.3905726969242096,0.7489158511161804,-0.0691814124584198,0.4168601632118225,0.7585693597793579,-0.08694086968898773,0.4422610104084015,0.7692970633506775,-0.0934472605586052,0.39571353793144226,0.8024457693099976,-0.0370611734688282,0.434041291475296,0.817415177822113,-0.071172334253788,0.46498924493789673,0.830736517906189,-0.07789907604455948,0.4765322804450989,0.8352358937263489,-0.07625419646501541,0.3902352750301361,0.8437520861625671,-0.041281625628471375,0.4417484998703003,0.8618122339248657,-0.06835057586431503,0.46513238549232483,0.8641483783721924,-0.06472304463386536,0.47031569480895996,0.8581026792526245,-0.05643241107463837,0.3941727578639984,0.8803236484527588,-0.048074495047330856,0.4323138892650604,0.8907750844955444,-0.06327711045742035,0.44979390501976013,0.8924204707145691,-0.05966004356741905,0.4533793032169342,0.8888370990753174,-0.052165064960718155
29,left,0,0,0,0,0,0,0,0,0,0,0,0,0,0,0,0,0,0,0,0,0,0,0,0,0,0,0,0,0,0,0,0,0,0,0,0,0,0,0,0,0,0,0,0,0,0,0,0,0,0,0,0,0,0,0,0,0,0,0,0,0,0,0
30,right,0.44497382640838623,0.8873640894889832,2.0423281910098012e-07,0.4682033360004425,0.8278500437736511,-0.013358660973608494,0.47482922673225403,0.7706022262573242,-0.024100882932543755,0.4689564108848572,0.736526370048523,-0.03377598524093628,0.4622580111026764,0.7172859907150269,-0.04121232032775879,0.41925784945487976,0.765719473361969,-0.03324136883020401,0.38810235261917114,0.7477178573608398,-0.060538701713085175,0.41387292742729187,0.757517397403717,-0.07517123222351074,0.44183921813964844,0.7706879377365112,-0.0808376893401146,0.4034833312034607,0.7990096211433411,-0.036498457193374634,0.4215534031391144,0.8101963996887207,-0.06352381408214569,0.45844125747680664,0.8226708173751831,-0.06681326031684875,0.4777378439903259,0.8304747939109802,-0.06473167985677719,0.39680224657058716,0.8405238389968872,-0.04139081388711929,0.42341166734695435,0.8527333736419678,-0.06398177146911621,0.4534893333911896,0.8554979562759399,-0.05686502903699875,0.46702703833580017,0.8562802672386169,-0.04705607146024704,0.3958503305912018,0.8790601491928101,-0.04760264605283737,0.4189678430557251,0.8872038125991821,-0.06026540696620941,0.44149383902549744,0.8855956792831421,-0.05354560911655426,0.45223182439804077,0.8843053579330444,-0.04425191506743431
30,left,0,0,0,0,0,0,0,0,0,0,0,0,0,0,0,0,0,0,0,0,0,0,0,0,0,0,0,0,0,0,0,0,0,0,0,0,0,0,0,0,0,0,0,0,0,0,0,0,0,0,0,0,0,0,0,0,0,0,0,0,0,0,0
31,right,0.4602455794811249,0.8725184798240662,-2.9241993271256206e-09,0.47631964087486267,0.8228746056556702,-0.021998168900609016,0.4757274091243744,0.7713778614997864,-0.03853579983115196,0.469174325466156,0.7400398850440979,-0.05387851223349571,0.46091172099113464,0.7190241813659668,-0.06576351076364517,0.41167595982551575,0.7681926488876343,-0.03698922321200371,0.3903633952140808,0.7512089014053345,-0.06999514251947403,0.41747620701789856,0.7594552636146545,-0.08751257508993149,0.4429214894771576,0.7711161971092224,-0.09397917240858078,0.3937397301197052,0.8040342330932617,-0.03779791295528412,0.43879199028015137,0.819225013256073,-0.07159174978733063,0.4698382616043091,0.8323618173599243,-0.07753163576126099,0.4776853322982788,0.8367154598236084,-0.07563292235136032,0.3898196518421173,0.8462250828742981,-0.041963495314121246,0.44690313935279846,0.8623061180114746,-0.06877868622541428,0.4685995280742645,0.8644625544548035,-0.06349658221006393,0.46871232986450195,0.8589041829109192,-0.05441151559352875,0.3954567611217499,0.8837631940841675,-0.048707760870456696,0.4385950565338135,0.8929557204246521,-0.06470382213592529,0.45507290959358215,0.8924463391304016,-0.0605134554207325,0.45440229773521423,0.8885394334793091,-0.05242633447051048
31,left,0,0,0,0,0,0,0,0,0,0,0,0,0,0,0,0,0,0,0,0,0,0,0,0,0,0,0,0,0,0,0,0,0,0,0,0,0,0,0,0,0,0,0,0,0,0,0,0,0,0,0,0,0,0,0,0,0,0,0,0,0,0,0
32,right,0.44147345423698425,0.8842456340789795,2.486765140474745e-07,0.46615540981292725,0.8213807344436646,-0.013450954109430313,0.4750978648662567,0.7684212923049927,-0.024823501706123352,0.4692264497280121,0.7369830012321472,-0.03485718369483948,0.4635588526725769,0.7184155583381653,-0.04242553189396858,0.4192007780075073,0.7621950507164001,-0.03633098304271698,0.39292964339256287,0.7465423345565796,-0.06359481811523438,0.4160670340061188,0.7556872367858887,-0.07791265845298767,0.4413297772407532,0.7689167857170105,-0.0838339701294899,0.4016895890235901,0.7959297299385071,-0.03969502076506615,0.428764671087265,0.8132956624031067,-0.06639572978019714,0.4629470705986023,0.8248985409736633,-0.06934764981269836,0.4800706207752228,0.8308184742927551,-0.06774383783340454,0.39501717686653137,0.8397623300552368,-0.04452405497431755,0.43325525522232056,0.857893168926239,-0.06724189221858978,0.4590744376182556,0.8573352694511414,-0.06033730134367943,0.4670032560825348,0.8532471060752869,-0.05136796459555626,0.39430317282676697,0.8803656697273254,-0.05071520805358887,0.4285788834095001,0.8923817873001099,-0.06428797543048859,0.4479442536830902,0.8878505229949951,-0.058438610285520554,0.4535157382488251,0.8810616135597229,-0.050277892500162125
32,left,0,0,0,0,0,0,0,0,0,0,0,0,0,0,0,0,0,0,0,0,0,0,0,0,0,0,0,0,0,0,0,0,0,0,0,0,0,0,0,0,0,0,0,0,0,0,0,0,0,0,0,0,0,0,0,0,0,0,0,0,0,0,0
33,right,0.4602968394756317,0.874326229095459,-1.5912599238276925e-08,0.4757557511329651,0.8239367604255676,-0.021513717249035835,0.47503793239593506,0.771452784538269,-0.03756833076477051,0.4684009552001953,0.7393772006034851,-0.052249565720558167,0.4613319933414459,0.7200962901115417,-0.06362877786159515,0.4116344451904297,0.7700260281562805,-0.03855094686150551,0.3900623917579651,0.7515169382095337,-0.07067353278398514,0.4168829619884491,0.7614784836769104,-0.08744776248931885,0.44233107566833496,0.7730476260185242,-0.09366393834352493,0.39404746890068054,0.8057743906974792,-0.03945363312959671,0.4385261535644531,0.8216285705566406,-0.07291791588068008,0.4693923890590668,0.8352696299552917,-0.07876059412956238,0.4792954921722412,0.8400231599807739,-0.07714778929948807,0.39038464426994324,0.8480259776115417,-0.043389517813920975,0.44566506147384644,0.8644075393676758,-0.06965146958827972,0.46738120913505554,0.8667645454406738,-0.06505541503429413,0.47027257084846497,0.8618850708007812,-0.056808773428201675,0.39650824666023254,0.8852858543395996,-0.049830760806798935,0.43666645884513855,0.894733726978302,-0.06543519347906113,0.4526832103729248,0.8945086002349854,-0.06188206374645233,0.4542485177516937,0.8907050490379333,-0.054603781551122665
33,left,0,0,0,0,0,0,0,0,0,0,0,0,0,0,0,0,0,0,0,0,0,0,0,0,0,0,0,0,0,0,0,0,0,0,0,0,0,0,0,0,0,0,0,0,0,0,0,0,0,0,0,0,0,0,0,0,0,0,0,0,0,0,0
34,right,0.4427817165851593,0.8918238878250122,2.1308170516931568e-07,0.46620726585388184,0.8271660804748535,-0.011401930823922157,0.473558634519577,0.7702544927597046,-0.021209286525845528,0.4672437310218811,0.7378122806549072,-0.03019794262945652,0.46314871311187744,0.7181181311607361,-0.03699212148785591,0.4159897565841675,0.7667285203933716,-0.03147093951702118,0.3905395269393921,0.7498398423194885,-0.05504732206463814,0.4151984751224518,0.7569179534912109,-0.06755014508962631,0.4411396086215973,0.7698535323143005,-0.07267643511295319,0.3996230363845825,0.7995980978012085,-0.03517552465200424,0.4285585880279541,0.8162489533424377,-0.05831547826528549,0.46239060163497925,0.825790524482727,-0.06077536568045616,0.4786418676376343,0.8329501152038574,-0.05919823423027992,0.3936203718185425,0.8421374559402466,-0.04005475342273712,0.43074047565460205,0.8599439859390259,-0.05986728519201279,0.4576180875301361,0.857903778553009,-0.053472429513931274,0.46777263283729553,0.8550994992256165,-0.04526405781507492,0.3939930200576782,0.8822004199028015,-0.046123240143060684,0.425500750541687,0.8931683897972107,-0.057627107948064804,0.44660693407058716,0.8891370296478271,-0.051368262618780136,0.4548821449279785,0.8852013945579529,-0.043107714504003525
34,left,0,0,0,0,0,0,0,0,0,0,0,0,0,0,0,0,0,0,0,0,0,0,0,0,0,0,0,0,0,0,0,0,0,0,0,0,0,0,0,0,0,0,0,0,0,0,0,0,0,0,0,0,0,0,0,0,0,0,0,0,0,0,0
35,right,0.45822611451148987,0.8723379373550415,-4.1408988238345046e-08,0.4749942719936371,0.8226930499076843,-0.019271155819296837,0.4754496216773987,0.7708302736282349,-0.033755067735910416,0.4691431224346161,0.738079309463501,-0.04731963202357292,0.46478503942489624,0.7162014245986938,-0.057351332157850266,0.4127828776836395,0.7687239646911621,-0.034016434103250504,0.39133188128471375,0.7510007619857788,-0.06566379964351654,0.41796591877937317,0.7599643468856812,-0.08257058262825012,0.44303789734840393,0.7708090543746948,-0.08881983906030655,0.3952018916606903,0.8034377098083496,-0.0351724810898304,0.4410043954849243,0.818429172039032,-0.06633152067661285,0.46918609738349915,0.8291506171226501,-0.07095272094011307,0.4766504168510437,0.8318790197372437,-0.06866198778152466,0.39193958044052124,0.844744861125946,-0.039527036249637604,0.449764221906662,0.8611346483230591,-0.06315886229276657,0.4698455035686493,0.8594605326652527,-0.05675936117768288,0.4712023437023163,0.8510711789131165,-0.04748931899666786,0.3982539176940918,0.8819145560264587,-0.04650002717971802,0.4412025213241577,0.892510175704956,-0.06048130244016647,0.4547521471977234,0.8898565769195557,-0.05635116994380951,0.45305201411247253,0.8831977844238281,-0.04859786853194237
35,left,0,0,0,0,0,0,0,0,0,0,0,0,0,0,0,0,0,0,0,0,0,0,0,0,0,0,0,0,0,0,0,0,0,0,0,0,0,0,0,0,0,0,0,0,0,0,0,0,0,0,0,0,0,0,0,0,0,0,0,0,0,0,0
36,right,0.4444710612297058,0.8856587409973145,2.1706223662931734e-07,0.46874451637268066,0.8240756988525391,-0.015168098732829094,0.47649380564689636,0.7695973515510559,-0.027006197720766068,0.47067704796791077,0.7389002442359924,-0.03715505823493004,0.46691587567329407,0.7174067497253418,-0.04435519501566887,0.4176439046859741,0.7626454830169678,-0.0367877259850502,0.39500510692596436,0.7471508979797363,-0.06406048685312271,0.41917741298675537,0.755736231803894,-0.0786624401807785,0.4452548027038574,0.7700275182723999,-0.08479087054729462,0.39991551637649536,0.794574499130249,-0.03920423611998558,0.43472981452941895,0.8168917894363403,-0.06687610596418381,0.4691998362541199,0.8271024823188782,-0.07036971300840378,0.48712146282196045,0.8327637314796448,-0.06860636919736862,0.3937976062297821,0.8370816111564636,-0.04322531446814537,0.43922093510627747,0.8615838885307312,-0.06570002436637878,0.4641050696372986,0.8589918613433838,-0.05840561166405678,0.4721483588218689,0.8526901006698608,-0.04913437366485596,0.395197331905365,0.8768172264099121,-0.0490407757461071,0.4332304298877716,0.8927371501922607,-0.06298648566007614,0.45161280035972595,0.8879818320274353,-0.05733438581228256,0.4567697048187256,0.8799936175346375,-0.048908475786447525
36,left,0,0,0,0,0,0,0,0,0,0,0,0,0,0,0,0,0,0,0,0,0,0,0,0,0,0,0,0,0,0,0,0,0,0,0,0,0,0,0,0,0,0,0,0,0,0,0,0,0,0,0,0,0,0,0,0,0,0,0,0,0,0,0
