0.6433262228965759,0.7589067816734314,0.09390435367822647,0.3105563223361969,0.7586938142776489,-0.3830784559249878
0.639985978603363,0.7588179111480713,0.08467429131269455,0.31060272455215454,0.7578113675117493,-0.3530346751213074
0.6398630738258362,0.7556090950965881,0.09418924152851105,0.31427934765815735,0.7582059502601624,-0.40316206216812134
0.6424310803413391,0.7530376315116882,0.09484696388244629,0.3152581751346588,0.7583411335945129,-0.3752627968788147
0.6449130773544312,0.7510591149330139,0.08232033997774124,0.3158889412879944,0.7583162188529968,-0.36568683385849
0.6465724110603333,0.7500378489494324,0.07497996836900711,0.31642717123031616,0.7582961916923523,-0.3597344756126404
0.647330641746521,0.7490731477737427,0.07252324372529984,0.3169878423213959,0.7582710981369019,-0.33011460304260254
0.6481083631515503,0.7488896250724792,0.06987512111663818,0.3182132840156555,0.7583354711532593,-0.3366730511188507
0.6489192247390747,0.7493813633918762,0.07887665182352066,0.3184993863105774,0.7586021423339844,-0.32991379499435425
0.6502610445022583,0.7501327991485596,0.07760430872440338,0.31873753666877747,0.7586337924003601,-0.32967206835746765
0.6514672040939331,0.7524255514144897,0.0707675963640213,0.31951913237571716,0.7586339712142944,-0.36600762605667114
0.6527605652809143,0.7548843026161194,0.06372440606355667,0.3194205164909363,0.758674681186676,-0.3841407895088196
0.6537541151046753,0.7570505142211914,0.07654809206724167,0.31936895847320557,0.7589358687400818,-0.36971622705459595
0.6541134119033813,0.760047197341919,0.06738287210464478,0.31914496421813965,0.7595905065536499,-0.3855806887149811
0.6542577147483826,0.7613770961761475,0.046186722815036774,0.3181810975074768,0.7600418329238892,-0.37971800565719604
0.6544613242149353,0.7613763809204102,0.047206975519657135,0.31792864203453064,0.7600491046905518,-0.38428395986557007
0.6545956134796143,0.761443555355072,0.053353600203990936,0.3179416060447693,0.7608035802841187,-0.3830641210079193
0.6546855568885803,0.7617833614349365,0.06070203706622124,0.3183501362800598,0.7608935236930847,-0.37400174140930176
0.654776394367218,0.7618915438652039,0.06270144879817963,0.31902575492858887,0.7608891725540161,-0.38782626390457153
0.6549037098884583,0.7620617747306824,0.0624973401427269,0.320345014333725,0.7605025172233582,-0.3837353587150574
0.6553937792778015,0.7622151970863342,0.06742875277996063,0.32249730825424194,0.7597366571426392,-0.3808519244194031
0.6557210087776184,0.7626718878746033,0.07560253143310547,0.3226899206638336,0.7596756815910339,-0.3763842284679413
0.6558228731155396,0.7628006339073181,0.06272782385349274,0.32279708981513977,0.7596396803855896,-0.39045852422714233
0.6568486094474792,0.7629764676094055,0.06543560326099396,0.32301610708236694,0.7596345543861389,-0.3722686171531677
0.6575388312339783,0.763049304485321,0.06088137626647949,0.32351288199424744,0.7595930099487305,-0.37204843759536743
0.6576957106590271,0.7631363272666931,0.07335775345563889,0.3238646686077118,0.7594290375709534,-0.35904771089553833
0.6579587459564209,0.7635582089424133,0.07575445622205734,0.32386666536331177,0.7594372034072876,-0.3506007790565491
0.6581169366836548,0.7639039754867554,0.055441297590732574,0.32368341088294983,0.7594730257987976,-0.35105207562446594
0.6581651568412781,0.7639974355697632,0.05606801062822342,0.32346123456954956,0.7593877911567688,-0.3470044434070587
0.6592275500297546,0.7640243768692017,0.0034909662790596485,0.3219113051891327,0.7600675225257874,-0.3921278417110443
0.6599686145782471,0.7645658850669861,-0.02738652192056179,0.32191309332847595,0.7602224946022034,-0.4715152382850647
0.6618201732635498,0.7651063203811646,-0.01788502186536789,0.3218854069709778,0.7602255344390869,-0.47028279304504395
0.6636549234390259,0.7678146958351135,-0.00785698089748621,0.3221232295036316,0.7602172493934631,-0.4696806073188782
0.6665853261947632,0.7678354382514954,-0.019808661192655563,0.32219892740249634,0.7602270841598511,-0.48001164197921753
0.6698414087295532,0.7688516974449158,0.008074605837464333,0.3238799273967743,0.7606290578842163,-0.40098434686660767
0.6721287965774536,0.7719904780387878,0.02045399695634842,0.3247802257537842,0.7610330581665039,-0.4150141179561615
