1,right,0,0,0,0,0,0,0,0,0,0,0,0,0,0,0,0,0,0,0,0,0,0,0,0,0,0,0,0,0,0,0,0,0,0,0,0,0,0,0,0,0,0,0,0,0,0,0,0,0,0,0,0,0,0,0,0,0,0,0,0,0,0,0
1,left,0,0,0,0,0,0,0,0,0,0,0,0,0,0,0,0,0,0,0,0,0,0,0,0,0,0,0,0,0,0,0,0,0,0,0,0,0,0,0,0,0,0,0,0,0,0,0,0,0,0,0,0,0,0,0,0,0,0,0,0,0,0,0
2,right,0,0,0,0,0,0,0,0,0,0,0,0,0,0,0,0,0,0,0,0,0,0,0,0,0,0,0,0,0,0,0,0,0,0,0,0,0,0,0,0,0,0,0,0,0,0,0,0,0,0,0,0,0,0,0,0,0,0,0,0,0,0,0
2,left,0,0,0,0,0,0,0,0,0,0,0,0,0,0,0,0,0,0,0,0,0,0,0,0,0,0,0,0,0,0,0,0,0,0,0,0,0,0,0,0,0,0,0,0,0,0,0,0,0,0,0,0,0,0,0,0,0,0,0,0,0,0,0
3,right,0,0,0,0,0,0,0,0,0,0,0,0,0,0,0,0,0,0,0,0,0,0,0,0,0,0,0,0,0,0,0,0,0,0,0,0,0,0,0,0,0,0,0,0,0,0,0,0,0,0,0,0,0,0,0,0,0,0,0,0,0,0,0
3,left,0,0,0,0,0,0,0,0,0,0,0,0,0,0,0,0,0,0,0,0,0,0,0,0,0,0,0,0,0,0,0,0,0,0,0,0,0,0,0,0,0,0,0,0,0,0,0,0,0,0,0,0,0,0,0,0,0,0,0,0,0,0,0
4,right,0.1820983588695526,0.9129520654678345,3.688859919748211e-07,0.14478524029254913,0.8175244927406311,-0.0013570775045081973,0.13434910774230957,0.7245997190475464,-0.020509935915470123,0.15186771750450134,0.6479154825210571,-0.03915466368198395,0.1826917976140976,0.6060002446174622,-0.05619124323129654,0.10295915603637695,0.7781029939651489,-0.06630948930978775,0.12464799731969833,0.6539149284362793,-0.09301400184631348,0.15789386630058289,0.6136680841445923,-0.09825139492750168,0.18067871034145355,0.5999929904937744,-0.0988759770989418,0.13599391281604767,0.8124417662620544,-0.08007591962814331,0.16526103019714355,0.6729423999786377,-0.11122007668018341,0.19392770528793335,0.6289964914321899,-0.11202065646648407,0.20728763937950134,0.6178141236305237,-0.10858669877052307,0.18256430327892303,0.8409098386764526,-0.09096916764974594,0.21270646154880524,0.7116041779518127,-0.11365842074155807,0.24091988801956177,0.6435526609420776,-0.111878901720047,0.25494584441185,0.6026220917701721,-0.10869312286376953,0.23709125816822052,0.8632940649986267,-0.10055755823850632,0.26614975929260254,0.7793769240379333,-0.11502493172883987,0.28288963437080383,0.7235950827598572,-0.11439444124698639,0.28821861743927,0.6830074787139893,-0.11285712569952011
4,left,0,0,0,0,0,0,0,0,0,0,0,0,0,0,0,0,0,0,0,0,0,0,0,0,0,0,0,0,0,0,0,0,0,0,0,0,0,0,0,0,0,0,0,0,0,0,0,0,0,0,0,0,0,0,0,0,0,0,0,0,0,0,0
5,right,0.21628497540950775,0.8227208852767944,3.2584267728452687e-07,0.18921473622322083,0.7447586059570312,-0.0022487149108201265,0.18443837761878967,0.6608359813690186,-0.019572187215089798,0.20640957355499268,0.5941353440284729,-0.037918440997600555,0.23358190059661865,0.5508914589881897,-0.054126057773828506,0.14660462737083435,0.6616584062576294,-0.055135272443294525,0.17373162508010864,0.5441398024559021,-0.0864577367901802,0.21423682570457458,0.5154744982719421,-0.09873504936695099,0.2427963763475418,0.5105805397033691,-0.10226111114025116,0.17278939485549927,0.6909220218658447,-0.06770142167806625,0.2048051655292511,0.5642883777618408,-0.09725562483072281,0.24415679275989532,0.5250813364982605,-0.10190915316343307,0.2697649300098419,0.5146023035049438,-0.10242439806461334,0.21199828386306763,0.7143803834915161,-0.07867678254842758,0.24256089329719543,0.5963829755783081,-0.09874746203422546,0.2743861675262451,0.5531748533248901,-0.09436493366956711,0.29288530349731445,0.5329375267028809,-0.08923859149217606,0.2576293349266052,0.730962872505188,-0.08975785225629807,0.2865197956562042,0.6370795369148254,-0.09823257476091385,0.3017340302467346,0.5978426337242126,-0.0915297344326973,0.31009528040885925,0.5736823678016663,-0.08545839786529541
5,left,0.6421282887458801,0.7702395915985107,-7.51839692725298e-08,0.665828287601471,0.7088284492492676,-0.004527358338236809,0.673819899559021,0.6385584473609924,-0.02077612280845642,0.65538090467453,0.5893620848655701,-0.0332639217376709,0.6304184794425964,0.5625195503234863,-0.04723876342177391,0.6946342587471008,0.6564126014709473,-0.07566342502832413,0.6562358736991882,0.5507053136825562,-0.10012649744749069,0.6281238198280334,0.5272588729858398,-0.10349010676145554,0.6158918738365173,0.5301247239112854,-0.10143934935331345,0.6681763529777527,0.6896017789840698,-0.08191382139921188,0.6271792650222778,0.5810867547988892,-0.1074623167514801,0.5999085307121277,0.5468151569366455,-0.10517346858978271,0.5876572132110596,0.542330801486969,-0.10195447504520416,0.6336079239845276,0.711521327495575,-0.08530987799167633,0.6005474328994751,0.6080257892608643,-0.10546375811100006,0.5773169994354248,0.5628746747970581,-0.103630930185318,0.5652518272399902,0.5460622906684875,-0.10071185231208801,0.595373272895813,0.7195553183555603,-0.08682262152433395,0.5697187781333923,0.6324555277824402,-0.10354986786842346,0.5560641884803772,0.5864847898483276,-0.1061505600810051,0.5475885272026062,0.5584574937820435,-0.10686958581209183
6,right,0.23350395262241364,0.7816441655158997,2.8383101380313747e-07,0.2027319371700287,0.7151523232460022,0.0016751703806221485,0.19686278700828552,0.6371456384658813,-0.015272202901542187,0.22081463038921356,0.5729609131813049,-0.0329706035554409,0.25038406252861023,0.5315901041030884,-0.04819792881608009,0.16577734053134918,0.6332187056541443,-0.05716655030846596,0.20219488441944122,0.512749433517456,-0.08515223115682602,0.24050217866897583,0.4934653043746948,-0.08921927958726883,0.263029545545578,0.5037474632263184,-0.08470036089420319,0.1938132345676422,0.6545307040214539,-0.06894072145223618,0.2306155115365982,0.5257143378257751,-0.0934070348739624,0.26618820428848267,0.5077565312385559,-0.08564270287752151,0.2851269841194153,0.5198671817779541,-0.0743914470076561,0.23163600265979767,0.6726858019828796,-0.07850490510463715,0.26597094535827637,0.5564236044883728,-0.09251020848751068,0.29478904604911804,0.5318015217781067,-0.07568932324647903,0.30848026275634766,0.5353705286979675,-0.05993437021970749,0.2747471034526825,0.685688316822052,-0.087778739631176,0.2997015714645386,0.5905065536499023,-0.09122812002897263,0.3144254684448242,0.5579467415809631,-0.07767408341169357,0.3210991322994232,0.5444359183311462,-0.06466438621282578
6,left,0.6353358030319214,0.739154040813446,-1.2538917815163586e-07,0.6618617177009583,0.6827698349952698,0.0007621016120538116,0.6648893356323242,0.6102493405342102,-0.013433062471449375,0.6397078037261963,0.5547016859054565,-0.02603844366967678,0.6085819005966187,0.5266176462173462,-0.04077335447072983,0.688230037689209,0.6135503053665161,-0.06037295609712601,0.643942654132843,0.5124099254608154,-0.07731962203979492,0.6112383008003235,0.4920952022075653,-0.07670755684375763,0.5935357809066772,0.497520387172699,-0.07391422241926193,0.6590507626533508,0.6417381167411804,-0.06969447433948517,0.6176360249519348,0.5299962759017944,-0.0861644297838211,0.5882734656333923,0.5043589472770691,-0.08018413186073303,0.5736640095710754,0.5059270858764648,-0.07621752470731735,0.6233270764350891,0.6624331474304199,-0.07574807107448578,0.5916929841041565,0.5545993447303772,-0.09060513228178024,0.5671173930168152,0.5226138234138489,-0.08395722508430481,0.5534246563911438,0.5176249146461487,-0.07892537117004395,0.5860651731491089,0.6751051545143127,-0.079881452023983,0.5657431483268738,0.5863997340202332,-0.09553041309118271,0.5505459904670715,0.5449820160865784,-0.09558067470788956,0.5387448072433472,0.5212342739105225,-0.09416411817073822
7,right,0.24269026517868042,0.7830852270126343,3.4413943694744376e-07,0.2068043053150177,0.7158560752868652,0.00577219994738698,0.19447459280490875,0.6414188146591187,-0.010080265812575817,0.21137790381908417,0.57874995470047,-0.02791328728199005,0.23931865394115448,0.5393814444541931,-0.04449474811553955,0.17162883281707764,0.6308268308639526,-0.05410977825522423,0.20688511431217194,0.5132267475128174,-0.08202037215232849,0.24548855423927307,0.4954775869846344,-0.08671795576810837,0.2666460871696472,0.5047156810760498,-0.08281578868627548,0.19899746775627136,0.6540942788124084,-0.06821083277463913,0.2379603236913681,0.5246554017066956,-0.09178496152162552,0.27363118529319763,0.5068768262863159,-0.08244872093200684,0.2917657792568207,0.5181897878646851,-0.07013223320245743,0.23723722994327545,0.6729133725166321,-0.0798482671380043,0.2734125554561615,0.5523355007171631,-0.09400001913309097,0.3005129098892212,0.5272219181060791,-0.07553340494632721,0.3134349584579468,0.5313052535057068,-0.05797090008854866,0.2783034145832062,0.6866368055343628,-0.09071103483438492,0.3027470111846924,0.588593065738678,-0.09385369718074799,0.31623727083206177,0.5564801692962646,-0.07844258844852448,0.3232012987136841,0.5448895692825317,-0.06336116790771484
7,left,0.6284177303314209,0.7337012887001038,-1.8104314847278147e-07,0.6542043685913086,0.6742574572563171,0.0005712268175557256,0.6578308939933777,0.5970752239227295,-0.013090986758470535,0.6331720948219299,0.5362419486045837,-0.025114743039011955,0.6046076416969299,0.5047712922096252,-0.03908515349030495,0.6780438423156738,0.6104586124420166,-0.055286142975091934,0.6336045861244202,0.5076520442962646,-0.07389488071203232,0.6017937064170837,0.48671627044677734,-0.07770583778619766,0.5857987999916077,0.48988986015319824,-0.07753144204616547,0.6470015048980713,0.6378025412559509,-0.06362375617027283,0.6069786548614502,0.5222209095954895,-0.07984144985675812,0.5791981220245361,0.49755263328552246,-0.0769982635974884,0.5655456185340881,0.49976059794425964,-0.07507095485925674,0.6119778752326965,0.6555721759796143,-0.06883585453033447,0.5826303362846375,0.544026792049408,-0.08136216551065445,0.5595483183860779,0.5145485401153564,-0.07546931505203247,0.5468261241912842,0.5099526643753052,-0.07114982604980469,0.5766632556915283,0.666347324848175,-0.07234758138656616,0.5565738677978516,0.5759256482124329,-0.08247052878141403,0.5439373254776001,0.536793053150177,-0.0801306664943695,0.5342667102813721,0.5143115520477295,-0.0778859555721283
8,right,0.2425243854522705,0.782280683517456,3.637321697169682e-07,0.20773182809352875,0.7132684588432312,0.003681113012135029,0.19532665610313416,0.6406381726264954,-0.013746925629675388,0.21128301322460175,0.5793686509132385,-0.03314179182052612,0.2372545301914215,0.5407307147979736,-0.05101465806365013,0.17041915655136108,0.6307260990142822,-0.05471191927790642,0.20284655690193176,0.5117471814155579,-0.08353232592344284,0.24191796779632568,0.49199190735816956,-0.08907096087932587,0.2633631229400635,0.5025529265403748,-0.08577572554349899,0.1984405517578125,0.6539664268493652,-0.06866025924682617,0.23305492103099823,0.5244227647781372,-0.09320476651191711,0.2694195806980133,0.507081925868988,-0.08448512852191925,0.2871776521205902,0.5202236175537109,-0.0726480782032013,0.23720093071460724,0.672566831111908,-0.08045394718647003,0.26824086904525757,0.5510646104812622,-0.09535026550292969,0.29589927196502686,0.5270259380340576,-0.07649413496255875,0.3090760111808777,0.5336726903915405,-0.05877474322915077,0.2796012759208679,0.6856749057769775,-0.09180562198162079,0.3016434609889984,0.5868693590164185,-0.09591952711343765,0.31465476751327515,0.5532020926475525,-0.08064866811037064,0.32072824239730835,0.5416226983070374,-0.06565289199352264
8,left,0.6259192228317261,0.7301406264305115,-1.545792400747814e-07,0.6512728929519653,0.6709790825843811,0.001815269934013486,0.65313720703125,0.5920511484146118,-0.009929371997714043,0.6292513012886047,0.5281996726989746,-0.020628565922379494,0.6049638986587524,0.49218782782554626,-0.033014219254255295,0.6747564077377319,0.6082807183265686,-0.04633505642414093,0.633486807346344,0.5100393891334534,-0.06449246406555176,0.6040402054786682,0.4868958294391632,-0.06979327648878098,0.5886009335517883,0.4869934320449829,-0.07070819288492203,0.6437512636184692,0.6340528130531311,-0.05501417815685272,0.6049472689628601,0.5207852721214294,-0.0711200013756752,0.5789823532104492,0.49387165904045105,-0.07019847631454468,0.5652185678482056,0.49321743845939636,-0.06919479370117188,0.6087483167648315,0.6505777835845947,-0.061018139123916626,0.57817542552948,0.5415967106819153,-0.07330885529518127,0.557579517364502,0.5109593868255615,-0.0685017853975296,0.5460394620895386,0.5042715072631836,-0.06467453390359879,0.573722243309021,0.659785270690918,-0.06533414125442505,0.5540504455566406,0.5705576539039612,-0.07476315647363663,0.5430106520652771,0.5309320688247681,-0.07280436903238297,0.53456711769104,0.5060418248176575,-0.07086360454559326
9,right,0.2366393357515335,0.7732832431793213,6.829271228525613e-07,0.20231488347053528,0.7078074216842651,-0.0064211380667984486,0.18920055031776428,0.6272338032722473,-0.027854910120368004,0.20208390057086945,0.5574795007705688,-0.04843749478459358,0.22657495737075806,0.509774386882782,-0.06631433218717575,0.1571301966905594,0.629498302936554,-0.07345806062221527,0.15317773818969727,0.5140916705131531,-0.1130787581205368,0.1909235566854477,0.4680594205856323,-0.1274046003818512,0.22297729551792145,0.46285828948020935,-0.12975265085697174,0.18512023985385895,0.6565567851066589,-0.08602219074964523,0.19678273797035217,0.5313688516616821,-0.12750191986560822,0.2346562296152115,0.47870132327079773,-0.13164067268371582,0.26154544949531555,0.4696686267852783,-0.12689192593097687,0.22573184967041016,0.6773405075073242,-0.09672663360834122,0.24618618190288544,0.5660309791564941,-0.12733525037765503,0.27179333567619324,0.5084220170974731,-0.1203690767288208,0.2862115204334259,0.4838288724422455,-0.10881353169679642,0.2710515856742859,0.6897093057632446,-0.10730874538421631,0.2993292510509491,0.594129204750061,-0.12523476779460907,0.31593185663223267,0.5436141490936279,-0.11920254677534103,0.3260563611984253,0.5118957757949829,-0.1094125360250473
9,left,0.6328009366989136,0.7149466276168823,6.620435755166909e-08,0.654690146446228,0.6574676036834717,-0.0033961955923587084,0.6557437777519226,0.5854134559631348,-0.018704259768128395,0.6329535841941833,0.5268275141716003,-0.03201736509799957,0.6098580956459045,0.48732641339302063,-0.04794798046350479,0.6767411231994629,0.5896345376968384,-0.06238073483109474,0.6607794165611267,0.4926248788833618,-0.08851601183414459,0.6335923671722412,0.4434380829334259,-0.10013898462057114,0.6113115549087524,0.42166829109191895,-0.10556798428297043,0.6496298909187317,0.6189120411872864,-0.07181259244680405,0.6246179938316345,0.5170245170593262,-0.09618105739355087,0.593381404876709,0.46094557642936707,-0.10213226824998856,0.5706139206886292,0.4354504942893982,-0.10676037520170212,0.6152089834213257,0.6451752781867981,-0.07883600145578384,0.5917792916297913,0.5490975975990295,-0.09963023662567139,0.5664637684822083,0.49549466371536255,-0.10415586084127426,0.5488497614860535,0.46753984689712524,-0.10698002576828003,0.5776218771934509,0.6653772592544556,-0.0840858593583107,0.5543534755706787,0.5898587703704834,-0.10624651610851288,0.536048948764801,0.5438874959945679,-0.11381761729717255,0.5217798948287964,0.5109547972679138,-0.11753556877374649
10,right,0.22905732691287994,0.8064678311347961,6.621903594350442e-07,0.20327423512935638,0.7066712975502014,-0.007530614268034697,0.19767916202545166,0.6060738563537598,-0.031908899545669556,0.21525949239730835,0.527095377445221,-0.053977884352207184,0.23364821076393127,0.46844470500946045,-0.07601907104253769,0.15003785490989685,0.6511507630348206,-0.10416386276483536,0.10245541483163834,0.5840045809745789,-0.15641571581363678,0.11281360685825348,0.5119494795799255,-0.18697798252105713,0.13575559854507446,0.45843586325645447,-0.20468664169311523,0.17566560208797455,0.6943592429161072,-0.12236586213111877,0.14002491533756256,0.6282369494438171,-0.18034416437149048,0.15674221515655518,0.5424181818962097,-0.2039087563753128,0.1837468445301056,0.4858405590057373,-0.2180827111005783,0.21800638735294342,0.7230591773986816,-0.137267604470253,0.21495695412158966,0.6435087323188782,-0.19025038182735443,0.23821339011192322,0.5551053285598755,-0.21433551609516144,0.2622531056404114,0.49276047945022583,-0.22689540684223175,0.2690788209438324,0.7398939728736877,-0.1497810333967209,0.2946368157863617,0.6651948690414429,-0.18989098072052002,0.3167731761932373,0.6081354022026062,-0.20707949995994568,0.3373757302761078,0.5626423358917236,-0.21774518489837646
10,left,0.6439490914344788,0.7538145780563354,1.2672769855726074e-07,0.6756207942962646,0.6889373064041138,-0.0036485539749264717,0.6813192367553711,0.6221478581428528,-0.015436193905770779,0.6707891821861267,0.5657559037208557,-0.023991219699382782,0.6603950262069702,0.5237652659416199,-0.03494543954730034,0.6937128305435181,0.6249905824661255,-0.06819844990968704,0.7057674527168274,0.5348833203315735,-0.09325803816318512,0.6944766640663147,0.4724365174770355,-0.10368520766496658,0.6823697090148926,0.42669373750686646,-0.10997738689184189,0.6606913208961487,0.6487926840782166,-0.07600516825914383,0.6395029425621033,0.5526982545852661,-0.09882470965385437,0.6166890263557434,0.4881301522254944,-0.1062457263469696,0.6006393432617188,0.44371312856674194,-0.11305087059736252,0.6242340207099915,0.6776754856109619,-0.0798395648598671,0.5974950194358826,0.5974228382110596,-0.0987967848777771,0.5801916718482971,0.5496025085449219,-0.10439678281545639,0.5712710022926331,0.5145800709724426,-0.10931691527366638,0.586637556552887,0.7071125507354736,-0.08189620077610016,0.5451700687408447,0.6634659171104431,-0.10305461287498474,0.5226905941963196,0.6288703083992004,-0.11088503152132034,0.509722888469696,0.5968701243400574,-0.11514413356781006
11,right,0.23266875743865967,0.8757943511009216,5.472062980516057e-07,0.20954646170139313,0.7553802132606506,-0.012504177168011665,0.18643970787525177,0.6630275845527649,-0.04419264569878578,0.18735601007938385,0.5901874899864197,-0.07078482955694199,0.18309679627418518,0.5196545720100403,-0.09757250547409058,0.13376659154891968,0.7243812680244446,-0.14133884012699127,0.08114943653345108,0.6720191240310669,-0.2057199329137802,0.08027718961238861,0.6039421558380127,-0.24112215638160706,0.09266489744186401,0.5476523637771606,-0.26470354199409485,0.16102227568626404,0.7717182636260986,-0.16093941032886505,0.11500516533851624,0.7404419779777527,-0.24251627922058105,0.12001562863588333,0.6757962107658386,-0.2824171185493469,0.13916967809200287,0.6210881471633911,-0.3119211494922638,0.2037990391254425,0.8047182559967041,-0.174282506108284,0.19069914519786835,0.7634038329124451,-0.2528315782546997,0.20253953337669373,0.6961493492126465,-0.29195719957351685,0.21880784630775452,0.644174337387085,-0.3164212107658386,0.2570868134498596,0.8217080235481262,-0.18326368927955627,0.2715825140476227,0.7666067481040955,-0.24913965165615082,0.2953565716743469,0.7199886441230774,-0.28267863392829895,0.3122395873069763,0.6755557060241699,-0.3069470524787903
11,left,0.6567506790161133,0.814618706703186,3.9712932675683987e-07,0.6689836978912354,0.7256176471710205,-0.03747229650616646,0.6665600538253784,0.6292582154273987,-0.06637366116046906,0.6461591720581055,0.5584055781364441,-0.08539006114006042,0.6229044198989868,0.5008212327957153,-0.10603619366884232,0.7121343016624451,0.6947641372680664,-0.12495622038841248,0.7348921298980713,0.6318673491477966,-0.16950130462646484,0.7348953485488892,0.5807205438613892,-0.19194796681404114,0.7308346033096313,0.5304842591285706,-0.20802165567874908,0.6826978325843811,0.7377781867980957,-0.12431641668081284,0.6762411594390869,0.6822234392166138,-0.17818698287010193,0.663358747959137,0.628054141998291,-0.20569147169589996,0.6543949842453003,0.5795597434043884,-0.22788572311401367,0.6445557475090027,0.7731470465660095,-0.1205059364438057,0.623870313167572,0.7315859794616699,-0.17090530693531036,0.6103011965751648,0.6886751055717468,-0.1928686499595642,0.5993220806121826,0.648507297039032,-0.20680031180381775,0.6022279858589172,0.8009195327758789,-0.11610142141580582,0.5703485012054443,0.7615522146224976,-0.15641933679580688,0.5475552082061768,0.7291200757026672,-0.17508497834205627,0.5279186964035034,0.6960627436637878,-0.18930684030056
12,right,0.23298127949237823,0.8893454074859619,6.612954166484997e-07,0.20687927305698395,0.7734944820404053,-0.01598459482192993,0.18951144814491272,0.679783046245575,-0.04595561698079109,0.18807747960090637,0.6085113883018494,-0.0731545090675354,0.18253344297409058,0.5466719269752502,-0.09902822226285934,0.1318553239107132,0.7497149705886841,-0.10838185250759125,0.08598053455352783,0.6947909593582153,-0.16193930804729462,0.09948892146348953,0.6257956027984619,-0.19260917603969574,0.12228509783744812,0.5730316638946533,-0.21096087992191315,0.1614503711462021,0.7940307855606079,-0.12405547499656677,0.12732286751270294,0.757649838924408,-0.18367914855480194,0.14026814699172974,0.6796401143074036,-0.20559316873550415,0.1626887172460556,0.6238186359405518,-0.21964775025844574,0.20445698499679565,0.8234210014343262,-0.13756711781024933,0.19503329694271088,0.7748367786407471,-0.1924721747636795,0.20501546561717987,0.6970643997192383,-0.2108013927936554,0.21949756145477295,0.6411211490631104,-0.21996892988681793,0.25761884450912476,0.8373079895973206,-0.15042132139205933,0.2719576060771942,0.7774488925933838,-0.19458161294460297,0.28645068407058716,0.7196134924888611,-0.2113463133573532,0.2998690605163574,0.6698589324951172,-0.22133876383304596
12,left,0.6439850926399231,0.8263209462165833,1.577169506106202e-08,0.6592695116996765,0.7314832210540771,-0.018513603135943413,0.6596989035606384,0.6384273767471313,-0.0338902585208416,0.6373213529586792,0.5664399862289429,-0.046136971563100815,0.6185123920440674,0.5100040435791016,-0.0592523068189621,0.7131487727165222,0.7065235376358032,-0.05754474923014641,0.7388474345207214,0.6468507051467896,-0.0832589790225029,0.7300516366958618,0.5872288346290588,-0.09644396603107452,0.7130318880081177,0.5409563183784485,-0.10585994273424149,0.6876879334449768,0.7461099028587341,-0.06348087638616562,0.6710867285728455,0.6681088805198669,-0.09139275550842285,0.6508495211601257,0.6045893430709839,-0.10504882782697678,0.6321014761924744,0.556367039680481,-0.1171359196305275,0.6515795588493347,0.7804470658302307,-0.06905609369277954,0.6294988393783569,0.7207633852958679,-0.09930799156427383,0.6185059547424316,0.6769372820854187,-0.10970930010080338,0.609802782535553,0.6395995616912842,-0.11571287363767624,0.6080253720283508,0.804777979850769,-0.07421723008155823,0.5758841633796692,0.7516539692878723,-0.1023491844534874,0.5612905621528625,0.7132403254508972,-0.11197986453771591,0.5522414445877075,0.6812021732330322,-0.11780223250389099
13,right,0.2216225564479828,0.8596593141555786,6.766390470147599e-07,0.18307940661907196,0.7859868407249451,-0.004488019738346338,0.16579130291938782,0.7077974677085876,-0.02831231616437435,0.17435318231582642,0.6391258239746094,-0.05288492143154144,0.19517454504966736,0.5881593823432922,-0.07657316327095032,0.12969127297401428,0.7190700769424438,-0.07418769598007202,0.13031955063343048,0.6030214428901672,-0.11862856149673462,0.17194326221942902,0.5477830171585083,-0.14088889956474304,0.2050572633743286,0.5250364542007446,-0.1507101207971573,0.16265352070331573,0.7484172582626343,-0.09109528362751007,0.1720074564218521,0.6249831914901733,-0.13589702546596527,0.20921006798744202,0.5610423684120178,-0.146063894033432,0.23804476857185364,0.5345232486724854,-0.14838621020317078,0.2053820788860321,0.7680508494377136,-0.10630852729082108,0.21733909845352173,0.659096360206604,-0.1404222548007965,0.24226370453834534,0.5976158380508423,-0.14055141806602478,0.26088160276412964,0.5638777613639832,-0.13569192588329315,0.2523737847805023,0.773297131061554,-0.12132027000188828,0.2744494080543518,0.6819525957107544,-0.14115111529827118,0.2881994843482971,0.6248589754104614,-0.13933277130126953,0.2985629439353943,0.5827444195747375,-0.13478069007396698
13,left,0.6468937397003174,0.778068482875824,6.072317404459682e-08,0.6722971200942993,0.716187596321106,-0.009378903545439243,0.6828603148460388,0.6380060315132141,-0.023358307778835297,0.6670268177986145,0.5747513175010681,-0.03388349339365959,0.6433632969856262,0.5280262231826782,-0.04648283123970032,0.7078457474708557,0.6514389514923096,-0.06070243567228317,0.7030766010284424,0.5577586889266968,-0.08674893528223038,0.6735649704933167,0.5018064379692078,-0.09920475631952286,0.6451775431632996,0.4693067669868469,-0.10500912368297577,0.6840348839759827,0.6760276556015015,-0.0663733184337616,0.6759279370307922,0.580434262752533,-0.08965997397899628,0.6415191888809204,0.5176265239715576,-0.09621886909008026,0.6127414107322693,0.481842577457428,-0.10084947198629379,0.6501583456993103,0.6993269920349121,-0.07013250142335892,0.6354522705078125,0.6074073314666748,-0.08824457228183746,0.6077936887741089,0.5427464246749878,-0.09221718460321426,0.5866944193840027,0.5001188516616821,-0.09467435628175735,0.6084449291229248,0.7198023796081543,-0.07299279421567917,0.5906904339790344,0.6495027542114258,-0.0900149717926979,0.576507568359375,0.5988494157791138,-0.09411311149597168,0.567018449306488,0.5590711236000061,-0.09576528519392014
14,right,0.21932241320610046,0.8076571226119995,3.5808506027024123e-07,0.18955104053020477,0.739264190196991,-0.004380723461508751,0.18780530989170074,0.6491705775260925,-0.022903811186552048,0.21922819316387177,0.5737050175666809,-0.04021338373422623,0.25461554527282715,0.522054135799408,-0.054824139922857285,0.14344453811645508,0.664031445980072,-0.0628911703824997,0.16811908781528473,0.5408823490142822,-0.08924523741006851,0.20622803270816803,0.5062212347984314,-0.0942695215344429,0.23382419347763062,0.50290846824646,-0.09237365424633026,0.1749154031276703,0.688396692276001,-0.07272972166538239,0.20344190299510956,0.5561366677284241,-0.09849856048822403,0.23921729624271393,0.5187343955039978,-0.09737952053546906,0.2605300843715668,0.5152864456176758,-0.09323297441005707,0.2164594829082489,0.7058661580085754,-0.08009585738182068,0.2392946481704712,0.5833483338356018,-0.0949525311589241,0.26725003123283386,0.5389417409896851,-0.08605346828699112,0.28134843707084656,0.5225092172622681,-0.07828078418970108,0.26223114132881165,0.7154005765914917,-0.08742153644561768,0.27839839458465576,0.6143000721931458,-0.09132135659456253,0.29021498560905457,0.5752090215682983,-0.08144566416740417,0.29536497592926025,0.5545991063117981,-0.073601633310318
14,left,0.6484543085098267,0.7336358428001404,-1.2940827787133458e-07,0.6738821864128113,0.6738096475601196,0.004158548079431057,0.6799657344818115,0.6028798222541809,-0.007420537061989307,0.6587550044059753,0.544766902923584,-0.01884828507900238,0.6322212219238281,0.5070704221725464,-0.032626595348119736,0.7032268047332764,0.592671275138855,-0.049378521740436554,0.6708278059959412,0.48527342081069946,-0.0695330873131752,0.6372851729393005,0.45433735847473145,-0.07352142035961151,0.6169078350067139,0.45192256569862366,-0.07327921688556671,0.6752552390098572,0.6167752146720886,-0.06097853556275368,0.6443010568618774,0.4973965883255005,-0.08127649873495102,0.6094074845314026,0.46641606092453003,-0.07993952184915543,0.5897656679153442,0.4667462110519409,-0.07774491608142853,0.6399813294410706,0.6363658905029297,-0.06997726857662201,0.6155139207839966,0.5244781970977783,-0.08734873682260513,0.5865412354469299,0.48484307527542114,-0.08531397581100464,0.5691276788711548,0.47417953610420227,-0.08246605843305588,0.6028921008110046,0.6509624123573303,-0.07679664343595505,0.5900230407714844,0.5567735433578491,-0.09307440370321274,0.5735247731208801,0.5150743126869202,-0.09454327076673508,0.559078574180603,0.49243777990341187,-0.0936974436044693
15,right,0.22395040094852448,0.7996565103530884,3.7119531270946027e-07,0.18810829520225525,0.7299119830131531,0.003060470335185528,0.1792691946029663,0.6519976854324341,-0.01544713694602251,0.20177239179611206,0.5888288021087646,-0.03580924868583679,0.23363567888736725,0.5500237941741943,-0.05517294630408287,0.1517128199338913,0.6475341320037842,-0.056552618741989136,0.18946316838264465,0.5240998268127441,-0.08881053328514099,0.22833295166492462,0.5061779022216797,-0.09790588915348053,0.2499299943447113,0.5151790380477905,-0.09716002643108368,0.18029005825519562,0.6732572913169861,-0.07150912284851074,0.22031545639038086,0.5376049280166626,-0.09980760514736176,0.2559777498245239,0.5196365118026733,-0.09423545002937317,0.27581584453582764,0.5290082097053528,-0.08459101617336273,0.21945901215076447,0.6920981407165527,-0.08474352955818176,0.25661414861679077,0.5705893039703369,-0.10296150296926498,0.28375908732414246,0.539385199546814,-0.08911336958408356,0.2984793484210968,0.5346444845199585,-0.07496000826358795,0.2618422508239746,0.7037512063980103,-0.0973370298743248,0.28477782011032104,0.6068705916404724,-0.10222907364368439,0.2976768910884857,0.5748423337936401,-0.08893516659736633,0.3058242201805115,0.5609394907951355,-0.07643257826566696
15,left,0.6464544534683228,0.7320122718811035,-2.4912276330724126e-07,0.6723811626434326,0.6675009727478027,0.008844045922160149,0.6765043139457703,0.5941727161407471,-0.0013886778615415096,0.6535641551017761,0.5370988845825195,-0.012600956484675407,0.6250198483467102,0.5064480304718018,-0.026121916249394417,0.6968954801559448,0.5916666984558105,-0.04247569292783737,0.6523098945617676,0.4812323749065399,-0.06157056242227554,0.617128849029541,0.4634081721305847,-0.06696280837059021,0.5996548533439636,0.47218048572540283,-0.06732182949781418,0.6671432256698608,0.6139426827430725,-0.05489470064640045,0.6278648972511292,0.4924032986164093,-0.07088880240917206,0.5964447855949402,0.47003820538520813,-0.06878526508808136,0.5809539556503296,0.4770895838737488,-0.06683405488729477,0.6324371695518494,0.6306415796279907,-0.0643075481057167,0.6048263907432556,0.5143138766288757,-0.07543949037790298,0.5783788561820984,0.487849622964859,-0.06984954327344894,0.5637948513031006,0.48751723766326904,-0.06567638367414474,0.5977921485900879,0.6433095932006836,-0.07163023948669434,0.5797954201698303,0.5493506789207458,-0.0802600085735321,0.5649859309196472,0.5147759318351746,-0.07687659561634064,0.5529611110687256,0.4977838397026062,-0.07367328554391861
16,right,0.2293766587972641,0.8203858137130737,3.338079750392353e-07,0.1935366541147232,0.7488318681716919,0.0046346974559128284,0.18348479270935059,0.671334981918335,-0.01256675086915493,0.20321285724639893,0.6084434986114502,-0.031594328582286835,0.23074334859848022,0.5697258114814758,-0.049362439662218094,0.1565040647983551,0.6654795408248901,-0.05567234754562378,0.19492590427398682,0.5438505411148071,-0.08440770953893661,0.2333536148071289,0.5251902341842651,-0.09052636474370956,0.2554161846637726,0.5324535369873047,-0.08807409554719925,0.18690039217472076,0.6900264620780945,-0.07009438425302505,0.22613942623138428,0.5562020540237427,-0.09290575236082077,0.26022523641586304,0.5376048684120178,-0.08415135741233826,0.2795085310935974,0.5460145473480225,-0.07330293953418732,0.2264706939458847,0.708053469657898,-0.08225131034851074,0.26096946001052856,0.587181806564331,-0.09537424892187119,0.28601473569869995,0.5606101155281067,-0.07809446007013321,0.2995445728302002,0.5610275268554688,-0.06270694732666016,0.26872915029525757,0.719211995601654,-0.09386129677295685,0.2900204062461853,0.6239946484565735,-0.09635032713413239,0.3032675087451935,0.5929548740386963,-0.08158654719591141,0.31196820735931396,0.5793581008911133,-0.06800613552331924
16,left,0.6472057700157166,0.7492718696594238,-2.5780107648643025e-07,0.6754417419433594,0.6850466132164001,0.007835643365979195,0.6809341907501221,0.6130076050758362,-0.002031127456575632,0.6581103205680847,0.5571384429931641,-0.012485841289162636,0.6293494701385498,0.5282004475593567,-0.024955207481980324,0.7012917399406433,0.6098958253860474,-0.04113775119185448,0.6565995216369629,0.5035062432289124,-0.05970661714673042,0.6235235333442688,0.48609861731529236,-0.06477434933185577,0.6083502173423767,0.4932131767272949,-0.0648166686296463,0.6704195737838745,0.6319082975387573,-0.052506495267152786,0.6301963925361633,0.514017641544342,-0.06853470206260681,0.599880039691925,0.49252861738204956,-0.0668218657374382,0.5856679677963257,0.4985256791114807,-0.06458871811628342,0.6342892646789551,0.6477096080780029,-0.06101088970899582,0.6034600734710693,0.5360706448554993,-0.07255124300718307,0.5786148309707642,0.509231448173523,-0.06720919907093048,0.5662815570831299,0.5069947838783264,-0.06266749650239944,0.5984093546867371,0.6589490175247192,-0.06748127192258835,0.5814608931541443,0.5664655566215515,-0.07584556937217712,0.5689597129821777,0.5327374339103699,-0.07220545411109924,0.5598499774932861,0.5154436230659485,-0.06858237087726593
17,right,0.22512377798557281,0.8077404499053955,3.815890181613213e-07,0.18940553069114685,0.7359284162521362,0.003559480421245098,0.17991766333580017,0.6589733362197876,-0.01397215761244297,0.19916968047618866,0.5953416228294373,-0.03312285244464874,0.22547699511051178,0.5561534762382507,-0.05110321566462517,0.15472878515720367,0.6530869007110596,-0.056400034576654434,0.19269424676895142,0.5324364900588989,-0.08587273210287094,0.2320532202720642,0.5127713680267334,-0.09268154203891754,0.25429195165634155,0.5226156711578369,-0.09041701257228851,0.18465018272399902,0.6795991659164429,-0.07035733014345169,0.22474825382232666,0.5468460321426392,-0.09600280970335007,0.2601006329059601,0.529766321182251,-0.08825498074293137,0.2772688865661621,0.5422930717468262,-0.07732445746660233,0.22448019683361053,0.69921875,-0.08214510232210159,0.2582094967365265,0.5764312148094177,-0.09695574641227722,0.28353893756866455,0.5471266508102417,-0.08017195016145706,0.2955273985862732,0.5478105545043945,-0.06446023285388947,0.26685866713523865,0.7121442556381226,-0.09343279153108597,0.28692013025283813,0.613629937171936,-0.09629936516284943,0.2992284893989563,0.5813148021697998,-0.0813169851899147,0.30683252215385437,0.5706213116645813,-0.06736204773187637
17,left,0.6451324820518494,0.7421256899833679,-2.0318633175975265e-07,0.671530544757843,0.6777448058128357,0.007482560351490974,0.677659273147583,0.6046822667121887,-0.0023881958331912756,0.654634416103363,0.547337532043457,-0.012634444050490856,0.6269680261611938,0.5170763731002808,-0.024996411055326462,0.697509765625,0.6040437817573547,-0.041554681956768036,0.6515416502952576,0.5010324716567993,-0.05859534442424774,0.6187036633491516,0.483752965927124,-0.06267859786748886,0.6024227142333984,0.49059176445007324,-0.06240043044090271,0.6669005155563354,0.6279400587081909,-0.05263837054371834,0.6256969571113586,0.5119894742965698,-0.06762223690748215,0.5969871282577515,0.48783206939697266,-0.06562434136867523,0.5820490121841431,0.4927296042442322,-0.06373731791973114,0.631504476070404,0.6455366015434265,-0.060736365616321564,0.5995347499847412,0.5341176986694336,-0.07089539617300034,0.5757039785385132,0.505796492099762,-0.06527405232191086,0.5626149773597717,0.5028490424156189,-0.06110589951276779,0.596351146697998,0.658355712890625,-0.06688070297241211,0.5765470862388611,0.5664112567901611,-0.07454052567481995,0.5630640983581543,0.531082034111023,-0.07108982652425766,0.5520843863487244,0.5118725895881653,-0.06790244579315186
18,right,0.21068298816680908,0.8018456697463989,8.533535265087266e-07,0.18653741478919983,0.7143343687057495,-0.01671328954398632,0.1846834421157837,0.6190311312675476,-0.04844433814287186,0.21484078466892242,0.5377094149589539,-0.07685545831918716,0.25737684965133667,0.4797973334789276,-0.10273360460996628,0.12265226989984512,0.6591905355453491,-0.10467730462551117,0.12039289623498917,0.5506726503372192,-0.14906880259513855,0.16431544721126556,0.4974766969680786,-0.16531378030776978,0.20184174180030823,0.48073482513427734,-0.17101456224918365,0.15200352668762207,0.6967271566390991,-0.11723508685827255,0.1577470898628235,0.5861860513687134,-0.16612772643566132,0.2005888819694519,0.5173698663711548,-0.17625851929187775,0.23401841521263123,0.4888570308685303,-0.17945533990859985,0.19791531562805176,0.7217372059822083,-0.12714704871177673,0.2075672745704651,0.6186568140983582,-0.16342733800411224,0.23657000064849854,0.5473923087120056,-0.16564597189426422,0.2538294196128845,0.5094605088233948,-0.1637638509273529,0.25028830766677856,0.7330743074417114,-0.1374361664056778,0.27286383509635925,0.6385973691940308,-0.15846259891986847,0.28674036264419556,0.5782901644706726,-0.158993661403656,0.2947952151298523,0.5356582403182983,-0.15790598094463348
18,left,0.6617187261581421,0.7411150336265564,-6.629677073988205e-08,0.6850591897964478,0.6787936687469482,-0.0026550304610282183,0.6951899528503418,0.5965259075164795,-0.01427095290273428,0.6851338148117065,0.5292471051216125,-0.02449195086956024,0.6728869676589966,0.47964170575141907,-0.0377671904861927,0.7139573097229004,0.6028482913970947,-0.05761203169822693,0.703437089920044,0.5062149167060852,-0.08637132495641708,0.6735973358154297,0.4542010426521301,-0.1009380891919136,0.6466339826583862,0.4270983338356018,-0.10788194090127945,0.6890969276428223,0.6324738264083862,-0.06772306561470032,0.6665518283843994,0.5276272296905518,-0.09382398426532745,0.6285400390625,0.47228536009788513,-0.10203880071640015,0.601696252822876,0.44567739963531494,-0.10771392285823822,0.6539710164070129,0.6619347333908081,-0.07548554241657257,0.6345115303993225,0.5631369352340698,-0.09757081419229507,0.6038996577262878,0.503732442855835,-0.10256460309028625,0.5837273597717285,0.4709048867225647,-0.10511637479066849,0.6113277673721313,0.6862195134162903,-0.08156085759401321,0.5920308828353882,0.6025830507278442,-0.10347151756286621,0.5735641121864319,0.5478850603103638,-0.11030492931604385,0.5604923367500305,0.5072619915008545,-0.11311953514814377
19,right,0,0,0,0,0,0,0,0,0,0,0,0,0,0,0,0,0,0,0,0,0,0,0,0,0,0,0,0,0,0,0,0,0,0,0,0,0,0,0,0,0,0,0,0,0,0,0,0,0,0,0,0,0,0,0,0,0,0,0,0,0,0,0
19,left,0,0,0,0,0,0,0,0,0,0,0,0,0,0,0,0,0,0,0,0,0,0,0,0,0,0,0,0,0,0,0,0,0,0,0,0,0,0,0,0,0,0,0,0,0,0,0,0,0,0,0,0,0,0,0,0,0,0,0,0,0,0,0
20,right,0,0,0,0,0,0,0,0,0,0,0,0,0,0,0,0,0,0,0,0,0,0,0,0,0,0,0,0,0,0,0,0,0,0,0,0,0,0,0,0,0,0,0,0,0,0,0,0,0,0,0,0,0,0,0,0,0,0,0,0,0,0,0
20,left,0.6511297225952148,0.8964507579803467,1.7810113206451206e-07,0.6766935586929321,0.7960816025733948,-0.026332538574934006,0.7003165483474731,0.7139269709587097,-0.04319237917661667,0.7039014101028442,0.6407886147499084,-0.05965958908200264,0.6992130279541016,0.5731138586997986,-0.07714933156967163,0.7509765028953552,0.8164889216423035,-0.04346725344657898,0.8100141286849976,0.8083385825157166,-0.07170108705759048,0.8364540934562683,0.7824627757072449,-0.09393206983804703,0.8496191501617432,0.7507402300834656,-0.1121857613325119,0.7322866320610046,0.8619945049285889,-0.051315080374479294,0.7717078328132629,0.8831834197044373,-0.08747127652168274,0.7726906538009644,0.8544536232948303,-0.10995429754257202,0.7639283537864685,0.8167321085929871,-0.12737785279750824,0.7010063529014587,0.9001753330230713,-0.06119804084300995,0.7224664688110352,0.904775083065033,-0.10125698149204254,0.7219239473342896,0.8716001510620117,-0.11821994930505753,0.7157027125358582,0.8290454745292664,-0.12802280485630035,0.6581204533576965,0.9190587401390076,-0.07215125113725662,0.65627521276474,0.9320683479309082,-0.10767650604248047,0.6455623507499695,0.9118205904960632,-0.1192416399717331,0.6330555081367493,0.886371910572052,-0.12599265575408936
21,right,0.160613015294075,0.8634622097015381,4.776836135533813e-07,0.14957937598228455,0.7958193421363831,-0.055200666189193726,0.1318887621164322,0.7484763264656067,-0.0976751446723938,0.11856527626514435,0.7009267807006836,-0.12899963557720184,0.10984283685684204,0.639556348323822,-0.1611991971731186,0.1367989331483841,0.8847877383232117,-0.1528683602809906,0.11210811883211136,0.8961681723594666,-0.21088729798793793,0.11496894061565399,0.8359071016311646,-0.2432434856891632,0.12082267552614212,0.7915053963661194,-0.26345735788345337,0.15201017260551453,0.9169201850891113,-0.15035106241703033,0.12600967288017273,0.9634315371513367,-0.21477189660072327,0.13160297274589539,0.9033189415931702,-0.24829207360744476,0.14132536947727203,0.8574293255805969,-0.2749815881252289,0.17089936137199402,0.9236482381820679,-0.1460372656583786,0.15002092719078064,0.9516388177871704,-0.20972105860710144,0.14995242655277252,0.8796759247779846,-0.24301773309707642,0.15365326404571533,0.8270381093025208,-0.265198677778244,0.1956351399421692,0.9052740335464478,-0.14331260323524475,0.2046964466571808,0.8872530460357666,-0.19319207966327667,0.22349880635738373,0.8480534553527832,-0.21566031873226166,0.23896107077598572,0.8225261569023132,-0.23334306478500366
21,left,0.7172494530677795,0.8095211386680603,-1.2339918953330198e-07,0.6953228116035461,0.76813805103302,-0.0349704809486866,0.6890807747840881,0.7409162521362305,-0.05740547180175781,0.6962350010871887,0.6961967945098877,-0.07504477351903915,0.6935886740684509,0.642357349395752,-0.0921151414513588,0.6875424981117249,0.8579820990562439,-0.07670976966619492,0.6960119009017944,0.9069767594337463,-0.11145192384719849,0.6931765079498291,0.8982942700386047,-0.12950634956359863,0.6883289217948914,0.8606047034263611,-0.14087554812431335,0.7118284106254578,0.8892554640769958,-0.07406099885702133,0.7246084809303284,0.9489587545394897,-0.11229491978883743,0.7252025008201599,0.9193432927131653,-0.12871165573596954,0.7195197343826294,0.8649531602859497,-0.14362770318984985,0.7343847155570984,0.892794132232666,-0.07261001318693161,0.7592887878417969,0.9362566471099854,-0.11432008445262909,0.7664579153060913,0.8912572860717773,-0.13022996485233307,0.7651194930076599,0.8348638415336609,-0.13969555497169495,0.755159318447113,0.8737778663635254,-0.07264567166566849,0.7919012308120728,0.8849895000457764,-0.1019027829170227,0.807089626789093,0.8473814725875854,-0.11494751274585724,0.8161827921867371,0.8046045899391174,-0.1258314847946167
22,right,0,0,0,0,0,0,0,0,0,0,0,0,0,0,0,0,0,0,0,0,0,0,0,0,0,0,0,0,0,0,0,0,0,0,0,0,0,0,0,0,0,0,0,0,0,0,0,0,0,0,0,0,0,0,0,0,0,0,0,0,0,0,0
22,left,0.693755030632019,0.9097229838371277,3.831370634088671e-07,0.7320179343223572,0.8364179134368896,-0.027327734977006912,0.7567259669303894,0.7507856488227844,-0.0578702837228775,0.7509746551513672,0.6747397780418396,-0.08130073547363281,0.7209166884422302,0.6228907704353333,-0.10843309760093689,0.779681384563446,0.7968346476554871,-0.11679190397262573,0.8020594716072083,0.7189460396766663,-0.1607174277305603,0.7933319211006165,0.6563239097595215,-0.18176856637001038,0.7807909846305847,0.6024179458618164,-0.19540414214134216,0.7425322532653809,0.8200816512107849,-0.12178511172533035,0.7311307191848755,0.7253018021583557,-0.17160406708717346,0.7071743011474609,0.6415706872940063,-0.19391439855098724,0.6874002814292908,0.5752425789833069,-0.2120160609483719,0.696442723274231,0.8421081304550171,-0.1230015680193901,0.6855665445327759,0.7667903304100037,-0.16806019842624664,0.6747468709945679,0.7138280868530273,-0.1815948188304901,0.6674204468727112,0.6753984093666077,-0.18913200497627258,0.6451417207717896,0.8598209023475647,-0.12316674739122391,0.6272196769714355,0.7938582897186279,-0.16030092537403107,0.6165580749511719,0.7494836449623108,-0.17295651137828827,0.6076381206512451,0.7122429013252258,-0.18144908547401428
23,right,0,0,0,0,0,0,0,0,0,0,0,0,0,0,0,0,0,0,0,0,0,0,0,0,0,0,0,0,0,0,0,0,0,0,0,0,0,0,0,0,0,0,0,0,0,0,0,0,0,0,0,0,0,0,0,0,0,0,0,0,0,0,0
23,left,0.6848344206809998,0.8258326649665833,-5.627620680570544e-08,0.7170748710632324,0.7518267631530762,0.009881972335278988,0.7276840209960938,0.679615318775177,0.004499947186559439,0.7175253629684448,0.6199687123298645,-0.0017307503148913383,0.6992021203041077,0.5763654112815857,-0.008969147689640522,0.7377524971961975,0.6681178212165833,-0.03347083553671837,0.730261504650116,0.5678616762161255,-0.05260574445128441,0.7013213634490967,0.5260331630706787,-0.05841055139899254,0.676803469657898,0.5110094547271729,-0.05757185444235802,0.711677074432373,0.6847721338272095,-0.04418064281344414,0.6865571737289429,0.5711204409599304,-0.05930273234844208,0.6513820290565491,0.5189655423164368,-0.05694372206926346,0.6264157891273499,0.497092068195343,-0.05359816551208496,0.6754039525985718,0.7026138305664062,-0.05226405709981918,0.6491713523864746,0.6011421084403992,-0.06085086986422539,0.6277689337730408,0.5597540140151978,-0.052270907908678055,0.6168792247772217,0.5449507236480713,-0.04463570937514305,0.6336081624031067,0.7205302119255066,-0.05871247127652168,0.6097452044487,0.6393590569496155,-0.06337997317314148,0.5966023206710815,0.597009003162384,-0.0562121756374836,0.5892079472541809,0.5718986988067627,-0.049034472554922104
24,right,0.2354237288236618,0.7790268063545227,3.2677866101948894e-07,0.20521816611289978,0.7162103056907654,0.004343313630670309,0.20261888206005096,0.6441644430160522,-0.008056703954935074,0.22716735303401947,0.5870372653007507,-0.020520025864243507,0.2521687150001526,0.5484359860420227,-0.03066551685333252,0.18370358645915985,0.6330839395523071,-0.04970617964863777,0.22694748640060425,0.5246297717094421,-0.07143918424844742,0.26356422901153564,0.5012909770011902,-0.07140752673149109,0.28614988923072815,0.5073617696762085,-0.06367944926023483,0.2154444009065628,0.6540987491607666,-0.058364387601614,0.2644295394420624,0.5378947854042053,-0.07636971026659012,0.29827019572257996,0.5160391926765442,-0.06498583406209946,0.31419751048088074,0.5213163495063782,-0.05075414478778839,0.25192132592201233,0.6737003326416016,-0.06409459561109543,0.29559773206710815,0.5637264847755432,-0.07187147438526154,0.31923842430114746,0.544445812702179,-0.04949360340833664,0.32653379440307617,0.5507696866989136,-0.02955562435090542,0.2891707420349121,0.6928074359893799,-0.06939594447612762,0.3201349973678589,0.6041048765182495,-0.06798551976680756,0.3326331377029419,0.5789620876312256,-0.04921404644846916,0.33521074056625366,0.5730537176132202,-0.031145069748163223
24,left,0.6703011393547058,0.7496024370193481,-2.3064005461037596e-07,0.6990982294082642,0.6816537380218506,0.008007477968931198,0.6968971490859985,0.6098870635032654,0.0004716242547146976,0.665232241153717,0.5646193027496338,-0.008461651392281055,0.6310008764266968,0.5453853607177734,-0.01811157912015915,0.7101123929023743,0.5955148339271545,-0.031091313809156418,0.6732324957847595,0.48744329810142517,-0.04974677041172981,0.6415333151817322,0.4763617217540741,-0.05504872277379036,0.6257937550544739,0.49075794219970703,-0.05385606363415718,0.6778626441955566,0.6114135384559631,-0.041217684745788574,0.6392802000045776,0.4946185350418091,-0.055300433188676834,0.6115202307701111,0.48506638407707214,-0.05218180641531944,0.6022868156433105,0.5009827613830566,-0.04744637757539749,0.6424720287322998,0.6272711157798767,-0.04929497465491295,0.6063392162322998,0.51308274269104,-0.0571519136428833,0.5869835019111633,0.5028175711631775,-0.048367083072662354,0.5829651355743408,0.5155265927314758,-0.04073415696620941,0.6094183325767517,0.6422727108001709,-0.0558624267578125,0.586093008518219,0.550635039806366,-0.05789116770029068,0.5775721669197083,0.5325694680213928,-0.04836423695087433,0.576738715171814,0.5360839366912842,-0.04004424810409546
25,right,0.2510351538658142,0.7659133672714233,1.782921543735938e-07,0.21847739815711975,0.7094842195510864,0.0036523137241601944,0.21805116534233093,0.6341710686683655,-0.007587971165776253,0.24410414695739746,0.574431300163269,-0.01840694062411785,0.27055397629737854,0.5386390686035156,-0.026746883988380432,0.2043696939945221,0.6269645094871521,-0.049757011234760284,0.2494497150182724,0.5205665230751038,-0.06864272058010101,0.2804855704307556,0.5082154273986816,-0.06475736945867538,0.29517385363578796,0.5247847437858582,-0.054322268813848495,0.23695522546768188,0.6453609466552734,-0.05725806951522827,0.28710120916366577,0.5339400768280029,-0.07293505221605301,0.3120923638343811,0.5262805819511414,-0.058004479855298996,0.3194122910499573,0.5397374033927917,-0.04149871692061424,0.2722957730293274,0.6628836989402771,-0.061890874058008194,0.3178108334541321,0.5579709410667419,-0.06865407526493073,0.3350074291229248,0.5475932955741882,-0.04460645094513893,0.33621829748153687,0.5584357976913452,-0.02383626438677311,0.3059524595737457,0.6803492307662964,-0.0659543126821518,0.337350457906723,0.5921401977539062,-0.06350288540124893,0.3468186557292938,0.5735980868339539,-0.04379752650856972,0.3461710512638092,0.5733813047409058,-0.025829706341028214
25,left,0.6605978608131409,0.7439718246459961,-1.9176361831796385e-07,0.6855697631835938,0.6710360050201416,0.011616786010563374,0.6878780722618103,0.5992850065231323,0.005420574452728033,0.6592605113983154,0.5497299432754517,-0.0027753463946282864,0.6284812092781067,0.5282116532325745,-0.01274561882019043,0.696669340133667,0.5879538059234619,-0.027632227167487144,0.6482502222061157,0.4896998703479767,-0.04342268779873848,0.6192160248756409,0.48604893684387207,-0.048040635883808136,0.6098049283027649,0.5023018717765808,-0.04728224128484726,0.66355299949646,0.6098526120185852,-0.03939836099743843,0.6191443800926208,0.5002881288528442,-0.05098544806241989,0.5947479009628296,0.49059903621673584,-0.048348601907491684,0.5885480046272278,0.5039701461791992,-0.04505240544676781,0.6302183270454407,0.6291066408157349,-0.048516154289245605,0.5948535799980164,0.5208911299705505,-0.05568966269493103,0.5771395564079285,0.5094327330589294,-0.04794219136238098,0.5740731358528137,0.5201011300086975,-0.04128709435462952,0.6002612113952637,0.6472570896148682,-0.05571502447128296,0.5762173533439636,0.5573767423629761,-0.05843545123934746,0.5678116083145142,0.5390719771385193,-0.049889031797647476,0.5657466053962708,0.5408801436424255,-0.042297638952732086
26,right,0.25455164909362793,0.7952947616577148,2.499777735920361e-07,0.2254781723022461,0.7284887433052063,0.008666476234793663,0.2230795919895172,0.6571093797683716,-0.0017994721420109272,0.24644678831100464,0.6010659337043762,-0.012864354066550732,0.27106305956840515,0.5647515058517456,-0.022230137139558792,0.21184319257736206,0.6430783271789551,-0.04759330302476883,0.25333091616630554,0.5371899604797363,-0.06604036688804626,0.2869170010089874,0.5208897590637207,-0.06303799897432327,0.30476969480514526,0.5339686870574951,-0.05347104370594025,0.2440146803855896,0.6617618799209595,-0.057425837963819504,0.29321733117103577,0.5498238801956177,-0.07078973203897476,0.3199823796749115,0.5367693901062012,-0.055936768651008606,0.32941508293151855,0.5481365919113159,-0.04005333036184311,0.27995553612709045,0.6791819930076599,-0.0638103187084198,0.3243523836135864,0.5748376250267029,-0.06806237995624542,0.3411109745502472,0.5558525323867798,-0.04474245384335518,0.3437005877494812,0.5619545578956604,-0.025122912600636482,0.31340447068214417,0.6957078576087952,-0.06921225786209106,0.34260252118110657,0.6120802164077759,-0.06548995524644852,0.3519769012928009,0.5883201360702515,-0.04607173427939415,0.3538256287574768,0.5828853845596313,-0.028035717085003853
26,left,0.6555888652801514,0.7656011581420898,-1.9267579887127795e-07,0.680703341960907,0.6965623497962952,0.007307174149900675,0.6816549897193909,0.6204618215560913,-0.000610787479672581,0.6540184617042542,0.5661209225654602,-0.008772244676947594,0.6240820288658142,0.5389758944511414,-0.01813088171184063,0.6939449906349182,0.6139801740646362,-0.03701217845082283,0.6452499032020569,0.5107097029685974,-0.05378791689872742,0.6148744225502014,0.5037917494773865,-0.05784652382135391,0.604139506816864,0.5178499817848206,-0.05665147304534912,0.6611438989639282,0.6380988955497742,-0.04691755026578903,0.6190492510795593,0.52405846118927,-0.0615282841026783,0.5920646786689758,0.5106135606765747,-0.05881349369883537,0.5832511782646179,0.5227546691894531,-0.0545845553278923,0.6261832118034363,0.6575452089309692,-0.054075147956609726,0.5932006239891052,0.5483173727989197,-0.06217630207538605,0.5732315182685852,0.5284249186515808,-0.05419128015637398,0.5670989155769348,0.5314666628837585,-0.04732254147529602,0.5939896702766418,0.6748499870300293,-0.05958054959774017,0.5744691491127014,0.5856344103813171,-0.06243642792105675,0.5651804208755493,0.5611041784286499,-0.05400596186518669,0.5610274076461792,0.5558897852897644,-0.046700287610292435
27,right,0.24660548567771912,0.788712739944458,3.0088375524428557e-07,0.2160850167274475,0.7240824103355408,0.0024448251351714134,0.21264952421188354,0.6408902406692505,-0.010476771742105484,0.23689617216587067,0.5735132694244385,-0.024319268763065338,0.26517581939697266,0.5278335809707642,-0.03604738041758537,0.19816124439239502,0.6339459419250488,-0.04354824870824814,0.24348436295986176,0.5231499075889587,-0.06854765117168427,0.27772971987724304,0.5066167116165161,-0.074632927775383,0.2952880859375,0.5199708342552185,-0.07070411741733551,0.23000019788742065,0.6560696959495544,-0.05268048495054245,0.2820672392845154,0.5383184552192688,-0.07014182209968567,0.3092860281467438,0.5275660753250122,-0.0608367919921875,0.3170008063316345,0.5429737567901611,-0.04917755722999573,0.26712989807128906,0.67579585313797,-0.06020088866353035,0.3136357367038727,0.5614475011825562,-0.06808745861053467,0.33159011602401733,0.5455029606819153,-0.04793744161725044,0.3323895335197449,0.55588299036026,-0.03029443696141243,0.3048282563686371,0.6916954517364502,-0.0675748810172081,0.3338553309440613,0.5934208631515503,-0.0661076232790947,0.34540441632270813,0.5702108144760132,-0.04805231839418411,0.34684517979621887,0.5692566633224487,-0.03147480636835098
27,left,0.6580322980880737,0.7546810507774353,-1.4458092323366145e-07,0.6802516579627991,0.68668133020401,0.00803112518042326,0.6805599927902222,0.6138767600059509,-0.0002967567997984588,0.6538559198379517,0.562277615070343,-0.009631399996578693,0.6244415640830994,0.5361837148666382,-0.02051294595003128,0.6937558650970459,0.6077306270599365,-0.0354418009519577,0.6477596163749695,0.5036012530326843,-0.0544453002512455,0.6150360107421875,0.4909515678882599,-0.06072702631354332,0.6008387207984924,0.5038859248161316,-0.06097505986690521,0.6623774766921997,0.6315590739250183,-0.04629833996295929,0.622951865196228,0.5190956592559814,-0.06156417727470398,0.5958468317985535,0.4988565146923065,-0.06072165071964264,0.5836280584335327,0.5066341161727905,-0.05873887985944748,0.6280326247215271,0.6510544419288635,-0.054826520383358,0.5969322323799133,0.5455566048622131,-0.06339138746261597,0.5756746530532837,0.520018458366394,-0.057733528316020966,0.565523624420166,0.5175594687461853,-0.05334039404988289,0.595529317855835,0.6668650507926941,-0.061665356159210205,0.5757392048835754,0.5798954367637634,-0.06616583466529846,0.563886284828186,0.5447753071784973,-0.061447177082300186,0.5548411011695862,0.524626612663269,-0.05753595754504204
28,right,0.2245347648859024,0.7879423499107361,7.465701514774992e-07,0.19202956557273865,0.7153840661048889,-0.007855909876525402,0.18023109436035156,0.6269636154174805,-0.026911623775959015,0.19577649235725403,0.5563879013061523,-0.04374457895755768,0.21989047527313232,0.5109294056892395,-0.058621641248464584,0.1537414789199829,0.6303601861000061,-0.0731535479426384,0.16101962327957153,0.5238773226737976,-0.10852684080600739,0.19362083077430725,0.4706486463546753,-0.12435263395309448,0.22358061373233795,0.4478735327720642,-0.1304018497467041,0.1856292188167572,0.6643468141555786,-0.08331231772899628,0.2109086662530899,0.5535393953323364,-0.11807624995708466,0.2436724603176117,0.4863544702529907,-0.12662631273269653,0.26714998483657837,0.4521867036819458,-0.1294165551662445,0.23040175437927246,0.6922031044960022,-0.09122240543365479,0.25998440384864807,0.5909425616264343,-0.11714258790016174,0.2849408984184265,0.5223022699356079,-0.11989547312259674,0.2985530197620392,0.47914236783981323,-0.11852534860372543,0.27961814403533936,0.7102285027503967,-0.0986257940530777,0.3142479658126831,0.6210340857505798,-0.11502140760421753,0.3292682468891144,0.5670481324195862,-0.1150134801864624,0.3378916084766388,0.5251532196998596,-0.11210961639881134
28,left,0.6683759093284607,0.7516018152236938,1.5983485468495928e-07,0.6877248287200928,0.6776902675628662,-0.0017172408988699317,0.6896747350692749,0.5989275574684143,-0.011851362884044647,0.6725444197654724,0.5394107103347778,-0.01980389840900898,0.6515350937843323,0.497083842754364,-0.029943980276584625,0.7040799260139465,0.5970827341079712,-0.056922707706689835,0.7126197218894958,0.5033474564552307,-0.08230654150247574,0.6928138136863708,0.44742196798324585,-0.09334925562143326,0.6698946356773376,0.4094875752925873,-0.0984504222869873,0.677624523639679,0.6288201212882996,-0.06443171948194504,0.6526592373847961,0.536139965057373,-0.08861447125673294,0.6242637038230896,0.47335541248321533,-0.09619474411010742,0.6025909781455994,0.42944851517677307,-0.10205361247062683,0.6432984471321106,0.657835066318512,-0.06920480728149414,0.6099010109901428,0.5712363123893738,-0.08961642533540726,0.584522545337677,0.5116668343544006,-0.09656441956758499,0.567869246006012,0.46922633051872253,-0.10042141377925873,0.6071357131004333,0.6824576258659363,-0.07199675589799881,0.5739755034446716,0.6086908578872681,-0.09124238044023514,0.5546258687973022,0.5598581433296204,-0.09856290370225906,0.5418339371681213,0.5197675228118896,-0.10192699730396271
29,right,0.2204144299030304,0.8415873050689697,4.7005249825815554e-07,0.18604245781898499,0.7579079866409302,-0.010405509732663631,0.1642531305551529,0.6577679514884949,-0.024745162576436996,0.16578122973442078,0.574138879776001,-0.03499956056475639,0.17054453492164612,0.5182726979255676,-0.04349621757864952,0.13747526705265045,0.6918520927429199,-0.08482228219509125,0.09375233948230743,0.6167561411857605,-0.12402608245611191,0.09283077716827393,0.5523796677589417,-0.1451094150543213,0.09974649548530579,0.5002405643463135,-0.15780004858970642,0.16670657694339752,0.7260584831237793,-0.09584549069404602,0.14312073588371277,0.6428914666175842,-0.142292320728302,0.1495354026556015,0.5635627508163452,-0.16276660561561584,0.16144034266471863,0.5051449537277222,-0.1749783307313919,0.21301518380641937,0.7468316555023193,-0.10421114414930344,0.21500550210475922,0.6646586656570435,-0.1474427729845047,0.23025305569171906,0.5859789848327637,-0.16831497848033905,0.24397972226142883,0.5263319611549377,-0.17852497100830078,0.266025185585022,0.756481409072876,-0.11102842539548874,0.29547885060310364,0.6789001822471619,-0.14493034780025482,0.31395581364631653,0.6261330246925354,-0.1613488495349884,0.3291493356227875,0.5783510804176331,-0.17087718844413757
29,left,0.6870555877685547,0.7963719367980957,1.8968010806474922e-07,0.7053302526473999,0.7152000665664673,-0.008000995963811874,0.7060893774032593,0.629448652267456,-0.019815638661384583,0.6946526765823364,0.5590561032295227,-0.02899104543030262,0.6833128333091736,0.5084452629089355,-0.04053296521306038,0.7278556823730469,0.64363694190979,-0.0664772242307663,0.7466256022453308,0.5602193474769592,-0.09501675516366959,0.7524189949035645,0.5030988454818726,-0.11028003692626953,0.7569541931152344,0.45178014039993286,-0.1210726946592331,0.698271632194519,0.6646332144737244,-0.07498680800199509,0.6864794492721558,0.5877252221107483,-0.10438059270381927,0.6670880317687988,0.5230681896209717,-0.1210659071803093,0.6506887078285217,0.47175467014312744,-0.13601155579090118,0.6628260016441345,0.6941952109336853,-0.08059024810791016,0.6496331095695496,0.635183572769165,-0.10907912254333496,0.6387187838554382,0.5878134965896606,-0.12489384412765503,0.6302575469017029,0.5490373969078064,-0.1367603987455368,0.6251270174980164,0.7283821702003479,-0.08458905667066574,0.591300904750824,0.6856599450111389,-0.1142709031701088,0.5682021379470825,0.6556265354156494,-0.12977521121501923,0.5493350625038147,0.6269619464874268,-0.14040975272655487
30,right,0.22263067960739136,0.8831674456596375,4.910040729555476e-07,0.19811350107192993,0.7715469598770142,-0.015213158912956715,0.17613951861858368,0.6711643934249878,-0.03296500816941261,0.1663997918367386,0.5941798090934753,-0.04806608334183693,0.14881321787834167,0.5348674058914185,-0.06198742985725403,0.13631510734558105,0.7438633441925049,-0.0797809436917305,0.08364101499319077,0.6963196396827698,-0.1205088272690773,0.07779279351234436,0.638225257396698,-0.14388780295848846,0.0800613984465599,0.5830404162406921,-0.15906265377998352,0.16211572289466858,0.7789976000785828,-0.09056048095226288,0.1291840821504593,0.7353565692901611,-0.13947854936122894,0.13135027885437012,0.6642714738845825,-0.16294218599796295,0.14133726060390472,0.608501136302948,-0.1784391701221466,0.20470157265663147,0.8010928630828857,-0.09981921315193176,0.20342814922332764,0.7442628741264343,-0.14926481246948242,0.2134222388267517,0.680464506149292,-0.1714850515127182,0.2221297174692154,0.6303218007087708,-0.18276920914649963,0.2548835873603821,0.813405454158783,-0.10827451944351196,0.2828814387321472,0.7557701468467712,-0.15258023142814636,0.30310460925102234,0.7068770527839661,-0.17441076040267944,0.3196117877960205,0.6599941253662109,-0.1871115267276764
30,left,0.687900185585022,0.8322832584381104,3.4772045864883694e-07,0.6925061941146851,0.7389482259750366,-0.024928726255893707,0.6856759190559387,0.6393624544143677,-0.04536263644695282,0.6700122952461243,0.5662790536880493,-0.06030680239200592,0.6530370116233826,0.5069780349731445,-0.07665198296308517,0.740797758102417,0.6933881044387817,-0.09320308268070221,0.7664563059806824,0.6196511387825012,-0.13563720881938934,0.7801601886749268,0.566600501537323,-0.15960897505283356,0.7898047566413879,0.5152978301048279,-0.17618650197982788,0.7136638164520264,0.7239648103713989,-0.09743252396583557,0.7140615582466125,0.6740108728408813,-0.14664633572101593,0.7054120302200317,0.6239732503890991,-0.1714484989643097,0.6976200938224792,0.5774301886558533,-0.19049835205078125,0.6764876246452332,0.7557847499847412,-0.09992974996566772,0.6652661561965942,0.7220537066459656,-0.14688153564929962,0.6551681756973267,0.6872975826263428,-0.16572919487953186,0.6452746391296387,0.6503201127052307,-0.17636339366436005,0.634604275226593,0.7855311632156372,-0.1017790362238884,0.6066983342170715,0.7507591247558594,-0.1403692066669464,0.5852224230766296,0.7279164791107178,-0.15677616000175476,0.5656379461288452,0.7012125253677368,-0.16776488721370697
31,right,0.23385697603225708,0.8877968192100525,5.379215508583002e-07,0.20371972024440765,0.7792692184448242,-0.010135962627828121,0.17958250641822815,0.6845196485519409,-0.02880450151860714,0.17219702899456024,0.6097715497016907,-0.04684186354279518,0.16418088972568512,0.5459302067756653,-0.0630168467760086,0.13835963606834412,0.7626662850379944,-0.07531215995550156,0.07747668027877808,0.7230578064918518,-0.1169222816824913,0.0774388238787651,0.6595093011856079,-0.1394869089126587,0.08603134006261826,0.6037946343421936,-0.1529795229434967,0.16411638259887695,0.7941385507583618,-0.09063297510147095,0.12077848613262177,0.7590417265892029,-0.1398678719997406,0.12912049889564514,0.6825295686721802,-0.15942451357841492,0.14492473006248474,0.629258930683136,-0.1707516461610794,0.20646928250789642,0.8109382390975952,-0.10476932674646378,0.19019921123981476,0.7612617015838623,-0.15131136775016785,0.20242473483085632,0.6907784938812256,-0.16796112060546875,0.21345730125904083,0.6403111815452576,-0.17512720823287964,0.2562648057937622,0.8174734115600586,-0.11862421035766602,0.2710810601711273,0.7613868713378906,-0.15724538266658783,0.28802037239074707,0.7115346789360046,-0.1733676940202713,0.30271875858306885,0.6682689189910889,-0.18197427690029144
31,left,0.6781072616577148,0.8528254628181458,2.4264375042548636e-07,0.6771150827407837,0.7451786398887634,-0.021909786388278008,0.6728391051292419,0.6489703059196472,-0.040898118168115616,0.6600856184959412,0.5785410404205322,-0.05569843202829361,0.643699586391449,0.5192320346832275,-0.07114596664905548,0.7410658597946167,0.7187836766242981,-0.07798454165458679,0.771998405456543,0.6535079479217529,-0.1124541386961937,0.7798057794570923,0.601169764995575,-0.13062714040279388,0.7836450934410095,0.5495063066482544,-0.1445898711681366,0.7202685475349426,0.7538583278656006,-0.08315068483352661,0.7282494306564331,0.7049157619476318,-0.1273142546415329,0.7176254391670227,0.6516557931900024,-0.14954553544521332,0.7074927091598511,0.6057893633842468,-0.16745087504386902,0.6855222582817078,0.7839467525482178,-0.08703543245792389,0.6772410869598389,0.7408840656280518,-0.13126114010810852,0.6633133888244629,0.6953118443489075,-0.15146629512310028,0.6507835388183594,0.6527081727981567,-0.16386796534061432,0.6405420899391174,0.8070312738418579,-0.09001746028661728,0.6188664436340332,0.7670977711677551,-0.12907391786575317,0.599065363407135,0.7392002940177917,-0.14803224802017212,0.5814811587333679,0.7099125385284424,-0.16124074161052704
32,right,0.2071552276611328,0.8453056812286377,2.3012526639831776e-07,0.17085370421409607,0.7599735856056213,-0.02019507810473442,0.1539193093776703,0.653735339641571,-0.036750391125679016,0.16311916708946228,0.5634345412254333,-0.05010470375418663,0.18553680181503296,0.5026803612709045,-0.06067173555493355,0.1200747936964035,0.7242934703826904,-0.06670068204402924,0.08976240456104279,0.6566678285598755,-0.10237178951501846,0.09993630647659302,0.6029559969902039,-0.12070332467556,0.1172202005982399,0.559319019317627,-0.13084283471107483,0.15509097278118134,0.7592576742172241,-0.07268565148115158,0.14720234274864197,0.691002607345581,-0.11237303912639618,0.16335566341876984,0.6206594705581665,-0.12905089557170868,0.18073365092277527,0.5697000026702881,-0.13902470469474792,0.20547887682914734,0.7787467241287231,-0.0792045146226883,0.20695170760154724,0.7100465893745422,-0.11889704316854477,0.22338572144508362,0.640982449054718,-0.13532526791095734,0.233239084482193,0.5860916972160339,-0.14185930788516998,0.25961121916770935,0.7862281799316406,-0.08590489625930786,0.2776046693325043,0.7159222960472107,-0.1136322170495987,0.29082348942756653,0.662773072719574,-0.12490595132112503,0.2998785376548767,0.6141868233680725,-0.1310678869485855
32,left,0.6770317554473877,0.8056768774986267,8.149247321398434e-08,0.6888887882232666,0.7141902446746826,-0.015849240124225616,0.6898178458213806,0.6227362155914307,-0.029716458171606064,0.6631608009338379,0.559343159198761,-0.03836316987872124,0.634999692440033,0.5208454132080078,-0.048693668097257614,0.7439547777175903,0.6942332983016968,-0.06870683282613754,0.7800495624542236,0.6279505491256714,-0.08952651172876358,0.7702146768569946,0.574741780757904,-0.0959983766078949,0.7536882758140564,0.5284146070480347,-0.10121916234493256,0.7228217124938965,0.7325229644775391,-0.07138330489397049,0.7417302131652832,0.669352114200592,-0.09597242623567581,0.7122148871421814,0.6120044589042664,-0.10262244939804077,0.6860771775245667,0.5737149119377136,-0.10976938903331757,0.6897854804992676,0.7606766223907471,-0.07232502847909927,0.6924000382423401,0.6862923502922058,-0.09791706502437592,0.6708626747131348,0.6135766506195068,-0.10950351506471634,0.6528043150901794,0.5578112602233887,-0.11736142635345459,0.6473222970962524,0.7787703275680542,-0.07193181663751602,0.6254065632820129,0.7134546041488647,-0.09560565650463104,0.6107217073440552,0.6580079197883606,-0.1069575846195221,0.6032365560531616,0.6097013354301453,-0.11559958755970001
33,right,0.21757620573043823,0.8238389492034912,7.136995350265352e-07,0.18278425931930542,0.7483205199241638,-0.009434182196855545,0.1663072258234024,0.6701371073722839,-0.036986734718084335,0.17292475700378418,0.6008972525596619,-0.06360770761966705,0.19167748093605042,0.5499500036239624,-0.0901581197977066,0.13369834423065186,0.689626157283783,-0.0894499346613884,0.13007095456123352,0.5913304090499878,-0.13638432323932648,0.16027091443538666,0.5312754511833191,-0.16177605092525482,0.19018112123012543,0.4981613755226135,-0.17503058910369873,0.1664050668478012,0.7233297228813171,-0.10555388033390045,0.17498919367790222,0.6168476343154907,-0.1557416319847107,0.2078302651643753,0.5471444129943848,-0.17029954493045807,0.23651549220085144,0.5095735788345337,-0.17651794850826263,0.20952853560447693,0.7448210716247559,-0.11957623809576035,0.2228456437587738,0.6466635465621948,-0.15820370614528656,0.2444888949394226,0.5773784518241882,-0.16442999243736267,0.261588990688324,0.5330204367637634,-0.16476669907569885,0.2571263909339905,0.752694308757782,-0.13336946070194244,0.2763831615447998,0.6637399196624756,-0.15719415247440338,0.28937777876853943,0.605218231678009,-0.15994355082511902,0.3003807067871094,0.5594686269760132,-0.15983805060386658
33,left,0.6804757714271545,0.7736804485321045,-6.136311014870444e-08,0.7015358209609985,0.6906338334083557,-0.003118093591183424,0.7159959077835083,0.6109220385551453,-0.014937694184482098,0.7022140026092529,0.5539658665657043,-0.02388976886868477,0.6804299354553223,0.5155113339424133,-0.034426961094141006,0.7510135173797607,0.6332855224609375,-0.0630822405219078,0.7471267580986023,0.5385998487472534,-0.09160970151424408,0.7120758295059204,0.4927907884120941,-0.10288781672716141,0.6807917952537537,0.4764619469642639,-0.10612042248249054,0.7290958166122437,0.6622598767280579,-0.06962728500366211,0.7144653797149658,0.5695167779922485,-0.09715887904167175,0.6710103154182434,0.516602098941803,-0.102033831179142,0.6390616297721863,0.49890589714050293,-0.10439030826091766,0.6957176923751831,0.6836594343185425,-0.07364059239625931,0.6740812063217163,0.5909860730171204,-0.09416667371988297,0.6336082816123962,0.5269269347190857,-0.0986640453338623,0.6041402816772461,0.4931163787841797,-0.10039880126714706,0.6564807295799255,0.7005815505981445,-0.07584980875253677,0.6313199400901794,0.626768171787262,-0.09218259155750275,0.6110132336616516,0.5736945271492004,-0.09657065570354462,0.5968236327171326,0.5378377437591553,-0.09840979427099228
34,right,0.2232491821050644,0.7925676107406616,5.897373966945452e-07,0.1879138946533203,0.7221190929412842,-0.004514018073678017,0.17959102988243103,0.6433091163635254,-0.02714204229414463,0.20394577085971832,0.5740483403205872,-0.05000065639615059,0.2368171215057373,0.5293113589286804,-0.07115933299064636,0.1484064757823944,0.650380551815033,-0.06787046790122986,0.16739948093891144,0.5320714712142944,-0.10139244049787521,0.20634020864963531,0.48975133895874023,-0.11104310303926468,0.23403595387935638,0.48450708389282227,-0.11093606799840927,0.1795690506696701,0.6770039200782776,-0.08050792664289474,0.20805209875106812,0.5492240190505981,-0.11189389228820801,0.24165448546409607,0.5078889727592468,-0.10932370275259018,0.26179152727127075,0.5039252042770386,-0.10215543955564499,0.2203821986913681,0.6949898600578308,-0.09133494645357132,0.24679265916347504,0.5800032019615173,-0.11108613014221191,0.26992154121398926,0.5310131311416626,-0.09880803525447845,0.2838703393936157,0.5163565278053284,-0.08600787073373795,0.26459556818008423,0.7021729946136475,-0.1025153398513794,0.28601375222206116,0.6082996726036072,-0.11049490422010422,0.29720091819763184,0.5595956444740295,-0.10019387304782867,0.30460214614868164,0.5307117104530334,-0.08943518996238708
34,left,0.6596934199333191,0.7396297454833984,-2.42398868977034e-07,0.6922935247421265,0.6813803315162659,0.0010309932986274362,0.7016284465789795,0.6118655204772949,-0.011341670528054237,0.6825343370437622,0.5504470467567444,-0.023305043578147888,0.6543158888816833,0.5110013484954834,-0.037386730313301086,0.7243801355361938,0.6020851731300354,-0.049433477222919464,0.6976882219314575,0.4913173317909241,-0.0712127611041069,0.6612847447395325,0.4593331813812256,-0.07693502306938171,0.6370571255683899,0.45676058530807495,-0.07741082459688187,0.699910581111908,0.6254575252532959,-0.05823300778865814,0.6715379953384399,0.5060756206512451,-0.07878854125738144,0.6329731941223145,0.4727587401866913,-0.07841619104146957,0.6096327304840088,0.4701988101005554,-0.07713743299245834,0.6659718751907349,0.6405647397041321,-0.06479603797197342,0.6415046453475952,0.530398428440094,-0.08138208091259003,0.6095975041389465,0.491732120513916,-0.07969725131988525,0.5901877284049988,0.4816265404224396,-0.07714968174695969,0.6290472149848938,0.6486788988113403,-0.06965421140193939,0.6131354570388794,0.5593228936195374,-0.08323018252849579,0.5948190093040466,0.5189510583877563,-0.08394379913806915,0.5797694325447083,0.49647006392478943,-0.08288532495498657
35,right,0.23871737718582153,0.7960087656974792,4.0091637742989406e-07,0.2039976865053177,0.7286463379859924,-0.0020412111189216375,0.19417321681976318,0.6548962593078613,-0.02249090000987053,0.21530777215957642,0.5913327932357788,-0.043945807963609695,0.24155250191688538,0.5499577522277832,-0.06413310766220093,0.1679384410381317,0.6494824886322021,-0.058573223650455475,0.20069023966789246,0.5267623662948608,-0.09159020334482193,0.23792687058448792,0.5005208849906921,-0.1016911044716835,0.25994810461997986,0.5058225989341736,-0.10113811492919922,0.19949370622634888,0.6718471050262451,-0.07062733173370361,0.23264479637145996,0.5409352779388428,-0.09695163369178772,0.26497188210487366,0.5124406218528748,-0.09149953722953796,0.28346261382102966,0.5155248045921326,-0.08230486512184143,0.23987363278865814,0.6883928775787354,-0.0815175324678421,0.27280163764953613,0.5714739561080933,-0.09824112802743912,0.2952524423599243,0.5341108441352844,-0.08389484137296677,0.30590537190437317,0.526220977306366,-0.06970348209142685,0.282512903213501,0.6982133984565735,-0.09244570136070251,0.3041955232620239,0.606754720211029,-0.09835265576839447,0.3148477375507355,0.5674381256103516,-0.08610554039478302,0.3197122812271118,0.5469391942024231,-0.07373730838298798
35,left,0.6579768061637878,0.7556973695755005,-3.50736542031882e-07,0.6852672100067139,0.6903435587882996,0.006056204903870821,0.6912209987640381,0.6164710521697998,-0.006583733484148979,0.6674551367759705,0.555489718914032,-0.020158691331744194,0.6367288827896118,0.5217217206954956,-0.036554399877786636,0.7165492177009583,0.6159922480583191,-0.0449618324637413,0.6735758185386658,0.5079355239868164,-0.06664757430553436,0.6337441205978394,0.48379895091056824,-0.07529787719249725,0.6126847267150879,0.48604753613471985,-0.0786801427602768,0.6896417140960693,0.637667715549469,-0.05721481144428253,0.6507574319839478,0.5200893878936768,-0.07558337599039078,0.6166433095932007,0.490209698677063,-0.07732211798429489,0.5968789458274841,0.49005743861198425,-0.07902532070875168,0.6557460427284241,0.6533257961273193,-0.06664295494556427,0.6235232949256897,0.543961226940155,-0.08074414730072021,0.5949425101280212,0.5083782076835632,-0.07861258834600449,0.5777692794799805,0.49939364194869995,-0.07745994627475739,0.6205570697784424,0.6631995439529419,-0.07405177503824234,0.5971279144287109,0.5712478160858154,-0.0848611369729042,0.5804216861724854,0.5321629643440247,-0.08331509679555893,0.567617654800415,0.5092021822929382,-0.08192771673202515
36,right,0.25008776783943176,0.8111585378646851,4.1289723640147713e-07,0.2145598828792572,0.7429618835449219,-0.0052402447909116745,0.20531679689884186,0.6643590927124023,-0.027151694521307945,0.2290298491716385,0.5987752079963684,-0.04888015240430832,0.255087286233902,0.5574914216995239,-0.06879457086324692,0.180884450674057,0.6676885485649109,-0.06536831706762314,0.21581688523292542,0.5467954874038696,-0.09705878794193268,0.24999336898326874,0.5191935896873474,-0.10413292050361633,0.271059513092041,0.5235151052474976,-0.10124989598989487,0.21524856984615326,0.6929270625114441,-0.07520096004009247,0.2504889965057373,0.5652179718017578,-0.10023517161607742,0.2782677412033081,0.5340468883514404,-0.09117958694696426,0.2945597171783447,0.5359386801719666,-0.07931789010763168,0.2561187446117401,0.7112746238708496,-0.0837775468826294,0.28863078355789185,0.5954030752182007,-0.09870032966136932,0.307309627532959,0.5562996864318848,-0.0810641273856163,0.3159111440181732,0.5483409762382507,-0.0646606981754303,0.29784834384918213,0.7204265594482422,-0.09279541671276093,0.3163325786590576,0.6297895908355713,-0.09757385402917862,0.3239835798740387,0.5894769430160522,-0.08393584191799164,0.3277110457420349,0.5681410431861877,-0.07027800381183624
36,left,0.6510114669799805,0.7738167643547058,-3.048533301353018e-07,0.6808753609657288,0.7093947529792786,0.0040518902242183685,0.68751460313797,0.6343458294868469,-0.00970359519124031,0.6631099581718445,0.5730537176132202,-0.023309241980314255,0.6314080357551575,0.5395320653915405,-0.03938894346356392,0.7125841975212097,0.640637993812561,-0.05189559981226921,0.6646940112113953,0.5327742695808411,-0.07399661093950272,0.62640380859375,0.5060529708862305,-0.08094842731952667,0.6048460602760315,0.5063812136650085,-0.0824817344546318,0.6840158104896545,0.6656413078308105,-0.06310854107141495,0.6397410035133362,0.5447911024093628,-0.08306334167718887,0.6043301224708557,0.5170139074325562,-0.08270297199487686,0.5840319395065308,0.5204821228981018,-0.08182922005653381,0.6482835412025452,0.6815422773361206,-0.07130075246095657,0.6130257248878479,0.5686929821968079,-0.0863838642835617,0.5838497281074524,0.5336140394210815,-0.08180680871009827,0.5669012665748596,0.5264320373535156,-0.07804279029369354,0.611098051071167,0.6900237798690796,-0.07753535360097885,0.5880897641181946,0.5969521403312683,-0.08859414607286453,0.5720905661582947,0.5576673746109009,-0.08564633131027222,0.5601800084114075,0.5358714461326599,-0.08269469439983368
