1,right,0,0,0,0,0,0,0,0,0,0,0,0,0,0,0,0,0,0,0,0,0,0,0,0,0,0,0,0,0,0,0,0,0,0,0,0,0,0,0,0,0,0,0,0,0,0,0,0,0,0,0,0,0,0,0,0,0,0,0,0,0,0,0
1,left,0,0,0,0,0,0,0,0,0,0,0,0,0,0,0,0,0,0,0,0,0,0,0,0,0,0,0,0,0,0,0,0,0,0,0,0,0,0,0,0,0,0,0,0,0,0,0,0,0,0,0,0,0,0,0,0,0,0,0,0,0,0,0
2,right,0,0,0,0,0,0,0,0,0,0,0,0,0,0,0,0,0,0,0,0,0,0,0,0,0,0,0,0,0,0,0,0,0,0,0,0,0,0,0,0,0,0,0,0,0,0,0,0,0,0,0,0,0,0,0,0,0,0,0,0,0,0,0
2,left,0,0,0,0,0,0,0,0,0,0,0,0,0,0,0,0,0,0,0,0,0,0,0,0,0,0,0,0,0,0,0,0,0,0,0,0,0,0,0,0,0,0,0,0,0,0,0,0,0,0,0,0,0,0,0,0,0,0,0,0,0,0,0
3,right,0,0,0,0,0,0,0,0,0,0,0,0,0,0,0,0,0,0,0,0,0,0,0,0,0,0,0,0,0,0,0,0,0,0,0,0,0,0,0,0,0,0,0,0,0,0,0,0,0,0,0,0,0,0,0,0,0,0,0,0,0,0,0
3,left,0,0,0,0,0,0,0,0,0,0,0,0,0,0,0,0,0,0,0,0,0,0,0,0,0,0,0,0,0,0,0,0,0,0,0,0,0,0,0,0,0,0,0,0,0,0,0,0,0,0,0,0,0,0,0,0,0,0,0,0,0,0,0
4,right,0,0,0,0,0,0,0,0,0,0,0,0,0,0,0,0,0,0,0,0,0,0,0,0,0,0,0,0,0,0,0,0,0,0,0,0,0,0,0,0,0,0,0,0,0,0,0,0,0,0,0,0,0,0,0,0,0,0,0,0,0,0,0
4,left,0,0,0,0,0,0,0,0,0,0,0,0,0,0,0,0,0,0,0,0,0,0,0,0,0,0,0,0,0,0,0,0,0,0,0,0,0,0,0,0,0,0,0,0,0,0,0,0,0,0,0,0,0,0,0,0,0,0,0,0,0,0,0
5,right,0.20250006020069122,0.8175458908081055,3.278392739503033e-07,0.17854613065719604,0.7391612529754639,-0.0018086798954755068,0.17712226510047913,0.6585768461227417,-0.019357888028025627,0.20316696166992188,0.5987133383750916,-0.03794879466295242,0.2310122549533844,0.5675512552261353,-0.05472507327795029,0.1363740712404251,0.6616538763046265,-0.054081231355667114,0.18199273943901062,0.5549200177192688,-0.08384741842746735,0.22303688526153564,0.5377976894378662,-0.0942656472325325,0.24832989275455475,0.541387677192688,-0.09645931422710419,0.16008594632148743,0.6940182447433472,-0.06651854515075684,0.2078302800655365,0.5793984532356262,-0.09303745627403259,0.24690961837768555,0.5482209920883179,-0.09507299959659576,0.269939124584198,0.5423231720924377,-0.0945809930562973,0.19526809453964233,0.720251739025116,-0.0776931419968605,0.24021372199058533,0.6106928586959839,-0.095125712454319,0.2728003263473511,0.5708203315734863,-0.09082924574613571,0.29008686542510986,0.5513266921043396,-0.08662211149930954,0.23651011288166046,0.7366812229156494,-0.08897837996482849,0.27199530601501465,0.6464785933494568,-0.0964561253786087,0.29092875123023987,0.6038118004798889,-0.09161888808012009,0.301658034324646,0.5735418796539307,-0.08761926740407944
5,left,0.6491958498954773,0.7484577298164368,-2.076177025855941e-07,0.6717544198036194,0.6851651668548584,0.003068737220019102,0.6759000420570374,0.6130284667015076,-0.009311514906585217,0.6490809321403503,0.5625053644180298,-0.021076809614896774,0.6179022789001465,0.5357679128646851,-0.034360215067863464,0.7030673623085022,0.6077190041542053,-0.04652415215969086,0.6488648653030396,0.5071830153465271,-0.0682070329785347,0.6115265488624573,0.4909704029560089,-0.07580695301294327,0.5933253765106201,0.4968775808811188,-0.07690221071243286,0.6747791171073914,0.6347163915634155,-0.05640978366136551,0.6261889934539795,0.5221579670906067,-0.075526662170887,0.5909355282783508,0.5030072927474976,-0.0766056701540947,0.5723981857299805,0.5091409683227539,-0.0754045620560646,0.6390446424484253,0.6548409461975098,-0.06393525749444962,0.6001248359680176,0.5479743480682373,-0.07492467761039734,0.5705039501190186,0.5196316242218018,-0.07065856456756592,0.5538955926895142,0.5126373171806335,-0.0668952614068985,0.601638913154602,0.6677104830741882,-0.0700225830078125,0.5742414593696594,0.5801636576652527,-0.0759470984339714,0.5586763024330139,0.5435433387756348,-0.07206490635871887,0.5474185347557068,0.5210354924201965,-0.06871931999921799
6,right,0.2237669974565506,0.7948286533355713,4.582524582019687e-07,0.1919417530298233,0.7295963168144226,-0.00034296090598218143,0.18384170532226562,0.6557173728942871,-0.019058331847190857,0.2027006596326828,0.593535304069519,-0.038798071444034576,0.23008660972118378,0.5556506514549255,-0.0575701929628849,0.15483540296554565,0.649118959903717,-0.058141306042671204,0.19437596201896667,0.5397592782974243,-0.08985643088817596,0.2329922765493393,0.5150042772293091,-0.09999653697013855,0.25594592094421387,0.5183006525039673,-0.10050142556428909,0.18139363825321198,0.6770988702774048,-0.07125680148601532,0.22393780946731567,0.5576173067092896,-0.09943276643753052,0.2593925893306732,0.5292388796806335,-0.09842406958341599,0.2805246114730835,0.5309551358222961,-0.09316408634185791,0.21872934699058533,0.6985956430435181,-0.08258243650197983,0.2577859163284302,0.5888526439666748,-0.10136662423610687,0.28608012199401855,0.5505699515342712,-0.09263259172439575,0.3020607531070709,0.5396041870117188,-0.08281073719263077,0.2591693103313446,0.7106800675392151,-0.09353966265916824,0.2883966863155365,0.6218370199203491,-0.1016087755560875,0.3029947280883789,0.5805065035820007,-0.09368962049484253,0.3110671937465668,0.5550801157951355,-0.08517055213451385
6,left,0.6376673579216003,0.7310096025466919,-2.0769833497524814e-07,0.6633347272872925,0.6719982624053955,0.0035558335948735476,0.6724356412887573,0.6005497574806213,-0.008715983480215073,0.6516898274421692,0.5433940887451172,-0.020525546744465828,0.6232507824897766,0.512017548084259,-0.034584932029247284,0.6953708529472351,0.5951818227767944,-0.0490432046353817,0.6475403308868408,0.49499255418777466,-0.06786331534385681,0.6118324995040894,0.4758837819099426,-0.072374127805233,0.5935444831848145,0.47998470067977905,-0.07260351628065109,0.6679028868675232,0.6198842525482178,-0.05905590578913689,0.622192919254303,0.5069652199745178,-0.0770007073879242,0.588699221611023,0.48425689339637756,-0.07590140402317047,0.5707037448883057,0.4895254671573639,-0.07457474619150162,0.6332250237464905,0.6379311680793762,-0.06615131348371506,0.5975228548049927,0.5292545557022095,-0.07965687662363052,0.5675137042999268,0.4997875392436981,-0.07563827186822891,0.5502045154571533,0.49529239535331726,-0.07236073911190033,0.5965277552604675,0.6507030725479126,-0.07138640433549881,0.5734577178955078,0.561923086643219,-0.0822756215929985,0.5565894842147827,0.5279154777526855,-0.08064261078834534,0.5436995029449463,0.5095141530036926,-0.07853294909000397
7,right,0.2315344363451004,0.8016200065612793,4.392512380491098e-07,0.199247807264328,0.7342892289161682,-0.001114921411499381,0.19051584601402283,0.6580609679222107,-0.020042041316628456,0.20962725579738617,0.5931532382965088,-0.04001898318529129,0.23541894555091858,0.5544723272323608,-0.059287771582603455,0.16466611623764038,0.655052125453949,-0.05651959776878357,0.20350077748298645,0.545647144317627,-0.08818863332271576,0.23863732814788818,0.5183643102645874,-0.09919988363981247,0.26158642768859863,0.5202726125717163,-0.10047488659620285,0.19150902330875397,0.6841128468513489,-0.06919805705547333,0.23065385222434998,0.564004123210907,-0.0959777906537056,0.2646165192127228,0.5348072648048401,-0.09431486576795578,0.28630495071411133,0.5340653657913208,-0.08878340572118759,0.2281961441040039,0.7053931355476379,-0.08042538166046143,0.26455599069595337,0.5975640416145325,-0.09849429130554199,0.2918676733970642,0.5606386661529541,-0.0896499827504158,0.30818602442741394,0.5491153001785278,-0.07995282858610153,0.26770859956741333,0.7170488238334656,-0.09136059135198593,0.2929597496986389,0.6304525136947632,-0.09887910634279251,0.3073350191116333,0.591293454170227,-0.09076523035764694,0.31665366888046265,0.5663955807685852,-0.08226415514945984
7,left,0.6320895552635193,0.7448526620864868,-2.522015734029992e-07,0.6596409678459167,0.686908483505249,0.002311900956556201,0.6658862829208374,0.6104583144187927,-0.010967561043798923,0.6436758041381836,0.5487790703773499,-0.02333785779774189,0.6147066354751587,0.5153656601905823,-0.037840377539396286,0.6950436234474182,0.6161099076271057,-0.0527680404484272,0.6517996788024902,0.511864423751831,-0.07178695499897003,0.617932140827179,0.4865780174732208,-0.07563526928424835,0.6001309156417847,0.48570114374160767,-0.07565107941627502,0.66651850938797,0.6412762403488159,-0.06269736588001251,0.6255769729614258,0.5231780409812927,-0.08118636161088943,0.5924751162528992,0.497170627117157,-0.07958804816007614,0.5739628076553345,0.4991421401500702,-0.07785089313983917,0.6309868097305298,0.6572278738021851,-0.06955914944410324,0.5978959202766418,0.5469374060630798,-0.08372614532709122,0.5700233578681946,0.5141440629959106,-0.07948613911867142,0.5535743236541748,0.5061781406402588,-0.07607899606227875,0.5939911007881165,0.6657136082649231,-0.07453348487615585,0.573526918888092,0.5755626559257507,-0.08526166528463364,0.5576220750808716,0.5409567356109619,-0.08296626061201096,0.5453246831893921,0.5217657685279846,-0.08069394528865814
8,right,0.23380516469478607,0.8075587153434753,4.3726575427172065e-07,0.2012440264225006,0.7383337616920471,-0.00012493875692598522,0.19456076622009277,0.6619476079940796,-0.01896646060049534,0.21572908759117126,0.5981568694114685,-0.038793571293354034,0.2418709248304367,0.5607547760009766,-0.05798472836613655,0.17067867517471313,0.6592540144920349,-0.058344945311546326,0.2116544395685196,0.5505055785179138,-0.08937027305364609,0.24712234735488892,0.5229871273040771,-0.09929239004850388,0.27010855078697205,0.5239889025688171,-0.0996963381767273,0.19851666688919067,0.6892078518867493,-0.07098884880542755,0.24214741587638855,0.5706769227981567,-0.09699426591396332,0.2742701768875122,0.5418233275413513,-0.09346726536750793,0.2938545346260071,0.5420373678207397,-0.08665671199560165,0.23548009991645813,0.7111920118331909,-0.08190660923719406,0.27445605397224426,0.6017726063728333,-0.09837410598993301,0.29928115010261536,0.5645251274108887,-0.08723307400941849,0.3133227527141571,0.5538992285728455,-0.07603665441274643,0.27471646666526794,0.72369784116745,-0.092561736702919,0.3011101186275482,0.6353057622909546,-0.09882640838623047,0.31372782588005066,0.5956298112869263,-0.08938466757535934,0.3213565945625305,0.5708972811698914,-0.07974932342767715
8,left,0.6295114159584045,0.7513023614883423,-2.4986647417790664e-07,0.6592874526977539,0.6951277256011963,0.001509517664089799,0.6672927737236023,0.6255379915237427,-0.013568763621151447,0.6471997499465942,0.566920816898346,-0.027392523363232613,0.6192263960838318,0.5328240394592285,-0.043180979788303375,0.6922146081924438,0.6300258636474609,-0.060449227690696716,0.6518603563308716,0.5225734114646912,-0.08052728325128555,0.6181968450546265,0.4949713945388794,-0.08243321627378464,0.5983095765113831,0.49552685022354126,-0.08050753176212311,0.6634526252746582,0.6541569232940674,-0.07007110863924026,0.6237468719482422,0.5348833203315735,-0.08967550843954086,0.5902805924415588,0.5070650577545166,-0.08625462651252747,0.5710060596466064,0.508959174156189,-0.08320293575525284,0.6287012696266174,0.6687367558479309,-0.07629132270812988,0.5971505641937256,0.5575879216194153,-0.0909915640950203,0.5691416263580322,0.5237572193145752,-0.08508913218975067,0.5524383187294006,0.5165383815765381,-0.08057568967342377,0.5929857492446899,0.6761035919189453,-0.08064766973257065,0.5726668834686279,0.58607417345047,-0.09187954664230347,0.5573384165763855,0.5496930480003357,-0.08913859724998474,0.5458158850669861,0.5299801230430603,-0.08633872866630554
9,right,0.23012569546699524,0.7852969169616699,7.633173026988516e-07,0.2101009488105774,0.6998218297958374,-0.014889555983245373,0.21757033467292786,0.5964057445526123,-0.0402243547141552,0.25037598609924316,0.5171316862106323,-0.06283529847860336,0.28576743602752686,0.47616174817085266,-0.08446395397186279,0.16620905697345734,0.6400108337402344,-0.08616915345191956,0.16777236759662628,0.5525124073028564,-0.12353993952274323,0.19976484775543213,0.5050316452980042,-0.13980735838413239,0.22989381849765778,0.4842480421066284,-0.14742428064346313,0.1920212209224701,0.6821420192718506,-0.09752551466226578,0.2145238220691681,0.5859136581420898,-0.13767869770526886,0.2467716485261917,0.5234338045120239,-0.14645396173000336,0.272834450006485,0.49389582872390747,-0.15062448382377625,0.23074887692928314,0.7143228054046631,-0.1072329431772232,0.2633761763572693,0.623608410358429,-0.13871867954730988,0.290672242641449,0.5608298778533936,-0.14219923317432404,0.30721256136894226,0.5253254771232605,-0.1420140564441681,0.2757410407066345,0.7338373064994812,-0.11747665703296661,0.31433194875717163,0.6455127000808716,-0.13626188039779663,0.3343091905117035,0.5946274995803833,-0.13728737831115723,0.3475802540779114,0.5604680776596069,-0.1372373402118683
9,left,0.6403271555900574,0.7307946681976318,-4.966086919466761e-08,0.6595110893249512,0.6685518622398376,-0.003344613593071699,0.6587268710136414,0.5906407237052917,-0.018436435610055923,0.6390876173973083,0.5271352529525757,-0.032269418239593506,0.6193310022354126,0.482975035905838,-0.04880233108997345,0.6865914463996887,0.5988469123840332,-0.06076037138700485,0.673814594745636,0.5038231611251831,-0.08951899409294128,0.6469945907592773,0.45136117935180664,-0.10457446426153183,0.6250820755958557,0.4220665693283081,-0.1132095456123352,0.6642571091651917,0.6289981603622437,-0.0720415860414505,0.6453825831413269,0.5336659550666809,-0.10169320553541183,0.6102266311645508,0.4733352065086365,-0.11205892264842987,0.5833858847618103,0.43974101543426514,-0.11981545388698578,0.6321655511856079,0.6584364771842957,-0.08104162663221359,0.6135008931159973,0.5699654221534729,-0.10769660025835037,0.5837509036064148,0.5138337016105652,-0.11592846363782883,0.5632402300834656,0.4790197014808655,-0.12086424976587296,0.5958232879638672,0.6806778311729431,-0.08818044513463974,0.5712797045707703,0.6104167699813843,-0.1156235784292221,0.5493610501289368,0.5653710961341858,-0.12622782588005066,0.5320632457733154,0.53053879737854,-0.13181352615356445
10,right,0.22191548347473145,0.8057001829147339,6.916949928381655e-07,0.20350022614002228,0.7108462452888489,-0.014842499047517776,0.19526705145835876,0.6149803400039673,-0.034457817673683167,0.20450469851493835,0.5407532453536987,-0.05000903829932213,0.2144116759300232,0.4844737648963928,-0.06424381583929062,0.15185752511024475,0.6561102271080017,-0.09187916666269302,0.1203845888376236,0.5914669036865234,-0.13341110944747925,0.13174310326576233,0.5281362533569336,-0.15523552894592285,0.15147456526756287,0.4844849109649658,-0.16804346442222595,0.17552681267261505,0.6960272789001465,-0.10239094495773315,0.15235692262649536,0.6368957757949829,-0.1512991189956665,0.16797330975532532,0.56402587890625,-0.17104747891426086,0.18932461738586426,0.5175570845603943,-0.18306392431259155,0.21528758108615875,0.7256596088409424,-0.11075697094202042,0.2126591056585312,0.6659605503082275,-0.15938429534435272,0.23228630423545837,0.5969557166099548,-0.18205462396144867,0.2522872984409332,0.5530416965484619,-0.1935102790594101,0.2624174654483795,0.7441009283065796,-0.11764638125896454,0.295912504196167,0.684828519821167,-0.15947885811328888,0.3215532898902893,0.6384949684143066,-0.1798517256975174,0.34398359060287476,0.6028463244438171,-0.1917332261800766
10,left,0.6546817421913147,0.7350372076034546,1.1542172728695732e-07,0.667489767074585,0.6593706607818604,-0.00120354606769979,0.6645222902297974,0.5847254991531372,-0.010540030896663666,0.6505606174468994,0.5249224305152893,-0.01929067261517048,0.6369419097900391,0.4821928143501282,-0.02995011955499649,0.6964507102966309,0.5955142378807068,-0.04461086541414261,0.709740161895752,0.5143703818321228,-0.06450260430574417,0.7059596180915833,0.4575784206390381,-0.07389340549707413,0.6998640298843384,0.41383612155914307,-0.08020863682031631,0.673000156879425,0.6168861985206604,-0.0555209219455719,0.6621714234352112,0.5284944772720337,-0.07340259104967117,0.6381922960281372,0.4721270799636841,-0.08114024251699448,0.6161819696426392,0.4385843276977539,-0.08799636363983154,0.6410638093948364,0.6472470760345459,-0.0641394630074501,0.6277703642845154,0.5816771984100342,-0.08235190063714981,0.6115086078643799,0.5341696739196777,-0.09265416115522385,0.5976881980895996,0.5002768635749817,-0.10043340921401978,0.6026367545127869,0.679777979850769,-0.07103483378887177,0.5700420141220093,0.63576740026474,-0.09163922071456909,0.5473054647445679,0.6029847860336304,-0.10149218142032623,0.5290024280548096,0.5766806602478027,-0.10764360427856445
11,right,0.23139388859272003,0.8359534740447998,5.519243586604716e-07,0.21338173747062683,0.7250380516052246,-0.01330101303756237,0.1864953488111496,0.6458315253257751,-0.04870098456740379,0.181523397564888,0.5818943977355957,-0.07842152565717697,0.1707497239112854,0.5137956142425537,-0.11022607237100601,0.1380477249622345,0.7068437337875366,-0.1575283408164978,0.0858379453420639,0.6711218357086182,-0.2213374674320221,0.08707857877016068,0.6104405522346497,-0.2508201599121094,0.09892519563436508,0.566994845867157,-0.2707515358924866,0.1629447638988495,0.7438280582427979,-0.17805100977420807,0.11772345006465912,0.7276704907417297,-0.2628677189350128,0.12311273068189621,0.6739916801452637,-0.30505216121673584,0.13759775459766388,0.6270477771759033,-0.3376849591732025,0.20022882521152496,0.7716697454452515,-0.19083870947360992,0.18024000525474548,0.7473539710044861,-0.2762613892555237,0.18804240226745605,0.6900099515914917,-0.32428330183029175,0.20016755163669586,0.6458936333656311,-0.3566993772983551,0.24790199100971222,0.7851586937904358,-0.1980036348104477,0.2659270167350769,0.7470774054527283,-0.27349549531936646,0.2943461537361145,0.7080069184303284,-0.3169790506362915,0.3162720799446106,0.6718704700469971,-0.3498377799987793
11,left,0.6524872183799744,0.7744535207748413,2.008648039009131e-07,0.6620413661003113,0.6981213092803955,-0.02803299017250538,0.6728532910346985,0.6280822157859802,-0.05808168277144432,0.667885422706604,0.5732066631317139,-0.08058332651853561,0.6632916927337646,0.5272077322006226,-0.10574768483638763,0.7063894867897034,0.6496632695198059,-0.11922485381364822,0.7228178381919861,0.5699149370193481,-0.16548815369606018,0.7268329858779907,0.5187578201293945,-0.18900690972805023,0.7259936928749084,0.46886736154556274,-0.20681335031986237,0.6899229288101196,0.6728353500366211,-0.12644171714782715,0.6908258199691772,0.6004319190979004,-0.1803979128599167,0.6796779036521912,0.5654883980751038,-0.20400768518447876,0.6644161343574524,0.5325359106063843,-0.22164994478225708,0.6649155020713806,0.6970672011375427,-0.13140061497688293,0.6608538031578064,0.6254211664199829,-0.18484331667423248,0.6543869376182556,0.5754920840263367,-0.21194635331630707,0.6445629000663757,0.5296356081962585,-0.2298601120710373,0.6345260739326477,0.7178381681442261,-0.1344435214996338,0.6187292337417603,0.6672353148460388,-0.18378829956054688,0.6113244295120239,0.6337332725524902,-0.21187430620193481,0.6040412783622742,0.6011829972267151,-0.2326669842004776
12,right,0.2347223460674286,0.8669570684432983,6.761835606994282e-07,0.215233713388443,0.741085410118103,-0.024432478472590446,0.18307173252105713,0.6603091359138489,-0.057979270815849304,0.16858500242233276,0.6006108522415161,-0.08728771656751633,0.15114298462867737,0.5342650413513184,-0.11750058829784393,0.13321453332901,0.7500463724136353,-0.12558425962924957,0.07570359110832214,0.7311732769012451,-0.1840672641992569,0.07458186149597168,0.6755712032318115,-0.21903638541698456,0.08254075050354004,0.6271174550056458,-0.24311117827892303,0.15930114686489105,0.7873539924621582,-0.1401960402727127,0.11343932151794434,0.7892987132072449,-0.21213990449905396,0.11852708458900452,0.7216812968254089,-0.25067633390426636,0.13366901874542236,0.663975715637207,-0.2787949740886688,0.20028206706047058,0.8130868673324585,-0.15140026807785034,0.1869683712720871,0.8015261292457581,-0.22105173766613007,0.19357424974441528,0.7389761209487915,-0.25846973061561584,0.20401576161384583,0.6898382902145386,-0.2826337516307831,0.2510627508163452,0.825609564781189,-0.16108009219169617,0.26775050163269043,0.7961204648017883,-0.2239913046360016,0.28797101974487305,0.7536265254020691,-0.2572617828845978,0.30239689350128174,0.7138168215751648,-0.2803594768047333
12,left,0.6365523338317871,0.8049214482307434,2.3366972357052873e-07,0.644291341304779,0.7018651366233826,-0.02319551631808281,0.6609964966773987,0.6188429594039917,-0.04170873388648033,0.6616780161857605,0.5532686114311218,-0.058826837688684464,0.655171275138855,0.4868320822715759,-0.07842985540628433,0.7149068117141724,0.690737247467041,-0.07067175954580307,0.7507470846176147,0.6481285095214844,-0.10847451537847519,0.763474702835083,0.6037670373916626,-0.13129903376102448,0.7677154541015625,0.5593743920326233,-0.1488790065050125,0.6964789032936096,0.7344664335250854,-0.08228208869695663,0.7225503325462341,0.7170789837837219,-0.1288854330778122,0.7152851819992065,0.674993097782135,-0.15223754942417145,0.702238917350769,0.6351490020751953,-0.17046226561069489,0.6654477715492249,0.7764188051223755,-0.09497427195310593,0.6694236993789673,0.7583643794059753,-0.14556096494197845,0.6552644371986389,0.7194837927818298,-0.16793198883533478,0.6384757161140442,0.6808756589889526,-0.18101394176483154,0.6224716305732727,0.8072242736816406,-0.1075570285320282,0.6119670867919922,0.7807062864303589,-0.15339429676532745,0.5931822061538696,0.7532268166542053,-0.17360997200012207,0.5745232105255127,0.7293956875801086,-0.18711432814598083
13,right,0.22795481979846954,0.8551208972930908,7.253398734974326e-07,0.19578316807746887,0.7629678845405579,-0.01738549768924713,0.17905539274215698,0.6741182804107666,-0.051640670746564865,0.1821681559085846,0.5986656546592712,-0.0828879103064537,0.1860518455505371,0.5325064659118652,-0.11318430304527283,0.13345350325107574,0.7404571175575256,-0.11553296446800232,0.08769828826189041,0.6800662875175476,-0.1680796593427658,0.10698454082012177,0.6147040724754333,-0.19348394870758057,0.1320866197347641,0.5736148357391357,-0.20705647766590118,0.16186997294425964,0.7747632265090942,-0.1313324123620987,0.12264211475849152,0.7190811038017273,-0.19075234234333038,0.14251230657100677,0.6412744522094727,-0.2113218456506729,0.16900406777858734,0.5944861173629761,-0.22332605719566345,0.20266450941562653,0.7914431691169739,-0.144154354929924,0.18712833523750305,0.7307106852531433,-0.1961652785539627,0.20078343152999878,0.6530299782752991,-0.21415136754512787,0.21641434729099274,0.6061539649963379,-0.22325792908668518,0.2514522075653076,0.7923192977905273,-0.15604737401008606,0.26074445247650146,0.7223931550979614,-0.1933327466249466,0.2752254605293274,0.6668275594711304,-0.2062530368566513,0.2870289087295532,0.6275133490562439,-0.21474622189998627
13,left,0.6586226224899292,0.7881870865821838,1.7594679491139686e-07,0.6851806640625,0.7193830013275146,-0.017096973955631256,0.6951125860214233,0.6303584575653076,-0.03316008299589157,0.6784523725509644,0.5571438074111938,-0.04344681650400162,0.6532574892044067,0.5137603878974915,-0.05635678023099899,0.7314339280128479,0.6735308170318604,-0.07615096122026443,0.7597749829292297,0.5966104865074158,-0.09909574687480927,0.7497477531433105,0.5391700863838196,-0.10787166655063629,0.7338845729827881,0.4943578839302063,-0.11395858973264694,0.7011197209358215,0.707258939743042,-0.07939901947975159,0.6938844919204712,0.627197265625,-0.10271834582090378,0.67207270860672,0.56642085313797,-0.11017417907714844,0.6555910706520081,0.5266952514648438,-0.117632657289505,0.6647137403488159,0.7369197607040405,-0.07982239872217178,0.6524562835693359,0.6591314077377319,-0.10144170373678207,0.6465974450111389,0.6072843074798584,-0.1057499498128891,0.6444675326347351,0.5723892450332642,-0.10864080488681793,0.6229875087738037,0.7604186534881592,-0.07933899015188217,0.5995560884475708,0.7024183869361877,-0.09978502243757248,0.5877983570098877,0.6585696339607239,-0.10469707101583481,0.5815423130989075,0.6199007630348206,-0.10763643682003021
14,right,0.21638476848602295,0.8201980590820312,5.715212978429918e-07,0.19041278958320618,0.7379149794578552,-0.00635557109490037,0.18031546473503113,0.6512713432312012,-0.030015617609024048,0.19672471284866333,0.5780709981918335,-0.055117152631282806,0.2217450737953186,0.5235990285873413,-0.07898839563131332,0.12661975622177124,0.69526606798172,-0.06807713210582733,0.11278694868087769,0.5956434607505798,-0.1081741526722908,0.14965254068374634,0.5484105944633484,-0.1263607293367386,0.17852367460727692,0.5352835655212402,-0.1341274082660675,0.15057630836963654,0.7252278327941895,-0.08496829122304916,0.14587539434432983,0.6195682287216187,-0.12808065116405487,0.184378981590271,0.5632061958312988,-0.13931173086166382,0.21331186592578888,0.5457598567008972,-0.14292292296886444,0.1871471256017685,0.7430692911148071,-0.10085953027009964,0.18998882174491882,0.649120569229126,-0.13440555334091187,0.21819080412387848,0.5855064988136292,-0.13779610395431519,0.23839318752288818,0.5556817054748535,-0.13599079847335815,0.23021839559078217,0.7473880052566528,-0.11678174138069153,0.24283349514007568,0.663282573223114,-0.1366206705570221,0.2565959692001343,0.609341561794281,-0.13795652985572815,0.2670938968658447,0.575650691986084,-0.13739623129367828
14,left,0.6652446985244751,0.7563203573226929,-1.2204462507270364e-07,0.6862645745277405,0.6807055473327637,-0.0006384861771948636,0.6877343058586121,0.5947685241699219,-0.010824846103787422,0.654281735420227,0.5356287360191345,-0.017882516607642174,0.6218778491020203,0.508324921131134,-0.02527501806616783,0.7286211252212524,0.6110903024673462,-0.05326913669705391,0.729712188243866,0.5163185596466064,-0.0725632756948471,0.6912829875946045,0.4879344403743744,-0.07426830381155014,0.6641340255737305,0.4913221299648285,-0.07118882238864899,0.7077658176422119,0.634247362613678,-0.059106357395648956,0.6959509253501892,0.5366361141204834,-0.07723648101091385,0.6545930504798889,0.5056235790252686,-0.07224662601947784,0.6342374086380005,0.5108378529548645,-0.06687800586223602,0.673943281173706,0.6546373963356018,-0.06235208734869957,0.650242805480957,0.5568922758102417,-0.07496937364339828,0.6156198978424072,0.5109479427337646,-0.07099404186010361,0.5993058681488037,0.49654126167297363,-0.06695413589477539,0.6348802447319031,0.6731735467910767,-0.06362707167863846,0.6042906641960144,0.6004844307899475,-0.07349219918251038,0.5885945558547974,0.5635773539543152,-0.0710863247513771,0.584761917591095,0.5465615391731262,-0.06784994900226593
15,right,0.22211115062236786,0.7993667125701904,4.763836614074535e-07,0.19087259471416473,0.7219224572181702,-0.002595182042568922,0.18516917526721954,0.6346484422683716,-0.025372780859470367,0.2176610827445984,0.5588489174842834,-0.0506744422018528,0.260476678609848,0.5086008906364441,-0.07493423670530319,0.12945035099983215,0.6699541807174683,-0.056248996406793594,0.14038951694965363,0.5530338287353516,-0.0927286148071289,0.17883360385894775,0.516975998878479,-0.11021187156438828,0.20642095804214478,0.5101464986801147,-0.11722379922866821,0.1543608456850052,0.6964219808578491,-0.07270321249961853,0.1707087755203247,0.5737274289131165,-0.10466407984495163,0.20705831050872803,0.5334509611129761,-0.10907872021198273,0.2325887531042099,0.5271644592285156,-0.10923809558153152,0.19173267483711243,0.7111777067184448,-0.08850982040166855,0.20974785089492798,0.598721981048584,-0.11080379784107208,0.23812854290008545,0.5512421131134033,-0.10619906336069107,0.2579685151576996,0.5360947847366333,-0.10004232823848724,0.23532478511333466,0.7110235691070557,-0.10468153655529022,0.24733152985572815,0.6190866827964783,-0.11297488212585449,0.26146426796913147,0.5794579982757568,-0.10548578947782516,0.27298086881637573,0.5588189959526062,-0.09920289367437363
15,left,0.6542497277259827,0.7292344570159912,-2.1452802911881008e-07,0.6802388429641724,0.6669888496398926,0.0019805787596851587,0.6876976490020752,0.5985758900642395,-0.010438818484544754,0.6623650789260864,0.5412812829017639,-0.022281231358647346,0.6322202682495117,0.508452296257019,-0.034832414239645004,0.7170408368110657,0.5998193025588989,-0.05050205439329147,0.7097145318984985,0.495923787355423,-0.07344750314950943,0.675984263420105,0.4659122824668884,-0.0781586691737175,0.6538750529289246,0.46884676814079285,-0.07731137424707413,0.6936715245246887,0.6247360110282898,-0.05998782441020012,0.680744469165802,0.5142530202865601,-0.08370193094015121,0.6439417600631714,0.4816954731941223,-0.08226759731769562,0.622821569442749,0.4856831431388855,-0.07875090092420578,0.6609145402908325,0.6413143277168274,-0.06747855991125107,0.6451433897018433,0.5414532423019409,-0.08635672181844711,0.61613929271698,0.5041265487670898,-0.08438422530889511,0.6008636951446533,0.4979029893875122,-0.0805397629737854,0.6253944039344788,0.6498036980628967,-0.0731486976146698,0.6130839586257935,0.5623871088027954,-0.08925788849592209,0.5965135097503662,0.5222615003585815,-0.09159113466739655,0.584231972694397,0.5038576722145081,-0.09104514122009277
16,right,0.22969995439052582,0.8064547181129456,3.9380572047775786e-07,0.1906728744506836,0.738766074180603,-0.0023576158564537764,0.17408452928066254,0.662948727607727,-0.023271948099136353,0.1884441375732422,0.5950428247451782,-0.045679762959480286,0.2116619348526001,0.5507298111915588,-0.06709645688533783,0.1365295946598053,0.6718968749046326,-0.05722600594162941,0.15891489386558533,0.553706169128418,-0.09271503984928131,0.19619132578372955,0.5202880501747131,-0.10856814682483673,0.22093814611434937,0.5196353793144226,-0.11375913769006729,0.16607001423835754,0.6957961320877075,-0.07188575714826584,0.18494710326194763,0.5689062476158142,-0.10206053406000137,0.21995140612125397,0.5324822068214417,-0.10489574074745178,0.24364161491394043,0.5319845676422119,-0.10340249538421631,0.20606200397014618,0.7108588814735413,-0.08542419224977493,0.22425176203250885,0.5961727499961853,-0.1066703051328659,0.25169020891189575,0.5547964572906494,-0.10030575096607208,0.2686266601085663,0.5468313097953796,-0.09248320758342743,0.24938195943832397,0.7154329419136047,-0.09880116581916809,0.26117685437202454,0.6216713190078735,-0.10744290798902512,0.27331578731536865,0.5846333503723145,-0.09919208288192749,0.2811909019947052,0.5686084032058716,-0.09131502360105515
16,left,0.6491897702217102,0.7328633069992065,-3.113131015197723e-07,0.6791406869888306,0.6745046973228455,0.003579386742785573,0.691912055015564,0.602623462677002,-0.008804548531770706,0.6754916906356812,0.5418038964271545,-0.02197384461760521,0.6492467522621155,0.508194088935852,-0.03666963055729866,0.7139430046081543,0.6070219278335571,-0.04493281617760658,0.6895268559455872,0.4961661100387573,-0.06819133460521698,0.650065004825592,0.47524315118789673,-0.07658583670854568,0.6299728751182556,0.486044317483902,-0.07917441427707672,0.6868109703063965,0.626691997051239,-0.05631626769900322,0.6666790246963501,0.5090134143829346,-0.07781381905078888,0.6290899515151978,0.48558396100997925,-0.07892046123743057,0.6100322008132935,0.49538543820381165,-0.07853084802627563,0.653128981590271,0.6395795345306396,-0.06556925177574158,0.637503445148468,0.5336185693740845,-0.08159640431404114,0.6065184473991394,0.5052982568740845,-0.07902730256319046,0.5901444554328918,0.5058022141456604,-0.07634678483009338,0.6186461448669434,0.6469106078147888,-0.07322237640619278,0.608997642993927,0.5607597827911377,-0.0837903693318367,0.5917043089866638,0.5261982083320618,-0.08216791599988937,0.5778769254684448,0.510981023311615,-0.08048197627067566
17,right,0.2256772518157959,0.8029419779777527,4.815913143829675e-07,0.18927974998950958,0.7307404279708862,-0.003543287515640259,0.18118371069431305,0.6493817567825317,-0.02584109641611576,0.21038824319839478,0.5782488584518433,-0.049522507935762405,0.24794793128967285,0.5382002592086792,-0.07166004925966263,0.135111004114151,0.6740773916244507,-0.0584445483982563,0.15893509984016418,0.5554351806640625,-0.09127883613109589,0.1963687539100647,0.5222300887107849,-0.10428262501955032,0.21998853981494904,0.522122859954834,-0.10799786448478699,0.16437949240207672,0.6989492774009705,-0.07238790392875671,0.18701469898223877,0.5762293934822083,-0.09989127516746521,0.22099243104457855,0.5387069582939148,-0.10047673434019089,0.24250610172748566,0.5344917178153992,-0.09846121072769165,0.2034282237291336,0.7134653329849243,-0.08509702235460281,0.22415952384471893,0.6004409790039062,-0.10296554863452911,0.2499602735042572,0.5607013702392578,-0.09480027854442596,0.2654224634170532,0.5523577332496643,-0.08697079867124557,0.2469189316034317,0.7147027254104614,-0.09822628647089005,0.2614534795284271,0.6230707168579102,-0.10360076278448105,0.27320265769958496,0.5854047536849976,-0.09417623281478882,0.2810209095478058,0.5669581890106201,-0.08642660826444626
17,left,0.6483832597732544,0.7376918196678162,-3.0380809334928927e-07,0.6781954765319824,0.681030809879303,0.0022647613659501076,0.6894311308860779,0.6119643449783325,-0.010609724558889866,0.6699816584587097,0.5521692037582397,-0.023838670924305916,0.6431370973587036,0.5176271200180054,-0.03872362896800041,0.7143473625183105,0.6109445691108704,-0.04606841877102852,0.6810567378997803,0.5076979398727417,-0.06806114315986633,0.6429235339164734,0.48750436305999756,-0.07530571520328522,0.6230344176292419,0.4958260655403137,-0.07747013121843338,0.6879934072494507,0.6291342377662659,-0.056713517755270004,0.6620358824729919,0.5133645534515381,-0.07746143639087677,0.6246810555458069,0.4929027259349823,-0.07827870547771454,0.6050841808319092,0.5032463073730469,-0.07773692905902863,0.6546174883842468,0.6426064968109131,-0.06505490839481354,0.6344277858734131,0.5378877520561218,-0.08172431588172913,0.6027441620826721,0.5116970539093018,-0.07935896515846252,0.5854737758636475,0.5122355222702026,-0.07665392756462097,0.6191626787185669,0.6512737274169922,-0.07178232818841934,0.6081944704055786,0.5690904259681702,-0.08442462980747223,0.5903452038764954,0.536151647567749,-0.08403433859348297,0.5758300423622131,0.5199694037437439,-0.08284647017717361
18,right,0.20933620631694794,0.7857617735862732,7.986174637153454e-07,0.1853693276643753,0.6997669339179993,-0.01157979853451252,0.1769612431526184,0.6064630150794983,-0.03893975540995598,0.19095478951931,0.5273535251617432,-0.06488887220621109,0.20917223393917084,0.47206076979637146,-0.08846461027860641,0.11254807561635971,0.6607863306999207,-0.08691123127937317,0.09775955229997635,0.5699950456619263,-0.13087321817874908,0.13383358716964722,0.5145086050033569,-0.1499043107032776,0.16744567453861237,0.49282747507095337,-0.1571611613035202,0.13808698952198029,0.6987441778182983,-0.10205350071191788,0.1357407420873642,0.5931358933448792,-0.14989955723285675,0.17024359107017517,0.5266956090927124,-0.15983611345291138,0.2000892609357834,0.5033823251724243,-0.1614731401205063,0.1789678931236267,0.7204488515853882,-0.11537738889455795,0.19178374111652374,0.6169623136520386,-0.15178126096725464,0.21611084043979645,0.5516056418418884,-0.14960168302059174,0.23128977417945862,0.5227702260017395,-0.142720028758049,0.2263171225786209,0.7271049618721008,-0.12905757129192352,0.24640300869941711,0.6276179552078247,-0.14970706403255463,0.2583044767379761,0.5694801807403564,-0.14637340605258942,0.26542142033576965,0.533757746219635,-0.14072637259960175
18,left,0.6714522242546082,0.7202664613723755,-2.065103501536214e-07,0.6794993281364441,0.650104284286499,-0.0024381873663514853,0.681796133518219,0.5700174570083618,-0.015002152882516384,0.6693000197410583,0.5087690353393555,-0.027112599462270737,0.6577180624008179,0.46217799186706543,-0.04076806455850601,0.7235119938850403,0.5841677784919739,-0.05103611201047897,0.7161355018615723,0.4942444860935211,-0.07975785434246063,0.6809783577919006,0.45627832412719727,-0.09395482391119003,0.6539984345436096,0.44447562098503113,-0.10105962306261063,0.7080752849578857,0.6177148222923279,-0.06232919543981552,0.6963552832603455,0.5240511298179626,-0.09041688591241837,0.6542965769767761,0.4782677888870239,-0.09778153896331787,0.6244707703590393,0.4606330394744873,-0.10191050171852112,0.6778492331504822,0.6496575474739075,-0.07235255092382431,0.6659732460975647,0.5650205612182617,-0.09846082329750061,0.6334095597267151,0.5119789838790894,-0.10442759841680527,0.6116156578063965,0.48145294189453125,-0.10644278675317764,0.6390248537063599,0.6729934811592102,-0.0806044340133667,0.6250165104866028,0.6020260453224182,-0.10614795982837677,0.6067213416099548,0.5528353452682495,-0.11463011056184769,0.5929328203201294,0.5170174241065979,-0.1181497871875763
19,right,0.19845765829086304,0.8240010738372803,1.0349306194257224e-06,0.16740183532238007,0.713088870048523,-0.031491491943597794,0.14345799386501312,0.6167083978652954,-0.07782032340765,0.13851803541183472,0.5355754494667053,-0.11845643073320389,0.13653069734573364,0.47484034299850464,-0.16090312600135803,0.07858623564243317,0.6989469528198242,-0.15687361359596252,0.03785625100135803,0.6397116780281067,-0.22588689625263214,0.03746248781681061,0.5731173753738403,-0.262594074010849,0.05468485504388809,0.5193427801132202,-0.286417692899704,0.1087208166718483,0.7417452931404114,-0.17414169013500214,0.07688076794147491,0.6966506242752075,-0.26115188002586365,0.07442159205675125,0.6212384700775146,-0.30540135502815247,0.0875350832939148,0.5529547929763794,-0.3368239104747772,0.15493983030319214,0.7671718001365662,-0.1866660863161087,0.147964209318161,0.7127003073692322,-0.26930469274520874,0.15017536282539368,0.6334431767463684,-0.31224480271339417,0.16059258580207825,0.5658808350563049,-0.33907487988471985,0.21150265634059906,0.7735589742660522,-0.19683361053466797,0.2274656593799591,0.7055143713951111,-0.261322021484375,0.2453249990940094,0.6488621234893799,-0.2928221821784973,0.25879350304603577,0.596427321434021,-0.31591740250587463
19,left,0.6547776460647583,0.7544645667076111,1.9790880401160393e-07,0.6541256904602051,0.6549111604690552,-0.003166008507832885,0.6684808731079102,0.5745157599449158,-0.027790827676653862,0.6638317108154297,0.5098484754562378,-0.054712969809770584,0.6458940505981445,0.44549036026000977,-0.0868118479847908,0.7442689538002014,0.6077991127967834,-0.08984477072954178,0.7823145389556885,0.5475824475288391,-0.14236953854560852,0.7819707989692688,0.49187666177749634,-0.17638075351715088,0.7713878154754639,0.45091134309768677,-0.20242729783058167,0.7349636554718018,0.6460537910461426,-0.12069252133369446,0.7814923524856567,0.5916860103607178,-0.18389342725276947,0.7788541913032532,0.5281286835670471,-0.22299319505691528,0.7683476805686951,0.4767446517944336,-0.2535431981086731,0.7141110301017761,0.6895098090171814,-0.14900757372379303,0.7427215576171875,0.6336973905563354,-0.21262310445308685,0.7336606979370117,0.5686904191970825,-0.255241721868515,0.7184574604034424,0.5204658508300781,-0.2853802442550659,0.6822646856307983,0.7300756573677063,-0.17353372275829315,0.6890200972557068,0.6987265944480896,-0.23528970777988434,0.6801791787147522,0.6551032662391663,-0.2741609215736389,0.6676591038703918,0.6186341643333435,-0.3036370873451233
20,right,0.21678943932056427,0.862285852432251,6.298624271039444e-07,0.1834212690591812,0.7565639019012451,-0.021332234144210815,0.1384139358997345,0.6726545095443726,-0.05584106221795082,0.118934765458107,0.5973679423332214,-0.0876634418964386,0.09795098751783371,0.534467875957489,-0.12307848781347275,0.09951825439929962,0.7774773240089417,-0.11418724060058594,0.030751340091228485,0.7541258931159973,-0.16237051784992218,0.004105761647224426,0.7087520360946655,-0.19472503662109375,-0.009474530816078186,0.6691005825996399,-0.22130975127220154,0.12047707289457321,0.8155525326728821,-0.13140860199928284,0.06258095800876617,0.8205724358558655,-0.1922924667596817,0.04262319207191467,0.7804804444313049,-0.23506595194339752,0.030529215931892395,0.7391820549964905,-0.2722127139568329,0.15637068450450897,0.8396441340446472,-0.1443149596452713,0.13933183252811432,0.8057225942611694,-0.2013653814792633,0.137115940451622,0.7609321475028992,-0.2380790263414383,0.13994663953781128,0.7319628000259399,-0.2682959735393524,0.20167489349842072,0.8517635464668274,-0.1561822146177292,0.2080724984407425,0.8109099864959717,-0.21317747235298157,0.2218383550643921,0.7654325366020203,-0.24697193503379822,0.23265761137008667,0.7301614880561829,-0.2745068073272705
20,left,0.6925643682479858,0.8158385753631592,4.712690042651957e-07,0.6895506978034973,0.7131386399269104,-0.03402865305542946,0.6941397190093994,0.6340117454528809,-0.06703538447618484,0.6916869878768921,0.5681106448173523,-0.09646062552928925,0.6750038862228394,0.5001113414764404,-0.12921671569347382,0.7480191588401794,0.7023758888244629,-0.10849859565496445,0.8022804260253906,0.6691805124282837,-0.16460417211055756,0.828602135181427,0.6292943954467773,-0.2025296837091446,0.8425260782241821,0.5882389545440674,-0.23109541833400726,0.7421541810035706,0.7582206726074219,-0.1205638200044632,0.7884884476661682,0.7415109872817993,-0.18181373178958893,0.7878366112709045,0.7021138668060303,-0.21560116112232208,0.7782939076423645,0.6606143116950989,-0.24381977319717407,0.7270049452781677,0.807989776134491,-0.13294029235839844,0.7617027759552002,0.7895777821540833,-0.19377097487449646,0.7607674598693848,0.7401137351989746,-0.22447454929351807,0.7506405115127563,0.694310188293457,-0.24606604874134064,0.701249897480011,0.8447325825691223,-0.14535091817378998,0.7178059816360474,0.8401366472244263,-0.19798097014427185,0.7118412256240845,0.8105560541152954,-0.2248069941997528,0.7031779885292053,0.7813929915428162,-0.24558337032794952
21,right,0.21019259095191956,0.8679364919662476,7.321640396185103e-07,0.17262181639671326,0.7736764550209045,-0.024321364238858223,0.13263551890850067,0.7055662274360657,-0.05331503599882126,0.11087841540575027,0.6379179358482361,-0.08050565421581268,0.09707044810056686,0.5714669227600098,-0.11050167679786682,0.07334581017494202,0.7953758835792542,-0.09549989551305771,0.010869525372982025,0.7839143872261047,-0.14400014281272888,0.0012771561741828918,0.7358664870262146,-0.17592181265354156,0.006551824510097504,0.6841259598731995,-0.19864808022975922,0.09784100949764252,0.8346628546714783,-0.11055106669664383,0.04112519323825836,0.8538676500320435,-0.16032175719738007,0.03897881507873535,0.8016273975372314,-0.1886332631111145,0.05122632533311844,0.7447187304496765,-0.21104788780212402,0.13953445851802826,0.8644430637359619,-0.12555111944675446,0.11906305700540543,0.8743936419487,-0.17897233366966248,0.11590735614299774,0.8175792098045349,-0.21251720190048218,0.12247347831726074,0.7606634497642517,-0.2365652322769165,0.19258034229278564,0.8774726986885071,-0.14075833559036255,0.20743200182914734,0.862239420413971,-0.19238576292991638,0.21680326759815216,0.8159854412078857,-0.22241878509521484,0.2273322194814682,0.7686562538146973,-0.24465933442115784
21,left,0.7331803441047668,0.7279460430145264,-1.677106666875261e-07,0.7066619396209717,0.695897102355957,-0.051744792610406876,0.6940130591392517,0.6553750038146973,-0.08683227002620697,0.6938029527664185,0.6022403240203857,-0.11406883597373962,0.683794379234314,0.5465919971466064,-0.13934104144573212,0.7049255967140198,0.7911432981491089,-0.11311447620391846,0.6893399953842163,0.812387228012085,-0.17291046679019928,0.6769273281097412,0.8099985122680664,-0.2045678347349167,0.6636320948600769,0.7847632169723511,-0.22134190797805786,0.7368676066398621,0.8145301342010498,-0.1091543436050415,0.75124192237854,0.8488021492958069,-0.17541517317295074,0.741913378238678,0.8322761654853821,-0.19871588051319122,0.7229360342025757,0.797444760799408,-0.2136128693819046,0.7605597972869873,0.8111205697059631,-0.10854151099920273,0.7774039506912231,0.823508083820343,-0.17628736793994904,0.763396680355072,0.7684038877487183,-0.2013707160949707,0.7441825866699219,0.7057814002037048,-0.2123326063156128,0.7744965553283691,0.7849646210670471,-0.10947293043136597,0.7972042560577393,0.771035373210907,-0.15474796295166016,0.7964440584182739,0.7161407470703125,-0.1754247546195984,0.7893697023391724,0.6560126543045044,-0.19016849994659424
22,right,0,0,0,0,0,0,0,0,0,0,0,0,0,0,0,0,0,0,0,0,0,0,0,0,0,0,0,0,0,0,0,0,0,0,0,0,0,0,0,0,0,0,0,0,0,0,0,0,0,0,0,0,0,0,0,0,0,0,0,0,0,0,0
22,left,0.693953275680542,0.8273254632949829,2.0694191960046737e-07,0.7248649597167969,0.7497449517250061,-0.030476411804556847,0.7556908130645752,0.6724982261657715,-0.056527815759181976,0.7458975911140442,0.6069630980491638,-0.07401614636182785,0.7145290374755859,0.5724024772644043,-0.09388377517461777,0.7862709164619446,0.7462731599807739,-0.10336577892303467,0.7995854020118713,0.6949808597564697,-0.14142903685569763,0.7791483402252197,0.6379085779190063,-0.1614806354045868,0.7563978433609009,0.5950426459312439,-0.17296364903450012,0.7510837316513062,0.7834455966949463,-0.10211624205112457,0.7498829364776611,0.7117980718612671,-0.13840122520923615,0.7147505879402161,0.6312679648399353,-0.14970524609088898,0.6859973073005676,0.582364559173584,-0.1597469598054886,0.7079100608825684,0.8052439093589783,-0.09883525222539902,0.6969201564788818,0.7266190052032471,-0.13128195703029633,0.6746124625205994,0.6637739539146423,-0.1363188475370407,0.6606408357620239,0.6299953460693359,-0.1379961222410202,0.6582812070846558,0.8160586357116699,-0.09603863209486008,0.6419104933738708,0.745013415813446,-0.12223200500011444,0.6268693804740906,0.6829818487167358,-0.12907075881958008,0.6188839673995972,0.636229932308197,-0.13334767520427704
23,right,0,0,0,0,0,0,0,0,0,0,0,0,0,0,0,0,0,0,0,0,0,0,0,0,0,0,0,0,0,0,0,0,0,0,0,0,0,0,0,0,0,0,0,0,0,0,0,0,0,0,0,0,0,0,0,0,0,0,0,0,0,0,0
23,left,0.6749640107154846,0.8173956274986267,4.1842334042030416e-08,0.7134024500846863,0.7555603981018066,-0.0025771744549274445,0.7283289432525635,0.6788145303726196,-0.016214799135923386,0.7157103419303894,0.6158891320228577,-0.02737133763730526,0.6915149688720703,0.57691490650177,-0.03973604366183281,0.7406696081161499,0.6990044116973877,-0.060390621423721313,0.7239881753921509,0.5886328220367432,-0.085207000374794,0.6987165212631226,0.5448830127716064,-0.09283851087093353,0.6778683066368103,0.5255101323127747,-0.09312206506729126,0.706337034702301,0.7186678647994995,-0.0667639970779419,0.683689296245575,0.5952531695365906,-0.09088891744613647,0.651668131351471,0.5403554439544678,-0.09279347211122513,0.6268207430839539,0.5152449011802673,-0.09202438592910767,0.6650897264480591,0.727753758430481,-0.07031353563070297,0.6478234529495239,0.6108923554420471,-0.08525804430246353,0.6274906992912292,0.554483950138092,-0.08302052319049835,0.6111269593238831,0.5240634679794312,-0.08018676191568375,0.6221030354499817,0.7293894290924072,-0.07244089245796204,0.60973060131073,0.6359065771102905,-0.08047392219305038,0.6013919711112976,0.5839313268661499,-0.07748282700777054,0.5929474830627441,0.5475425720214844,-0.07461199909448624
24,right,0.2261662483215332,0.7902718782424927,3.86527290174854e-07,0.18816901743412018,0.7264543771743774,-0.007951794192194939,0.17893943190574646,0.6446584463119507,-0.029538128525018692,0.20671230554580688,0.5755897760391235,-0.04857843741774559,0.23856908082962036,0.5316445231437683,-0.06521108001470566,0.145403191447258,0.6697512269020081,-0.0735207349061966,0.16984859108924866,0.5528758764266968,-0.09932292997837067,0.20478008687496185,0.5182752013206482,-0.10251056402921677,0.23014090955257416,0.5091520547866821,-0.09983561187982559,0.18444401025772095,0.6953957080841064,-0.08082184195518494,0.21421265602111816,0.5611017942428589,-0.10405375063419342,0.24596263468265533,0.5195859670639038,-0.09834860265254974,0.2666884660720825,0.508908212184906,-0.09204176813364029,0.2303123027086258,0.7094991207122803,-0.08531259000301361,0.2548142373561859,0.5811923742294312,-0.09700927138328552,0.2744002640247345,0.5407623648643494,-0.08200768381357193,0.2824954092502594,0.5287876129150391,-0.07080906629562378,0.2773585915565491,0.7128289937973022,-0.09035734087228775,0.2914464473724365,0.6113854646682739,-0.09163106232881546,0.2985972762107849,0.5737094879150391,-0.07824359089136124,0.30014359951019287,0.5542653203010559,-0.06808982789516449
24,left,0.6553732752799988,0.7679191827774048,5.185516727124195e-08,0.693191647529602,0.7052723169326782,0.006970079615712166,0.6991125345230103,0.6267458200454712,-0.0023841147776693106,0.6782593727111816,0.5629128813743591,-0.01092771627008915,0.6492014527320862,0.5285741686820984,-0.021217714995145798,0.7042656540870667,0.639199435710907,-0.04176914691925049,0.671517014503479,0.5245564579963684,-0.054014623165130615,0.6488819718360901,0.4961439073085785,-0.05468291416764259,0.6357890367507935,0.49863287806510925,-0.05216594412922859,0.66322922706604,0.658359706401825,-0.05003344267606735,0.6331698298454285,0.5349948406219482,-0.05851658433675766,0.6178436279296875,0.5001815557479858,-0.052498698234558105,0.6096943616867065,0.498858779668808,-0.04862084984779358,0.623399019241333,0.6693181395530701,-0.05493719503283501,0.6016761064529419,0.552732527256012,-0.058797162026166916,0.5927660465240479,0.5155103802680969,-0.050140924751758575,0.5886092185974121,0.5074080228805542,-0.044875141233205795,0.5887774229049683,0.6754323840141296,-0.057861559092998505,0.5807559490203857,0.5853527188301086,-0.060290366411209106,0.579933762550354,0.5500819683074951,-0.05402563884854317,0.5799350142478943,0.5332953929901123,-0.0492708720266819
25,right,0.24763797223567963,0.7835390567779541,4.088776393018634e-07,0.20752546191215515,0.718980610370636,-0.0013171684695407748,0.19730862975120544,0.6435697674751282,-0.020353689789772034,0.2184935063123703,0.5790596604347229,-0.038887880742549896,0.2426200956106186,0.5389525890350342,-0.05581168457865715,0.18396754562854767,0.6486238837242126,-0.06433356553316116,0.21447771787643433,0.5253089070320129,-0.09237659722566605,0.24545979499816895,0.49741822481155396,-0.09684298932552338,0.26278242468833923,0.5039159059524536,-0.09265468269586563,0.22252707183361053,0.669131338596344,-0.07435822486877441,0.2558850944042206,0.5390124320983887,-0.09770626574754715,0.2797248363494873,0.5064089298248291,-0.08800263702869415,0.29235735535621643,0.508944034576416,-0.07595597207546234,0.2646247446537018,0.6834789514541626,-0.08204954862594604,0.2947428822517395,0.5641635060310364,-0.0941457599401474,0.30819547176361084,0.5259205102920532,-0.0755135640501976,0.3125705420970917,0.5208500027656555,-0.05875645950436592,0.3051552176475525,0.6918726563453674,-0.08965365588665009,0.3217765986919403,0.6006178855895996,-0.09204059839248657,0.3269646167755127,0.5607998967170715,-0.07701099663972855,0.32810279726982117,0.5408735871315002,-0.06252080202102661
25,left,0.6440340876579285,0.7611966133117676,4.135183573339418e-08,0.6777617931365967,0.6955857872962952,0.004368556663393974,0.6815882325172424,0.6171280741691589,-0.005838373675942421,0.6524365544319153,0.5584276914596558,-0.01496963296085596,0.6191712021827698,0.5304946899414062,-0.024872152134776115,0.6883467435836792,0.6250680088996887,-0.044072993099689484,0.650908887386322,0.5119736790657043,-0.06035391986370087,0.627228856086731,0.4943233132362366,-0.06232829764485359,0.6177849173545837,0.5064764022827148,-0.059018079191446304,0.6475223898887634,0.6455633044242859,-0.051088593900203705,0.617828369140625,0.5229970216751099,-0.06382186710834503,0.6007416248321533,0.4951099157333374,-0.05846945196390152,0.5948175191879272,0.49857744574546814,-0.0527518168091774,0.6092755794525146,0.6585258841514587,-0.05511106178164482,0.5855029821395874,0.5382685661315918,-0.060933515429496765,0.5770577192306519,0.5110778212547302,-0.050073377788066864,0.576879620552063,0.5110074877738953,-0.0415247343480587,0.5776079893112183,0.6674681901931763,-0.057617463171482086,0.5667279958724976,0.5747778415679932,-0.059317320585250854,0.5664159059524536,0.5437564253807068,-0.05031263455748558,0.5687581896781921,0.5315660238265991,-0.042617399245500565
26,right,0.25315165519714355,0.7769114971160889,3.833522725926741e-07,0.21552662551403046,0.7135267853736877,-0.00019073100702371448,0.2049287110567093,0.6392914652824402,-0.016769075766205788,0.22289010882377625,0.5741850733757019,-0.03193508833646774,0.2431759536266327,0.5291844010353088,-0.04536265879869461,0.19239221513271332,0.6464840173721313,-0.06443290412425995,0.22555814683437347,0.5248620510101318,-0.08762341737747192,0.2551848292350769,0.4938651919364929,-0.08797402679920197,0.2726899981498718,0.49804940819740295,-0.08088439702987671,0.23106373846530914,0.6670330166816711,-0.07179443538188934,0.2684287428855896,0.5345236659049988,-0.0895325243473053,0.28951677680015564,0.5032669305801392,-0.07787918299436569,0.2985137701034546,0.5072221755981445,-0.06549961119890213,0.27190011739730835,0.680163562297821,-0.07585754990577698,0.30537089705467224,0.5560328960418701,-0.08230184763669968,0.3159593939781189,0.5186076164245605,-0.06380629539489746,0.31514889001846313,0.515045166015625,-0.04917585849761963,0.3092058002948761,0.6871676445007324,-0.07961185276508331,0.32936346530914307,0.5932515859603882,-0.079230397939682,0.33313000202178955,0.5569577813148499,-0.06500545889139175,0.3303352892398834,0.54265296459198,-0.052185602486133575
26,left,0.6406156420707703,0.7653835415840149,7.163390591813368e-08,0.6725988388061523,0.6988592743873596,0.005124389659613371,0.6746467351913452,0.6251246929168701,-0.003563754027709365,0.6457329988479614,0.57001793384552,-0.010872378945350647,0.6147833466529846,0.5418125987052917,-0.01850331947207451,0.678259015083313,0.6264793276786804,-0.04111027717590332,0.6416903734207153,0.514784574508667,-0.05508330091834068,0.6184198260307312,0.4938596189022064,-0.054642386734485626,0.6077879071235657,0.5002235174179077,-0.04951731860637665,0.639426589012146,0.6469979286193848,-0.04722444340586662,0.6065047979354858,0.5236374735832214,-0.05955464765429497,0.5902707576751709,0.49645131826400757,-0.05266819894313812,0.5851881504058838,0.4966445565223694,-0.044755518436431885,0.6022031307220459,0.660321056842804,-0.05030772462487221,0.5732547044754028,0.5429553389549255,-0.05650608241558075,0.5650120973587036,0.5120705366134644,-0.04529174789786339,0.5651581287384033,0.5049967765808105,-0.03552443906664848,0.5718981623649597,0.6690528392791748,-0.05165981873869896,0.5590153336524963,0.5772011280059814,-0.0524466373026371,0.5608685612678528,0.5489607453346252,-0.041921403259038925,0.5660662651062012,0.5379754304885864,-0.03260715305805206
27,right,0.2380860447883606,0.7864400744438171,6.45616694328055e-07,0.2041817158460617,0.7175906896591187,-0.011402919888496399,0.19815485179424286,0.6252481937408447,-0.03442287817597389,0.22413361072540283,0.5466318726539612,-0.05330868065357208,0.2560652196407318,0.4960179328918457,-0.06999966502189636,0.16268807649612427,0.6597132086753845,-0.08492989838123322,0.1647426337003708,0.5562138557434082,-0.11724136024713516,0.19600048661231995,0.5000380873680115,-0.12853080034255981,0.22549991309642792,0.47502636909484863,-0.13187175989151,0.19714879989624023,0.6891026496887207,-0.09212453663349152,0.21731635928153992,0.5715258121490479,-0.12469696253538132,0.24147407710552216,0.5082215070724487,-0.127287819981575,0.25775042176246643,0.4816052317619324,-0.1270105391740799,0.24194009602069855,0.7052585482597351,-0.0964338555932045,0.2678396701812744,0.5892225503921509,-0.1168530061841011,0.28227996826171875,0.5253113508224487,-0.11159021407365799,0.28632619976997375,0.4922765791416168,-0.10657302290201187,0.28929707407951355,0.709337592124939,-0.10106103867292404,0.31460538506507874,0.6092625260353088,-0.11192172020673752,0.32035982608795166,0.5553382635116577,-0.10781808197498322,0.3188961148262024,0.519094705581665,-0.10361038893461227
27,left,0.6565020680427551,0.7658525705337524,1.5001931785718625e-07,0.6858956217765808,0.6973392963409424,-0.004334958735853434,0.6928526163101196,0.6143735647201538,-0.02032008022069931,0.6781493425369263,0.5503371953964233,-0.03398970887064934,0.654185950756073,0.5100404024124146,-0.04984111711382866,0.7016754746437073,0.6346269249916077,-0.06353361159563065,0.6785444021224976,0.5279796123504639,-0.0908399224281311,0.6545549631118774,0.4774126410484314,-0.10271718353033066,0.6324636340141296,0.4525582492351532,-0.10685475915670395,0.6644083857536316,0.6622615456581116,-0.07120312005281448,0.6396301984786987,0.549127995967865,-0.09662769734859467,0.6173703670501709,0.49130764603614807,-0.10251814872026443,0.5992358922958374,0.46308642625808716,-0.10539720952510834,0.6242832541465759,0.6812805533409119,-0.07624997943639755,0.5980492830276489,0.5744485259056091,-0.09374134242534637,0.5835413932800293,0.5169171094894409,-0.09574627876281738,0.5728185772895813,0.4860255718231201,-0.09600381553173065,0.5858832001686096,0.6914822459220886,-0.08000876754522324,0.5670158267021179,0.6004765629768372,-0.09268853068351746,0.5585372447967529,0.5479996800422668,-0.09475238621234894,0.5511659979820251,0.5106287598609924,-0.09519477188587189
28,right,0,0,0,0,0,0,0,0,0,0,0,0,0,0,0,0,0,0,0,0,0,0,0,0,0,0,0,0,0,0,0,0,0,0,0,0,0,0,0,0,0,0,0,0,0,0,0,0,0,0,0,0,0,0,0,0,0,0,0,0,0,0,0
28,left,0.6730514764785767,0.8101011514663696,2.0339217599030235e-07,0.707984983921051,0.7449752688407898,-0.0084972670301795,0.7218753099441528,0.6626014709472656,-0.02308446355164051,0.7136882543563843,0.5941674709320068,-0.03239729255437851,0.7004901170730591,0.5465960502624512,-0.044256605207920074,0.7388174533843994,0.6701814532279968,-0.08119015395641327,0.7554184198379517,0.5767173767089844,-0.10646253824234009,0.7413249015808105,0.5167964100837708,-0.11462622880935669,0.725744903087616,0.47468140721321106,-0.11861003190279007,0.7080528140068054,0.7020711898803711,-0.08682875335216522,0.6868724226951599,0.5910590887069702,-0.11193133145570755,0.6633711457252502,0.5216021537780762,-0.11860854178667068,0.6474156975746155,0.47473835945129395,-0.1245235800743103,0.6679170727729797,0.7317414879798889,-0.08805353939533234,0.6402269005775452,0.6334492564201355,-0.11055938154459,0.6213695406913757,0.5787678956985474,-0.1148286983370781,0.6111245155334473,0.5448718667030334,-0.11702486872673035,0.6231881976127625,0.7576271295547485,-0.08706902712583542,0.591249942779541,0.6820977926254272,-0.10870776325464249,0.5750266909599304,0.6381962299346924,-0.11346309632062912,0.5654747486114502,0.602920651435852,-0.11502248048782349
29,right,0.23642060160636902,0.8829783201217651,5.233374054114392e-07,0.18253983557224274,0.7936849594116211,-0.04127262532711029,0.14525482058525085,0.7239944338798523,-0.09327506273984909,0.1417749971151352,0.653890073299408,-0.13189436495304108,0.13874423503875732,0.5800673961639404,-0.1681363880634308,0.1345042586326599,0.7870668768882751,-0.2035617232322693,0.09126276522874832,0.7482312321662903,-0.2890061140060425,0.08721977472305298,0.6866748332977295,-0.32925930619239807,0.08937592059373856,0.636233389377594,-0.35446563363075256,0.17731347680091858,0.8058344125747681,-0.20963476598262787,0.14738242328166962,0.7979919910430908,-0.32154688239097595,0.14729323983192444,0.738564670085907,-0.36973848938941956,0.14947237074375153,0.6837313175201416,-0.40257129073143005,0.23014256358146667,0.8151386976242065,-0.20861636102199554,0.22024451196193695,0.8062050342559814,-0.30808430910110474,0.22521185874938965,0.7441982626914978,-0.34609782695770264,0.23160305619239807,0.6919273734092712,-0.36747637391090393,0.28515276312828064,0.8132325410842896,-0.20461927354335785,0.29751449823379517,0.7859189510345459,-0.28206223249435425,0.31655216217041016,0.7492672801017761,-0.31884294748306274,0.3283469080924988,0.708748996257782,-0.34451162815093994
29,left,0.6845588088035583,0.8654363751411438,5.07359175117017e-07,0.6838008761405945,0.7538861036300659,-0.03782318904995918,0.6958631873130798,0.6764130592346191,-0.08673861622810364,0.696115255355835,0.6217620968818665,-0.12321198731660843,0.6975643038749695,0.5591613054275513,-0.16217797994613647,0.7412795424461365,0.7449164390563965,-0.19458279013633728,0.7749421000480652,0.7053428888320923,-0.2718609571456909,0.7918791174888611,0.6643403768539429,-0.3130674362182617,0.8013240098953247,0.6130399703979492,-0.34458231925964355,0.7167337536811829,0.7866762280464172,-0.2033127248287201,0.7309924960136414,0.747026264667511,-0.29793471097946167,0.7251143455505371,0.7080846428871155,-0.3393133282661438,0.7113609313964844,0.6556698679924011,-0.3736661672592163,0.6797133684158325,0.8198248147964478,-0.20630550384521484,0.6864202618598938,0.7849060297012329,-0.29297730326652527,0.6841613054275513,0.7359071373939514,-0.3320178985595703,0.6742842793464661,0.6799940466880798,-0.36065030097961426,0.6381011605262756,0.842168927192688,-0.20609675347805023,0.6280258297920227,0.8210818767547607,-0.28268393874168396,0.6187496781349182,0.7887138724327087,-0.3279552161693573,0.6072454452514648,0.7430235147476196,-0.36461496353149414
30,right,0.24868714809417725,0.9049075841903687,6.060606096980337e-07,0.21499696373939514,0.7960597276687622,-0.03382090851664543,0.17703378200531006,0.7043519020080566,-0.06328802555799484,0.16110092401504517,0.6378762722015381,-0.08635196834802628,0.14153537154197693,0.5726275444030762,-0.10786954313516617,0.15280623733997345,0.8028360605239868,-0.11284178495407104,0.10196975618600845,0.7957210540771484,-0.16170963644981384,0.09918633848428726,0.7402628064155579,-0.19110630452632904,0.10460712760686874,0.6870611906051636,-0.21045731008052826,0.18698784708976746,0.8407444357872009,-0.1171407550573349,0.15795721113681793,0.8474181890487671,-0.1748366504907608,0.16127854585647583,0.7761015295982361,-0.20515435934066772,0.17047788202762604,0.7193684577941895,-0.227108895778656,0.23382093012332916,0.8624941110610962,-0.11964844167232513,0.2305450290441513,0.8450371623039246,-0.1772344559431076,0.23781391978263855,0.7741891145706177,-0.2054477483034134,0.24439382553100586,0.7243406176567078,-0.22177927196025848,0.2844027876853943,0.8656520843505859,-0.12234563380479813,0.30264461040496826,0.8203989863395691,-0.17331267893314362,0.3214835524559021,0.7692807912826538,-0.19740283489227295,0.33324357867240906,0.7274754643440247,-0.21245597302913666
30,left,0.6752185821533203,0.8825905323028564,6.35716332908487e-08,0.6723600029945374,0.7797262668609619,-0.031081706285476685,0.6818382740020752,0.6919617652893066,-0.05044533684849739,0.684261679649353,0.6216320991516113,-0.06587357819080353,0.6805453300476074,0.5572054982185364,-0.08150424808263779,0.7291974425315857,0.7900142073631287,-0.07257480174303055,0.7493107914924622,0.7600421905517578,-0.11083012819290161,0.746714174747467,0.7205072045326233,-0.13312725722789764,0.7376907467842102,0.677609384059906,-0.1482183337211609,0.7176340222358704,0.8289005756378174,-0.07545209676027298,0.7321425676345825,0.8089724779129028,-0.1180499717593193,0.7252506613731384,0.7582288384437561,-0.1390763819217682,0.7115359902381897,0.7095551490783691,-0.15616440773010254,0.6962614059448242,0.8535054922103882,-0.08041384071111679,0.6939970254898071,0.8343706727027893,-0.12699420750141144,0.67951500415802,0.7933686375617981,-0.14781276881694794,0.6622267961502075,0.7514797449111938,-0.1589851677417755,0.6649720668792725,0.8616744875907898,-0.08593776822090149,0.6597272157669067,0.8297903537750244,-0.12460818141698837,0.6453041434288025,0.7906606197357178,-0.14286518096923828,0.628361701965332,0.7535088062286377,-0.15553496778011322
31,right,0.21717698872089386,0.7573262453079224,5.582248832070036e-07,0.1871900111436844,0.7038232684135437,-0.053370289504528046,0.1829608678817749,0.6505401730537415,-0.10473157465457916,0.1878630369901657,0.5968630313873291,-0.14325876533985138,0.17728972434997559,0.5541488528251648,-0.18094420433044434,0.13560916483402252,0.7707394361495972,-0.178093820810318,0.1291918158531189,0.7104461193084717,-0.2406417280435562,0.15674957633018494,0.6524413228034973,-0.2655337452888489,0.18018841743469238,0.6074292659759521,-0.27882587909698486,0.18033075332641602,0.8054463267326355,-0.17485804855823517,0.17818991839885712,0.7451245784759521,-0.24181556701660156,0.20444728434085846,0.6702882051467896,-0.2531943619251251,0.21910429000854492,0.6166536808013916,-0.2612161636352539,0.2324201464653015,0.8172550797462463,-0.17011383175849915,0.23820388317108154,0.7643525004386902,-0.22782622277736664,0.2586277425289154,0.6915477514266968,-0.23437060415744781,0.2677984833717346,0.6325127482414246,-0.23674216866493225,0.2848626971244812,0.8124018907546997,-0.167448028922081,0.29530835151672363,0.7644525170326233,-0.2092408984899521,0.305382639169693,0.708899736404419,-0.22220511734485626,0.3095872402191162,0.6587468385696411,-0.23234954476356506
31,left,0.685126781463623,0.878747820854187,4.449547361673467e-07,0.7138639688491821,0.8030520677566528,-0.03532484918832779,0.7264342308044434,0.7205352187156677,-0.07100962847471237,0.7041306495666504,0.6620507836341858,-0.09696834534406662,0.6757575869560242,0.6231869459152222,-0.12607543170452118,0.7639787197113037,0.7715506553649902,-0.13686516880989075,0.7734402418136597,0.7011494636535645,-0.1831396073102951,0.7597222924232483,0.6507709622383118,-0.2041013091802597,0.742211639881134,0.6050875186920166,-0.21719522774219513,0.7307137250900269,0.803000271320343,-0.1366167813539505,0.7120447754859924,0.7094688415527344,-0.18692980706691742,0.6835992336273193,0.6283788681030273,-0.20545409619808197,0.6571604013442993,0.5654515027999878,-0.22034218907356262,0.6879472136497498,0.8254736661911011,-0.13219888508319855,0.6612781882286072,0.7401298880577087,-0.17502246797084808,0.6486588716506958,0.6944006085395813,-0.18183642625808716,0.6402994990348816,0.667296826839447,-0.18436606228351593,0.6383576393127441,0.8381571769714355,-0.12763850390911102,0.6109075546264648,0.7713193893432617,-0.16021676361560822,0.6015453934669495,0.7220742106437683,-0.1690337061882019,0.5979066491127014,0.682385265827179,-0.17525959014892578
32,right,0.23482850193977356,0.8427382111549377,3.999811610810866e-07,0.19613684713840485,0.7725608348846436,-0.01838342472910881,0.19255602359771729,0.6682407259941101,-0.04094112664461136,0.21952977776527405,0.5790652632713318,-0.05816492810845375,0.2527599632740021,0.5261147022247314,-0.07335375249385834,0.15632830560207367,0.7469805479049683,-0.08867567777633667,0.15186503529548645,0.6595420241355896,-0.1257467418909073,0.1807766854763031,0.6061758399009705,-0.14006517827510834,0.2111843079328537,0.5728567242622375,-0.1452220231294632,0.195243701338768,0.7795208692550659,-0.09383424371480942,0.21018745005130768,0.66675865650177,-0.1299418807029724,0.2347891479730606,0.5974670648574829,-0.13384513556957245,0.25308504700660706,0.5600863695144653,-0.13491305708885193,0.24177135527133942,0.7950676679611206,-0.09773220121860504,0.261459082365036,0.6815290451049805,-0.1263437122106552,0.2750471830368042,0.617755115032196,-0.12487533688545227,0.2770945727825165,0.5815451145172119,-0.12058870494365692,0.2873576283454895,0.7940945625305176,-0.10215245932340622,0.30396151542663574,0.6915974020957947,-0.11856565624475479,0.30791258811950684,0.6311842799186707,-0.11817421019077301,0.30430155992507935,0.5891772508621216,-0.11675873398780823
32,left,0.6715494394302368,0.8438984155654907,1.5112274809325754e-07,0.7097156643867493,0.779951274394989,-0.005422706250101328,0.7181684970855713,0.7013818621635437,-0.02069956064224243,0.6960538625717163,0.6412739157676697,-0.0325208343565464,0.6647038459777832,0.6072973608970642,-0.04638662189245224,0.737708330154419,0.7245044708251953,-0.06986550986766815,0.7237831354141235,0.618812084197998,-0.09576604515314102,0.6947587132453918,0.5684577822685242,-0.10366740077733994,0.6679255366325378,0.5407328009605408,-0.10438230633735657,0.7057424187660217,0.7428532838821411,-0.07462209463119507,0.6809681057929993,0.6242228150367737,-0.09707426279783249,0.6466073393821716,0.5641007423400879,-0.0978284701704979,0.618998110294342,0.5350082516670227,-0.09695478528738022,0.6648678183555603,0.7525213360786438,-0.07597217708826065,0.6401343941688538,0.6359094977378845,-0.08961285650730133,0.6199677586555481,0.5818172693252563,-0.08541370183229446,0.6056194305419922,0.5556317567825317,-0.08120625466108322,0.6205812692642212,0.7545599937438965,-0.0761059895157814,0.5994780659675598,0.6617766618728638,-0.0845060646533966,0.590424120426178,0.6092808842658997,-0.08165479451417923,0.5843501687049866,0.5732172727584839,-0.07834484428167343
33,right,0.2524425983428955,0.8075537085533142,6.832528924860526e-07,0.2095491588115692,0.7540111541748047,-0.007428321987390518,0.1939275860786438,0.6832958459854126,-0.03118240274488926,0.211616650223732,0.6181772351264954,-0.05297136306762695,0.23750613629817963,0.5745580792427063,-0.07405102998018265,0.17378005385398865,0.6979493498802185,-0.07788127660751343,0.19283996522426605,0.5819542407989502,-0.1081940159201622,0.22623096406459808,0.534400463104248,-0.11772386729717255,0.2523643374443054,0.5187416076660156,-0.11957795172929764,0.2133590281009674,0.7211465239524841,-0.08760105818510056,0.24085095524787903,0.5892636775970459,-0.11693473160266876,0.26944810152053833,0.5356138944625854,-0.11622235178947449,0.2906119227409363,0.5165638327598572,-0.11274083703756332,0.25748834013938904,0.7327066659927368,-0.09449804574251175,0.2847737669944763,0.6111255288124084,-0.11079609394073486,0.29999589920043945,0.5572201609611511,-0.10186322778463364,0.30934712290763855,0.5350580811500549,-0.09408970177173615,0.29985129833221436,0.7324835062026978,-0.10156033933162689,0.31736594438552856,0.638758659362793,-0.10715445876121521,0.32267093658447266,0.5943832993507385,-0.09799723327159882,0.3258092701435089,0.5674542784690857,-0.09016960859298706
33,left,0.6499840021133423,0.7790388464927673,3.941744353141985e-08,0.6880351901054382,0.7156331539154053,0.0066773840226233006,0.6979687213897705,0.6399846076965332,-0.00405661528930068,0.6775239706039429,0.5770930647850037,-0.013421978801488876,0.6502149105072021,0.5393110513687134,-0.02465219423174858,0.7068827152252197,0.6522070169448853,-0.05006849020719528,0.6729902625083923,0.5367161631584167,-0.06300313770771027,0.6455568671226501,0.5049936175346375,-0.06060584634542465,0.6287686228752136,0.5057632327079773,-0.055340517312288284,0.6672509908676147,0.6735883355140686,-0.058471549302339554,0.6359959244728088,0.5463294386863708,-0.06838822364807129,0.6146389245986938,0.5079362988471985,-0.05913042277097702,0.6018045544624329,0.5071679353713989,-0.05211448669433594,0.6269528269767761,0.6845922470092773,-0.06302094459533691,0.6033505201339722,0.5651350021362305,-0.06845860183238983,0.5892543792724609,0.5226070880889893,-0.05681224167346954,0.5804380774497986,0.5138554573059082,-0.04855867102742195,0.5902816653251648,0.6893905401229858,-0.06538695096969604,0.5810170769691467,0.5929087996482849,-0.07001287490129471,0.5765027403831482,0.5529314279556274,-0.06264059990644455,0.572050929069519,0.5348272323608398,-0.0558633916079998
34,right,0.26116445660591125,0.7782842516899109,5.455956966216036e-07,0.2216966152191162,0.7206885814666748,-0.002755590947344899,0.21053820848464966,0.6437658667564392,-0.02097732201218605,0.22963933646678925,0.5747942924499512,-0.03776479884982109,0.2551734745502472,0.5311924815177917,-0.05315802991390228,0.19456204771995544,0.6550081968307495,-0.0639125406742096,0.22087058424949646,0.5340570211410522,-0.08838340640068054,0.2535834014415741,0.4955328106880188,-0.09187061339616776,0.276246577501297,0.4899085760116577,-0.08807485550642014,0.23415569961071014,0.6754270195960999,-0.07222424447536469,0.26640015840530396,0.5435981750488281,-0.09430479258298874,0.2909489870071411,0.5060161352157593,-0.08625475317239761,0.30434003472328186,0.5040356516838074,-0.07593029737472534,0.27657806873321533,0.688550591468811,-0.07780992984771729,0.30740922689437866,0.5679773688316345,-0.08808296173810959,0.31957337260246277,0.5250306129455566,-0.07254768908023834,0.32296526432037354,0.5155044198036194,-0.058899760246276855,0.31679487228393555,0.6939855813980103,-0.0832960307598114,0.3349837362766266,0.6030523777008057,-0.0844673365354538,0.3405380845069885,0.5612671971321106,-0.07140032202005386,0.34180453419685364,0.5394612550735474,-0.05929384008049965
34,left,0.6443660259246826,0.7422566413879395,1.4533930503546344e-08,0.6759259700775146,0.6780174970626831,0.007977820001542568,0.680820882320404,0.6022470593452454,-0.001573954476043582,0.6531499624252319,0.5437912940979004,-0.010671662166714668,0.6230359077453613,0.5148409605026245,-0.021492857486009598,0.6908665895462036,0.6054714322090149,-0.04271456226706505,0.6516985893249512,0.493198424577713,-0.055953435599803925,0.6249117851257324,0.47545185685157776,-0.05577175319194794,0.6133595705032349,0.4846819043159485,-0.05223400145769119,0.6513324975967407,0.6263114213943481,-0.052383024245500565,0.6181310415267944,0.5023137331008911,-0.06332078576087952,0.5978668332099915,0.47792989015579224,-0.057195037603378296,0.5897095203399658,0.4837496280670166,-0.051958851516246796,0.612139880657196,0.6406508684158325,-0.05855554714798927,0.5883922576904297,0.520913302898407,-0.06489589810371399,0.5750961303710938,0.4906714856624603,-0.05590539425611496,0.5693267583847046,0.4874216318130493,-0.049422603100538254,0.5774586200714111,0.6517884135246277,-0.06246181204915047,0.5683560371398926,0.558076798915863,-0.06617471575737,0.5656188130378723,0.5285180807113647,-0.05860874429345131,0.5633507966995239,0.5167691707611084,-0.052295487374067307
35,right,0.26604586839675903,0.7600209712982178,4.918291551803122e-07,0.2278156578540802,0.6998990774154663,-0.0025983944069594145,0.21985143423080444,0.6223174333572388,-0.020745236426591873,0.23902565240859985,0.5542080402374268,-0.0362219363451004,0.2589888572692871,0.5087483525276184,-0.04958733916282654,0.20520371198654175,0.6344914436340332,-0.07299371808767319,0.2337529957294464,0.512303352355957,-0.09559229016304016,0.2652346193790436,0.4771099388599396,-0.09201350808143616,0.28512632846832275,0.4789124131202698,-0.08171805739402771,0.24470862746238708,0.654579758644104,-0.07906235009431839,0.2789038419723511,0.5194640159606934,-0.09815914928913116,0.3006649613380432,0.48607492446899414,-0.0831020176410675,0.3104458153247833,0.48940855264663696,-0.06723731756210327,0.2862723469734192,0.6668171882629395,-0.08150612562894821,0.3169437348842621,0.5419343709945679,-0.08922390639781952,0.32836127281188965,0.5038727521896362,-0.06707949936389923,0.3296734392642975,0.5005978345870972,-0.048874083906412125,0.32389938831329346,0.6729479432106018,-0.08369874209165573,0.34222787618637085,0.5774701833724976,-0.08440745621919632,0.3469272255897522,0.5387296080589294,-0.06887174397706985,0.3466626703739166,0.522060751914978,-0.0541764497756958
35,left,0.6389970779418945,0.7350649237632751,1.6839368788268416e-09,0.6702846884727478,0.6718127727508545,0.005338974762707949,0.6762516498565674,0.5937286019325256,-0.003314928151667118,0.6469742059707642,0.5356547236442566,-0.010804901830852032,0.6149488687515259,0.5057730078697205,-0.01942584104835987,0.684349536895752,0.5908210873603821,-0.04163646325469017,0.6431215405464172,0.48187848925590515,-0.055260274559259415,0.6168555021286011,0.46284133195877075,-0.05544391646981239,0.6044910550117493,0.4692118763923645,-0.051586516201496124,0.6450739502906799,0.6113446950912476,-0.049148429185152054,0.6117553114891052,0.49095025658607483,-0.05967279523611069,0.5924500226974487,0.4660990536212921,-0.052768364548683167,0.5847957730293274,0.47035372257232666,-0.046206530183553696,0.6064413189888,0.6260310411453247,-0.053644176572561264,0.5810800194740295,0.5080596804618835,-0.05846753343939781,0.5693618655204773,0.4813922643661499,-0.04701443389058113,0.5662573575973511,0.47882241010665894,-0.03844759613275528,0.5725493431091309,0.6379651427268982,-0.05654361844062805,0.5625358819961548,0.5438729524612427,-0.058296214789152145,0.5614563226699829,0.5161834955215454,-0.04865095391869545,0.5624408721923828,0.5044367909431458,-0.04058359935879707
36,right,0.2678997218608856,0.7588207125663757,4.6297336098177766e-07,0.22961461544036865,0.6979303359985352,0.0015476398402824998,0.21593374013900757,0.6220681071281433,-0.013926507905125618,0.23048625886440277,0.5544557571411133,-0.027412762865424156,0.2503911256790161,0.5083897113800049,-0.03861602023243904,0.20444682240486145,0.6335232257843018,-0.06692219525575638,0.2291412502527237,0.5102503299713135,-0.08880219608545303,0.2591541111469269,0.4723808169364929,-0.08575954288244247,0.2795132100582123,0.4716581106185913,-0.0756249874830246,0.24405598640441895,0.6525173783302307,-0.07447498291730881,0.27529391646385193,0.5149029493331909,-0.09439380466938019,0.2976672649383545,0.4763813614845276,-0.08086568117141724,0.3086012601852417,0.47890251874923706,-0.0646718293428421,0.28573042154312134,0.6640194654464722,-0.07789469510316849,0.3140248954296112,0.5333979725837708,-0.08488945662975311,0.3249816298484802,0.49332284927368164,-0.06181345507502556,0.32475683093070984,0.4900253415107727,-0.041832614690065384,0.323920875787735,0.6699873208999634,-0.08081255108118057,0.3404808044433594,0.5710963010787964,-0.08046014606952667,0.3443472981452942,0.530824601650238,-0.06342814117670059,0.3432124853134155,0.5140805244445801,-0.046642303466796875
36,left,0.6379254460334778,0.7388615608215332,5.542128089786047e-09,0.67033851146698,0.6724544167518616,0.0068968115374445915,0.6761118769645691,0.5945950150489807,-0.0017268131487071514,0.6495007872581482,0.535885214805603,-0.009318506345152855,0.6191732883453369,0.504023551940918,-0.017786141484975815,0.683681309223175,0.5931310653686523,-0.04323172941803932,0.6449000835418701,0.4800369143486023,-0.05657310038805008,0.619217038154602,0.45872488617897034,-0.05512120947241783,0.6070231795310974,0.466569185256958,-0.049874529242515564,0.6453754901885986,0.6150853037834167,-0.05150813236832619,0.6110177636146545,0.49157723784446716,-0.06194528564810753,0.5926424264907837,0.46449416875839233,-0.05436423793435097,0.5856910943984985,0.46655553579330444,-0.04750363528728485,0.6067860722541809,0.6308693885803223,-0.05652661621570587,0.5807629823684692,0.5134237408638,-0.06040482595562935,0.5677513480186462,0.48065564036369324,-0.04908876493573189,0.5631852746009827,0.4717215895652771,-0.041262123733758926,0.5727912783622742,0.6430721282958984,-0.05977451801300049,0.5605667233467102,0.5509182214736938,-0.060530513525009155,0.5574933290481567,0.5156383514404297,-0.051696840673685074,0.556378185749054,0.49482429027557373,-0.044832006096839905
