1,right,0,0,0,0,0,0,0,0,0,0,0,0,0,0,0,0,0,0,0,0,0,0,0,0,0,0,0,0,0,0,0,0,0,0,0,0,0,0,0,0,0,0,0,0,0,0,0,0,0,0,0,0,0,0,0,0,0,0,0,0,0,0,0
1,left,0,0,0,0,0,0,0,0,0,0,0,0,0,0,0,0,0,0,0,0,0,0,0,0,0,0,0,0,0,0,0,0,0,0,0,0,0,0,0,0,0,0,0,0,0,0,0,0,0,0,0,0,0,0,0,0,0,0,0,0,0,0,0
2,right,0,0,0,0,0,0,0,0,0,0,0,0,0,0,0,0,0,0,0,0,0,0,0,0,0,0,0,0,0,0,0,0,0,0,0,0,0,0,0,0,0,0,0,0,0,0,0,0,0,0,0,0,0,0,0,0,0,0,0,0,0,0,0
2,left,0,0,0,0,0,0,0,0,0,0,0,0,0,0,0,0,0,0,0,0,0,0,0,0,0,0,0,0,0,0,0,0,0,0,0,0,0,0,0,0,0,0,0,0,0,0,0,0,0,0,0,0,0,0,0,0,0,0,0,0,0,0,0
3,right,0,0,0,0,0,0,0,0,0,0,0,0,0,0,0,0,0,0,0,0,0,0,0,0,0,0,0,0,0,0,0,0,0,0,0,0,0,0,0,0,0,0,0,0,0,0,0,0,0,0,0,0,0,0,0,0,0,0,0,0,0,0,0
3,left,0,0,0,0,0,0,0,0,0,0,0,0,0,0,0,0,0,0,0,0,0,0,0,0,0,0,0,0,0,0,0,0,0,0,0,0,0,0,0,0,0,0,0,0,0,0,0,0,0,0,0,0,0,0,0,0,0,0,0,0,0,0,0
4,right,0.22470073401927948,0.852977454662323,3.206261283139611e-07,0.19152498245239258,0.7788090109825134,0.0015610784757882357,0.18081890046596527,0.704831600189209,-0.013103930279612541,0.19969582557678223,0.6449794769287109,-0.027989976108074188,0.22495664656162262,0.6059770584106445,-0.04113055020570755,0.1551148146390915,0.7069845795631409,-0.04986882954835892,0.19002124667167664,0.5952547788619995,-0.0716865062713623,0.22326049208641052,0.5591299533843994,-0.07470064610242844,0.24682874977588654,0.5479992628097534,-0.07223471999168396,0.1884135901927948,0.7328898906707764,-0.060588013380765915,0.22657521069049835,0.6107578277587891,-0.08116304874420166,0.25756534934043884,0.5699347853660583,-0.07764487713575363,0.2763124108314514,0.5563900470733643,-0.07253703474998474,0.22875678539276123,0.7520869374275208,-0.06907157599925995,0.26193103194236755,0.6358497738838196,-0.08066447824239731,0.2858773469924927,0.5885871648788452,-0.07224828004837036,0.2976720333099365,0.564100444316864,-0.0651920884847641,0.27186283469200134,0.7649016380310059,-0.07709277421236038,0.29580578207969666,0.670598566532135,-0.08078030496835709,0.3089379370212555,0.6266375780105591,-0.07284584641456604,0.3146343231201172,0.5973209142684937,-0.06605535000562668
4,left,0.6477792859077454,0.7800092101097107,-2.718842573301572e-08,0.6686434745788574,0.7173328995704651,-0.0038093074690550566,0.6649315357208252,0.6435989141464233,-0.021373150870203972,0.6323943138122559,0.5968504548072815,-0.03677922487258911,0.6009315252304077,0.570741593837738,-0.0543045848608017,0.6910590529441833,0.6527578234672546,-0.06805083900690079,0.6333552002906799,0.5574730038642883,-0.0921718031167984,0.5985465049743652,0.5375878810882568,-0.09908125549554825,0.5825953483581543,0.5418780446052551,-0.10021719336509705,0.665978193283081,0.6896812319755554,-0.07669184356927872,0.609955370426178,0.5869553089141846,-0.09772885590791702,0.5788624286651611,0.5560034513473511,-0.09767856448888779,0.5647960305213928,0.552575409412384,-0.0978434830904007,0.6332166790962219,0.71869957447052,-0.0828138217329979,0.5842767953872681,0.6162924766540527,-0.0979742631316185,0.5576135516166687,0.5809826850891113,-0.0950588583946228,0.5440703630447388,0.5706966519355774,-0.09345968067646027,0.5965173244476318,0.7362880110740662,-0.08760170638561249,0.5619645714759827,0.651625394821167,-0.10051983594894409,0.5442528128623962,0.6099796295166016,-0.10093282908201218,0.5315432548522949,0.5859150886535645,-0.10127085447311401
5,right,0.2419188767671585,0.8103203773498535,4.88961575229041e-07,0.2083536982536316,0.7419692277908325,0.004017526749521494,0.20181472599506378,0.6681933999061584,-0.012769531458616257,0.2224774807691574,0.605635941028595,-0.03037228249013424,0.24744844436645508,0.5645405650138855,-0.04656319320201874,0.1809825897216797,0.6642273664474487,-0.0574570894241333,0.214894101023674,0.5484470725059509,-0.08410262316465378,0.24978291988372803,0.5196473002433777,-0.08745700865983963,0.27108585834503174,0.5220467448234558,-0.08197981119155884,0.21315898001194,0.6885496377944946,-0.06917963176965714,0.2550874948501587,0.56331866979599,-0.09053061157464981,0.2846747040748596,0.5332819223403931,-0.07937607169151306,0.2997021973133087,0.5347326993942261,-0.0659332275390625,0.25237730145454407,0.7073654532432556,-0.07833538949489594,0.2906034588813782,0.5923112630844116,-0.0886719599366188,0.31059733033180237,0.554664134979248,-0.06853341311216354,0.3193720877170563,0.5475280284881592,-0.05080929026007652,0.29289689660072327,0.7197403907775879,-0.08713752776384354,0.31867438554763794,0.6284534931182861,-0.0876370519399643,0.3291158080101013,0.5922629833221436,-0.07121340930461884,0.3339367210865021,0.5758700966835022,-0.055572956800460815
5,left,0.6348428130149841,0.738304078578949,-3.3265642684909835e-08,0.6621427536010742,0.6786274909973145,-0.0016440500039607286,0.6627085208892822,0.5949064493179321,-0.015059808269143105,0.6380723714828491,0.5310529470443726,-0.025885198265314102,0.6093296408653259,0.49693766236305237,-0.038479890674352646,0.6855326890945435,0.609025239944458,-0.05853133276104927,0.6393764019012451,0.5132730007171631,-0.07462192326784134,0.606847882270813,0.48968371748924255,-0.07466591894626617,0.5904208421707153,0.49296554923057556,-0.07184763252735138,0.6531247496604919,0.6364237070083618,-0.06497359275817871,0.6075533032417297,0.5246496796607971,-0.07787351310253143,0.5800344347953796,0.4979301989078522,-0.07128583639860153,0.5676423907279968,0.5018495321273804,-0.06684889644384384,0.6176076531410217,0.6554000973701477,-0.06832944601774216,0.5797041058540344,0.5476923584938049,-0.07844216376543045,0.5582250356674194,0.5173777937889099,-0.07031919807195663,0.5475329756736755,0.516927182674408,-0.0645555630326271,0.5820292830467224,0.6675699353218079,-0.07012059539556503,0.5592992305755615,0.5801739692687988,-0.07970447838306427,0.5467434525489807,0.5464286208152771,-0.07663567364215851,0.5377570986747742,0.5329121351242065,-0.07334937900304794
6,right,0.25190532207489014,0.8115756511688232,4.0779082155495416e-07,0.21804513037204742,0.7436228394508362,-0.0004959423677064478,0.2112923115491867,0.6703676581382751,-0.0201107244938612,0.23507563769817352,0.6110234260559082,-0.03931156545877457,0.2613576352596283,0.5725120902061462,-0.05699470266699791,0.19444343447685242,0.671930193901062,-0.06761938333511353,0.22734326124191284,0.5529831051826477,-0.09586558490991592,0.2637200653553009,0.524071991443634,-0.09864823520183563,0.2866763770580292,0.5327188968658447,-0.09240197390317917,0.22826044261455536,0.6964367628097534,-0.07738501578569412,0.2701452374458313,0.5695945620536804,-0.09950518608093262,0.2965928316116333,0.542414128780365,-0.08743174374103546,0.30794060230255127,0.5502718687057495,-0.07356083393096924,0.2678757309913635,0.7146688103675842,-0.08449382334947586,0.3066893219947815,0.598336935043335,-0.09574458748102188,0.3229374289512634,0.5631541013717651,-0.07549791038036346,0.32660216093063354,0.5609205365180969,-0.05797448381781578,0.30651819705963135,0.7260255813598633,-0.09138869494199753,0.33115774393081665,0.6359933614730835,-0.09431705623865128,0.3388478457927704,0.5994337797164917,-0.07906282693147659,0.3399154543876648,0.58318030834198,-0.06420404464006424
6,left,0.6313769817352295,0.7462731599807739,-1.39070408522457e-07,0.6585167050361633,0.6859687566757202,0.004173411522060633,0.6591715812683105,0.6128415465354919,-0.007479053921997547,0.6326771974563599,0.5568060874938965,-0.018168050795793533,0.6032997965812683,0.5264068245887756,-0.03066103719174862,0.6796806454658508,0.6161161065101624,-0.049377117305994034,0.6349102854728699,0.5169407725334167,-0.06583528965711594,0.603868842124939,0.49520760774612427,-0.0675206407904625,0.5873770713806152,0.4990229904651642,-0.06530530750751495,0.6481668949127197,0.6405913233757019,-0.058635689318180084,0.6062230467796326,0.5273147821426392,-0.07278453558683395,0.5792638063430786,0.5002004504203796,-0.06862135231494904,0.5663551092147827,0.5018765926361084,-0.06493591517210007,0.6125900149345398,0.6579543352127075,-0.06454896926879883,0.5784145593643188,0.5496585965156555,-0.07463177293539047,0.5569207072257996,0.5194653272628784,-0.06725893914699554,0.5464973449707031,0.5163888335227966,-0.06151716038584709,0.5775809288024902,0.6707869172096252,-0.06850425899028778,0.5560861825942993,0.581340491771698,-0.07589762657880783,0.5444538593292236,0.549592137336731,-0.07038339227437973,0.5371799468994141,0.536470353603363,-0.06525800377130508
7,right,0.25112655758857727,0.8133862018585205,4.229029570979037e-07,0.21736115217208862,0.7483466267585754,-0.0006236519548110664,0.20799043774604797,0.6729304194450378,-0.018138902261853218,0.22864243388175964,0.6116034388542175,-0.03508705645799637,0.2518932521343231,0.57127845287323,-0.050400786101818085,0.19250425696372986,0.6755208969116211,-0.06286497414112091,0.22347047924995422,0.5561365485191345,-0.08941611647605896,0.2579777240753174,0.5251963138580322,-0.09199762344360352,0.2803182303905487,0.5305829048156738,-0.08548274636268616,0.22698447108268738,0.7005306482315063,-0.07166796177625656,0.26671329140663147,0.573168158531189,-0.09245007485151291,0.29269832372665405,0.5423164963722229,-0.08020826429128647,0.30341795086860657,0.5481250882148743,-0.06565249711275101,0.2668488025665283,0.7190435528755188,-0.07801695168018341,0.3025038242340088,0.5986579656600952,-0.08885744959115982,0.31943219900131226,0.5609784722328186,-0.06837521493434906,0.32310301065444946,0.5579534769058228,-0.049696702510118484,0.30535799264907837,0.730189323425293,-0.08411288261413574,0.32782959938049316,0.633030116558075,-0.08713583648204803,0.3367222845554352,0.5962709784507751,-0.07127393782138824,0.33875954151153564,0.5824370384216309,-0.05513078719377518
7,left,0.6278552412986755,0.7501838803291321,-1.6095938804028265e-07,0.6546045541763306,0.6905159950256348,0.004551274236291647,0.6565191149711609,0.6182636618614197,-0.006891144905239344,0.6297656893730164,0.5632551908493042,-0.01777835190296173,0.6002564430236816,0.533693253993988,-0.030525142326951027,0.6780357360839844,0.6220674514770508,-0.048060961067676544,0.6348735690116882,0.5171411633491516,-0.06689000129699707,0.6020553708076477,0.497028648853302,-0.07081211358308792,0.5857346653938293,0.5030159950256348,-0.06996598094701767,0.6474847197532654,0.6471947431564331,-0.05798298865556717,0.606609582901001,0.5328713655471802,-0.07503039389848709,0.5780938267707825,0.5065256357192993,-0.0731133222579956,0.5643326044082642,0.5078920125961304,-0.07071976363658905,0.6118478178977966,0.664948046207428,-0.06496884673833847,0.5794947743415833,0.5573952794075012,-0.07706456631422043,0.5573997497558594,0.5268052220344543,-0.0716588944196701,0.5462349057197571,0.5205262899398804,-0.06707882136106491,0.5763553977012634,0.6763630509376526,-0.06998129189014435,0.5556949377059937,0.5873005986213684,-0.0784825012087822,0.5440765023231506,0.5488060116767883,-0.07506221532821655,0.5367405414581299,0.5254393815994263,-0.0717947855591774
8,right,0.23996601998806,0.8110824823379517,6.469502977779484e-07,0.21579761803150177,0.7347491979598999,-0.012521985918283463,0.21324925124645233,0.645902156829834,-0.03354113548994064,0.23351453244686127,0.5729072093963623,-0.05120557174086571,0.2582307457923889,0.5200755596160889,-0.06678096950054169,0.17711228132247925,0.671961784362793,-0.08313637226819992,0.1644989401102066,0.5810596346855164,-0.12119320780038834,0.19430705904960632,0.5232139825820923,-0.14048224687576294,0.22634334862232208,0.48941802978515625,-0.14992934465408325,0.20415779948234558,0.7072531580924988,-0.09226035326719284,0.21177887916564941,0.6130123734474182,-0.13202185928821564,0.23777927458286285,0.5430888533592224,-0.14377807080745697,0.25917333364486694,0.5027953386306763,-0.14961537718772888,0.244987353682518,0.7306293249130249,-0.09928057342767715,0.26761093735694885,0.641351580619812,-0.12990760803222656,0.28975164890289307,0.5748326182365417,-0.13480797410011292,0.30329734086990356,0.5331867933273315,-0.13509556651115417,0.291482150554657,0.7424214482307434,-0.1064780056476593,0.32436251640319824,0.659296989440918,-0.12592965364456177,0.33949020504951477,0.606121838092804,-0.12858998775482178,0.350225031375885,0.5645968914031982,-0.12841665744781494
8,left,0.635921061038971,0.7413467168807983,3.798628966933393e-08,0.6522136330604553,0.6782761812210083,-0.001949275261722505,0.6527147889137268,0.6058915257453918,-0.01593601703643799,0.6324135065078735,0.5476586818695068,-0.0285514947026968,0.6146637201309204,0.5070225596427917,-0.04349001124501228,0.6733028888702393,0.602449893951416,-0.058422960340976715,0.6699546575546265,0.5097633004188538,-0.08730798959732056,0.6446312665939331,0.45610928535461426,-0.10206696391105652,0.6206722855567932,0.42496258020401,-0.10993778705596924,0.6507546305656433,0.6335481405258179,-0.06962544471025467,0.6333404779434204,0.5380857586860657,-0.0988275483250618,0.5992668271064758,0.4787912368774414,-0.109249047935009,0.5728265047073364,0.44510355591773987,-0.11661787331104279,0.6202463507652283,0.664082944393158,-0.07847771793603897,0.5986915230751038,0.5754992961883545,-0.10326661914587021,0.5706835985183716,0.5194952487945557,-0.11106199026107788,0.5512472987174988,0.48550763726234436,-0.11559509485960007,0.5855479836463928,0.6891055703163147,-0.08545209467411041,0.5581960082054138,0.619423508644104,-0.1099233329296112,0.5367848873138428,0.5751263499259949,-0.11906980723142624,0.5203456878662109,0.5396753549575806,-0.12362762540578842
9,right,0.23407594859600067,0.8521190285682678,6.264502303565678e-07,0.20354494452476501,0.7741572856903076,-0.009501481428742409,0.19067639112472534,0.6888422966003418,-0.02773360162973404,0.20594502985477448,0.621313214302063,-0.04198690131306648,0.22732524573802948,0.5753926634788513,-0.05467257276177406,0.16050681471824646,0.7106379866600037,-0.09426327049732208,0.1333131343126297,0.6329536437988281,-0.137442946434021,0.15141737461090088,0.5662338137626648,-0.16045096516609192,0.17394033074378967,0.5174561738967896,-0.1728244423866272,0.18910321593284607,0.7516179084777832,-0.10498788952827454,0.17103929817676544,0.6700683236122131,-0.15471535921096802,0.19188494980335236,0.5845853686332703,-0.17410925030708313,0.21542182564735413,0.5287222862243652,-0.18425261974334717,0.23451004922389984,0.7744123935699463,-0.11203091591596603,0.23693996667861938,0.6924534440040588,-0.15356524288654327,0.25579527020454407,0.6150806546211243,-0.16886071860790253,0.2716645300388336,0.5659515857696533,-0.17429374158382416,0.28436514735221863,0.7814159989356995,-0.11769390106201172,0.3096850514411926,0.7007028460502625,-0.148785799741745,0.32570311427116394,0.643801748752594,-0.16114601492881775,0.3391522765159607,0.5970953702926636,-0.16687320172786713
9,left,0.6448428630828857,0.7750533223152161,7.51434470203094e-08,0.6602016687393188,0.7010986804962158,-0.006564906798303127,0.657819390296936,0.6244686245918274,-0.01852068118751049,0.6406855583190918,0.5646569132804871,-0.028075942769646645,0.6272040009498596,0.5190397500991821,-0.03926592692732811,0.6902517080307007,0.6361188292503357,-0.05786805972456932,0.7045085430145264,0.5504372715950012,-0.08129967749118805,0.6902897357940674,0.4905754029750824,-0.09257087856531143,0.6741505265235901,0.44581013917922974,-0.0999438539147377,0.665921688079834,0.6625447273254395,-0.0661160796880722,0.6578179597854614,0.5769901275634766,-0.08910853415727615,0.6295726299285889,0.5106885433197021,-0.10012383759021759,0.6069195866584778,0.4634488821029663,-0.10985556244850159,0.6342998147010803,0.6931447386741638,-0.07167062163352966,0.6221674084663391,0.6181346774101257,-0.09266771376132965,0.6026093363761902,0.5619232654571533,-0.10387007892131805,0.5889503359794617,0.5182788372039795,-0.11269570142030716,0.597594141960144,0.723844587802887,-0.07579773664474487,0.5681485533714294,0.675693154335022,-0.09998153150081635,0.5460246205329895,0.638330340385437,-0.11155509948730469,0.5300124287605286,0.6038024425506592,-0.11871962249279022
10,right,0.23637893795967102,0.8862412571907043,5.439248980110278e-07,0.2004275619983673,0.7953981161117554,-0.02021479234099388,0.17935442924499512,0.692551851272583,-0.04190826043486595,0.17851519584655762,0.6120315194129944,-0.05831848457455635,0.17579078674316406,0.5534598231315613,-0.07335641980171204,0.15435418486595154,0.7604016661643982,-0.09642509371042252,0.11757341772317886,0.7042554020881653,-0.13769462704658508,0.12650856375694275,0.6394484043121338,-0.16029837727546692,0.1421055793762207,0.584871232509613,-0.1740238219499588,0.1867617815732956,0.8001142144203186,-0.10328103601932526,0.158401221036911,0.754834771156311,-0.14834927022457123,0.16571539640426636,0.6821162700653076,-0.1656944900751114,0.17924800515174866,0.6308287382125854,-0.1774873286485672,0.232318714261055,0.8229564428329468,-0.1083279475569725,0.22657164931297302,0.7571732401847839,-0.15207898616790771,0.2393350452184677,0.6876148581504822,-0.16940513253211975,0.24957409501075745,0.641518235206604,-0.17797917127609253,0.2829799950122833,0.8311480283737183,-0.11279531568288803,0.303460955619812,0.7546759247779846,-0.14999781548976898,0.3195488750934601,0.6998878121376038,-0.16692376136779785,0.33134400844573975,0.6553643345832825,-0.17690789699554443
10,left,0.6395317912101746,0.8170886039733887,9.752611873636852e-08,0.6582812070846558,0.7448001503944397,-0.007735606748610735,0.6537021994590759,0.6759379506111145,-0.021621176972985268,0.631898045539856,0.6236544251441956,-0.03370620310306549,0.6141009330749512,0.583358883857727,-0.04698494076728821,0.6968531012535095,0.6929216384887695,-0.0566868931055069,0.7164404392242432,0.6114530563354492,-0.07939339429140091,0.7084392309188843,0.553679347038269,-0.08969306945800781,0.6983838677406311,0.5079721212387085,-0.09707340598106384,0.666961133480072,0.7186923027038574,-0.06662504374980927,0.6530434489250183,0.6343091130256653,-0.08970414847135544,0.6321505308151245,0.5671554803848267,-0.10204236954450607,0.6154565811157227,0.516281247138977,-0.11266537010669708,0.6313086748123169,0.7489075660705566,-0.07413406670093536,0.6175365447998047,0.6856225728988647,-0.09870126843452454,0.6107912063598633,0.6448734402656555,-0.11164861172437668,0.6053111553192139,0.6093112826347351,-0.12058120220899582,0.5934995412826538,0.7779620289802551,-0.08007640391588211,0.5636719465255737,0.7438884973526001,-0.10570990294218063,0.5449156761169434,0.7175168991088867,-0.11648718267679214,0.5311768651008606,0.6904551982879639,-0.12319781631231308
11,right,0.22523745894432068,0.8701515197753906,2.5314736262771476e-07,0.19828566908836365,0.7847070693969727,-0.024517185986042023,0.17899540066719055,0.6863546967506409,-0.044113002717494965,0.1736041009426117,0.6095247268676758,-0.05778126046061516,0.15743261575698853,0.5527923107147217,-0.0692586898803711,0.1454099714756012,0.7561472654342651,-0.08626288920640945,0.10191912949085236,0.7030460238456726,-0.1273856908082962,0.11526444554328918,0.6462228894233704,-0.1506221741437912,0.13494843244552612,0.6000855565071106,-0.1636168211698532,0.1776224970817566,0.7925676107406616,-0.08896881341934204,0.1504921019077301,0.7483561635017395,-0.13249528408050537,0.16748367249965668,0.6801887154579163,-0.15104125440120697,0.18438103795051575,0.6328467130661011,-0.1628599464893341,0.225954070687294,0.8193414211273193,-0.09110558778047562,0.2158471643924713,0.7691671848297119,-0.13296039402484894,0.2343374639749527,0.7026927471160889,-0.15099741518497467,0.2468593418598175,0.6560255885124207,-0.15932674705982208,0.27868157625198364,0.8298838138580322,-0.09328409284353256,0.2904678285121918,0.7722344994544983,-0.1250833421945572,0.3032892942428589,0.7226179838180542,-0.13955725729465485,0.3122241199016571,0.6785181164741516,-0.14825843274593353
11,left,0.6385616660118103,0.8411874771118164,2.837058410420923e-08,0.638510525226593,0.7447513341903687,-0.01916506327688694,0.6321843266487122,0.6541224122047424,-0.03263303264975548,0.6181713938713074,0.5871655344963074,-0.04278342053294182,0.6048519015312195,0.5323913097381592,-0.052904967218637466,0.6971819996833801,0.714716911315918,-0.053732577711343765,0.725409746170044,0.6588544249534607,-0.07981839776039124,0.7182803750038147,0.6053066253662109,-0.09381946176290512,0.7052552700042725,0.5607138872146606,-0.10385756939649582,0.6766005158424377,0.7489534616470337,-0.05729673057794571,0.6744033694267273,0.6979182362556458,-0.08544640243053436,0.6582435369491577,0.6476258635520935,-0.09945361316204071,0.6447756886482239,0.6060000658035278,-0.11129332333803177,0.6439660787582397,0.7810714244842529,-0.06075386330485344,0.6327367424964905,0.7402390241622925,-0.08923577517271042,0.6166420578956604,0.6986152529716492,-0.10124053806066513,0.6031215190887451,0.6581772565841675,-0.1091063991189003,0.6003178358078003,0.8068687319755554,-0.06426936388015747,0.5771641731262207,0.779384195804596,-0.09110744297504425,0.5583488345146179,0.7526003122329712,-0.10288900136947632,0.5439661741256714,0.7240170836448669,-0.11069521307945251
12,right,0.23112839460372925,0.8611454367637634,6.462257147177297e-07,0.19733941555023193,0.7831316590309143,-0.011862474493682384,0.180911123752594,0.6926776170730591,-0.03582797572016716,0.18583638966083527,0.6135907173156738,-0.05805600434541702,0.19889429211616516,0.5528183579444885,-0.07969271391630173,0.14953187108039856,0.7338074445724487,-0.08380427211523056,0.14118987321853638,0.6478970050811768,-0.12650375068187714,0.16537164151668549,0.5840959548950195,-0.15045249462127686,0.19047583639621735,0.5378932952880859,-0.16440477967262268,0.18233098089694977,0.7666259407997131,-0.09810280054807663,0.18580518662929535,0.6797205209732056,-0.14366140961647034,0.20948974788188934,0.6088095307350159,-0.1573953479528427,0.22974839806556702,0.5627537369728088,-0.1651034653186798,0.2255571484565735,0.7873696088790894,-0.11106450855731964,0.23440703749656677,0.7057103514671326,-0.1495233178138733,0.2530621886253357,0.6387639045715332,-0.15654850006103516,0.2671329081058502,0.5920169949531555,-0.15820154547691345,0.27385735511779785,0.795867383480072,-0.12409503757953644,0.2922878861427307,0.7178462147712708,-0.15037883818149567,0.3048141598701477,0.6617627739906311,-0.15543125569820404,0.31539100408554077,0.6152772307395935,-0.15747639536857605
12,left,0.6402441263198853,0.7992324233055115,1.0938116190573055e-07,0.6588002443313599,0.734170138835907,-0.013759068213403225,0.6702349185943604,0.6563704609870911,-0.028925471007823944,0.6560938954353333,0.5954927802085876,-0.039182186126708984,0.6340292692184448,0.5546707510948181,-0.05159599334001541,0.6947736740112305,0.6762596964836121,-0.07323209941387177,0.7081922292709351,0.592866063117981,-0.10008370876312256,0.6852662563323975,0.5382349491119385,-0.11185804009437561,0.6604975461959839,0.5012482404708862,-0.1180046796798706,0.6723182797431946,0.7105808258056641,-0.07700801640748978,0.671625018119812,0.6297407150268555,-0.10440380871295929,0.6355018615722656,0.5641590356826782,-0.11357396095991135,0.6064919233322144,0.5209605097770691,-0.12115253508090973,0.641302764415741,0.7416561245918274,-0.07843288779258728,0.6343212127685547,0.6702790856361389,-0.10174736380577087,0.6078205108642578,0.608725905418396,-0.11070787161588669,0.5888561010360718,0.5655293464660645,-0.11646084487438202,0.6033653020858765,0.7683435678482056,-0.07890354841947556,0.5822319388389587,0.7065214514732361,-0.1021680235862732,0.5636356472969055,0.6581938862800598,-0.11183619499206543,0.5511261820793152,0.6184501647949219,-0.1174200251698494
13,right,0.2371380627155304,0.8257254362106323,6.293871024354303e-07,0.2087441384792328,0.7491454482078552,-0.009091051295399666,0.20485204458236694,0.6526732444763184,-0.03268946334719658,0.22845757007598877,0.5695241093635559,-0.05461765453219414,0.25726282596588135,0.5138021111488342,-0.07537014037370682,0.16503001749515533,0.6955836415290833,-0.07872350513935089,0.17242664098739624,0.5925328135490417,-0.11237268894910812,0.2064698040485382,0.5446734428405762,-0.12534692883491516,0.23437413573265076,0.5241700410842896,-0.13031111657619476,0.1960686892271042,0.7278518676757812,-0.09033888578414917,0.2189900279045105,0.6112393140792847,-0.12425806373357773,0.24676720798015594,0.5572457313537598,-0.12707528471946716,0.26478374004364014,0.5355380773544312,-0.12691733241081238,0.23649580776691437,0.7474864721298218,-0.0999075323343277,0.2609669268131256,0.6378529071807861,-0.12209392338991165,0.28124547004699707,0.5833796858787537,-0.11588456481695175,0.29319101572036743,0.5587756037712097,-0.10987725108861923,0.2806411683559418,0.7529745697975159,-0.1100122481584549,0.30323827266693115,0.6588957905769348,-0.11996563524007797,0.3120223879814148,0.6080244779586792,-0.11432386934757233,0.31729447841644287,0.5753344297409058,-0.10959544777870178
13,left,0.6401417851448059,0.7539811730384827,-1.3131933940258023e-07,0.6606845259666443,0.692466139793396,-0.00410049594938755,0.6697167158126831,0.6188136339187622,-0.0217422004789114,0.6509615778923035,0.5683143138885498,-0.03618442267179489,0.627076268196106,0.5378164649009705,-0.05240039899945259,0.692604660987854,0.6187629103660583,-0.07479429244995117,0.6787095069885254,0.5197639465332031,-0.10898342728614807,0.6421534419059753,0.48076844215393066,-0.12207809835672379,0.61186283826828,0.46856027841567993,-0.12563279271125793,0.6745147705078125,0.650005578994751,-0.08333636075258255,0.6551263928413391,0.5429051518440247,-0.11707936227321625,0.6101217269897461,0.5045307874679565,-0.11963139474391937,0.5809791088104248,0.49881601333618164,-0.11812267452478409,0.6439468860626221,0.6743067502975464,-0.0896071195602417,0.6228863000869751,0.5759101510047913,-0.11551354825496674,0.5841388702392578,0.5293057560920715,-0.11761865019798279,0.559676468372345,0.5110875964164734,-0.11593568325042725,0.6072896718978882,0.692939281463623,-0.09407396614551544,0.5918620824813843,0.6111211180686951,-0.11382260918617249,0.5716175436973572,0.5679842829704285,-0.1182648167014122,0.5560852289199829,0.5423648953437805,-0.11938177049160004
14,right,0.24245859682559967,0.8145952820777893,4.802679995918879e-07,0.20652145147323608,0.749222993850708,-0.0013632699847221375,0.20087604224681854,0.6724015474319458,-0.021359015256166458,0.22702455520629883,0.6080802083015442,-0.041248299181461334,0.25754985213279724,0.5682804584503174,-0.05955178663134575,0.17782247066497803,0.6790188550949097,-0.06564559787511826,0.21088385581970215,0.5619813203811646,-0.09687093645334244,0.24687381088733673,0.5309213995933533,-0.10370881110429764,0.269705206155777,0.5350674390792847,-0.10052414983510971,0.21153190732002258,0.7051904201507568,-0.07682590931653976,0.24952851235866547,0.5781617760658264,-0.10394003242254257,0.27985286712646484,0.544295072555542,-0.09653602540493011,0.2981489896774292,0.547350287437439,-0.0853346735239029,0.25206854939460754,0.7228827476501465,-0.08584471791982651,0.2884770631790161,0.6072041988372803,-0.10141389816999435,0.30677688121795654,0.5687105655670166,-0.0849052295088768,0.31497472524642944,0.5636148452758789,-0.06857568025588989,0.2939743995666504,0.7319630980491638,-0.09475851058959961,0.3186533451080322,0.6398754715919495,-0.09908531606197357,0.3257896304130554,0.5989121794700623,-0.08592697232961655,0.3279324769973755,0.5786293745040894,-0.07242955267429352
14,left,0.6392459869384766,0.7584919929504395,-2.9874021834075393e-07,0.663791298866272,0.6958475112915039,0.0031645975541323423,0.6694775223731995,0.6229814291000366,-0.009623844176530838,0.6468947529792786,0.5632798075675964,-0.022555407136678696,0.6187973022460938,0.5302637815475464,-0.0375368706882,0.6937618851661682,0.6192413568496704,-0.0477173775434494,0.6520876288414001,0.5123162865638733,-0.06964016705751419,0.6140283346176147,0.49181076884269714,-0.07640144228935242,0.5933913588523865,0.4986834228038788,-0.07788370549678802,0.6685908436775208,0.6428236365318298,-0.058581069111824036,0.6291201710700989,0.5261039137840271,-0.0781475156545639,0.5931529402732849,0.5050755739212036,-0.07816575467586517,0.5742699503898621,0.5124096274375916,-0.07764872163534164,0.6363149881362915,0.6615523099899292,-0.06698571145534515,0.6048840284347534,0.5536997318267822,-0.08209405839443207,0.5735400915145874,0.5268592238426208,-0.0792788714170456,0.5559629201889038,0.5255851149559021,-0.07683442533016205,0.6016519069671631,0.675417423248291,-0.07368272542953491,0.5804218053817749,0.5879049301147461,-0.08518087863922119,0.5622357726097107,0.5508779883384705,-0.08441480249166489,0.5480090379714966,0.5299503207206726,-0.08327329158782959
15,right,0.25086671113967896,0.8203816413879395,4.1214241264242446e-07,0.21781212091445923,0.7529312968254089,-0.0025386768393218517,0.2111099362373352,0.6787103414535522,-0.021745603531599045,0.23453563451766968,0.6180699467658997,-0.040336716920137405,0.2591348886489868,0.578819751739502,-0.05721235275268555,0.19067347049713135,0.6837342977523804,-0.06419400870800018,0.22516712546348572,0.5687556862831116,-0.09019990265369415,0.25934356451034546,0.5412209033966064,-0.0923447236418724,0.28087273240089417,0.5443744659423828,-0.08686697483062744,0.22559836506843567,0.7093745470046997,-0.07325822860002518,0.2658540904521942,0.586998701095581,-0.09401822090148926,0.2923002243041992,0.555493950843811,-0.0827360600233078,0.306414932012558,0.5556883811950684,-0.07024902105331421,0.26550427079200745,0.7279170751571655,-0.08023159950971603,0.30264708399772644,0.6156446933746338,-0.09111012518405914,0.3194497227668762,0.5755679607391357,-0.0730603039264679,0.3254481554031372,0.5656933784484863,-0.05759146437048912,0.3053736388683319,0.738776445388794,-0.08727306127548218,0.3280429244041443,0.6510597467422485,-0.09035874903202057,0.33521130681037903,0.6126787662506104,-0.07703430950641632,0.3369353413581848,0.5926084518432617,-0.06418073177337646
15,left,0.6387419700622559,0.779195249080658,-3.186191008808237e-07,0.6658250093460083,0.7153611779212952,0.007305873557925224,0.6707535982131958,0.6466179490089417,-0.0038055574987083673,0.6476778388023376,0.5923896431922913,-0.015370992943644524,0.618300199508667,0.5641347169876099,-0.029055649414658546,0.6890822649002075,0.6399930119514465,-0.04878343269228935,0.6426946520805359,0.5326321125030518,-0.06758642941713333,0.6057614684104919,0.5170764923095703,-0.06974892318248749,0.5886158347129822,0.5262435078620911,-0.06794518232345581,0.6621274948120117,0.6623238325119019,-0.06065952405333519,0.6204373240470886,0.5443341732025146,-0.07865928113460541,0.5855376720428467,0.5242812633514404,-0.0753641203045845,0.5686972141265869,0.5325196981430054,-0.07199475914239883,0.6287789344787598,0.6792570352554321,-0.0691550001502037,0.5957498550415039,0.5707529783248901,-0.08188597857952118,0.566777229309082,0.5447478890419006,-0.07559171319007874,0.5521013736724854,0.5437635779380798,-0.07072383165359497,0.5942229628562927,0.6925703883171082,-0.07558923959732056,0.5721699595451355,0.6037217974662781,-0.08534522354602814,0.5545666217803955,0.5685805678367615,-0.08194136619567871,0.541384220123291,0.5497463941574097,-0.07855479419231415
16,right,0.2539259195327759,0.8187958598136902,4.1717507315297553e-07,0.22045668959617615,0.7518997192382812,-0.0009545120992697775,0.2127760350704193,0.6777532696723938,-0.0189752746373415,0.2334522157907486,0.6170533895492554,-0.03625449165701866,0.2552099823951721,0.5782607197761536,-0.05179903656244278,0.19471043348312378,0.6853795647621155,-0.06519994884729385,0.2299581915140152,0.5689666867256165,-0.09107977896928787,0.2633694112300873,0.5417265892028809,-0.09295494109392166,0.2833041846752167,0.548424243927002,-0.08664288371801376,0.23029619455337524,0.7115797996520996,-0.07402826100587845,0.27150052785873413,0.5850154161453247,-0.09581399708986282,0.2974030077457428,0.5565581917762756,-0.08482257276773453,0.3093368411064148,0.5622231960296631,-0.07157862931489944,0.27043330669403076,0.7297999858856201,-0.08004792034626007,0.3079307973384857,0.6107907295227051,-0.09053266793489456,0.3227386176586151,0.5738494992256165,-0.07173366844654083,0.3247128427028656,0.5692694187164307,-0.055160775780677795,0.30926376581192017,0.7403411269187927,-0.08588196337223053,0.33245372772216797,0.6458975076675415,-0.08820109814405441,0.33794116973876953,0.6081596612930298,-0.0737311840057373,0.3364757001399994,0.5920476317405701,-0.0595565065741539
16,left,0.6349481344223022,0.7771738767623901,-2.4797557784950186e-07,0.6613537669181824,0.7145929932594299,0.006340301129966974,0.6660407185554504,0.6439114809036255,-0.004649166017770767,0.6416694521903992,0.5887641906738281,-0.01613355427980423,0.6119333505630493,0.5586586594581604,-0.029856909066438675,0.6857594847679138,0.639137864112854,-0.04394494369626045,0.6358634829521179,0.5361009836196899,-0.06367721408605576,0.6005879044532776,0.5165432691574097,-0.06985338777303696,0.5823967456817627,0.5222355723381042,-0.07073193043470383,0.6577790975570679,0.6642704606056213,-0.054888010025024414,0.6125181913375854,0.5515741109848022,-0.07173512876033783,0.5804608464241028,0.5272457599639893,-0.07101871073246002,0.563659131526947,0.5309650301933289,-0.07016164809465408,0.6244097948074341,0.6823961138725281,-0.06308051198720932,0.5894216895103455,0.5756996273994446,-0.0753561481833458,0.5620841979980469,0.5476992130279541,-0.07166735082864761,0.5473793148994446,0.544376790523529,-0.06866364926099777,0.5901705622673035,0.694692075252533,-0.06931788474321365,0.5659846663475037,0.6065658330917358,-0.07824240624904633,0.5501236319541931,0.5698950290679932,-0.07629142701625824,0.5390545129776001,0.5490075945854187,-0.07427245378494263
17,right,0.2420535683631897,0.819236695766449,6.518789064102748e-07,0.21269823610782623,0.7531412839889526,-0.009797521866858006,0.2068544328212738,0.6647769212722778,-0.030932042747735977,0.2299814522266388,0.5899778604507446,-0.049993496388196945,0.2585621774196625,0.5425737500190735,-0.0672328993678093,0.17210541665554047,0.6916297674179077,-0.07092393189668655,0.1802373081445694,0.5846953392028809,-0.1028655543923378,0.21493437886238098,0.5335816144943237,-0.1155540943145752,0.24628619849681854,0.5152361392974854,-0.1194692850112915,0.20305927097797394,0.7188535928726196,-0.07967319339513779,0.22933365404605865,0.6005070209503174,-0.11160524189472198,0.2583843469619751,0.545819878578186,-0.11518383771181107,0.2777121961116791,0.5287952423095703,-0.11412876099348068,0.2451920211315155,0.7369726300239563,-0.0866541713476181,0.2736153304576874,0.6256618499755859,-0.10693201422691345,0.2941984534263611,0.5685727000236511,-0.10155895352363586,0.3031154274940491,0.5421297550201416,-0.0952838882803917,0.29126521944999695,0.7445856928825378,-0.09419163316488266,0.3157338500022888,0.6510294079780579,-0.1043323203921318,0.3247513473033905,0.5997008085250854,-0.09969338029623032,0.3279314637184143,0.5660423636436462,-0.09443308413028717
17,left,0.6460679173469543,0.7567098736763,-5.3826322954364514e-08,0.6691824197769165,0.6951432228088379,-0.001721527660265565,0.6747713685035706,0.6185495853424072,-0.015619737096130848,0.6570781469345093,0.5593712329864502,-0.028486136347055435,0.6354914903640747,0.5204480886459351,-0.043885573744773865,0.6973822116851807,0.6274536848068237,-0.05266553536057472,0.6746323704719543,0.532825231552124,-0.07958777248859406,0.6434221863746643,0.49114298820495605,-0.09385908395051956,0.6186269521713257,0.47529473900794983,-0.10039303451776505,0.6700080037117004,0.6558688879013062,-0.06195860728621483,0.645771861076355,0.5525456070899963,-0.0848645493388176,0.6142907738685608,0.5010275840759277,-0.09162618219852448,0.5898301005363464,0.47905975580215454,-0.09686805307865143,0.635430634021759,0.6760719418525696,-0.0694543719291687,0.6107400059700012,0.5761070251464844,-0.08777862787246704,0.5855422019958496,0.5232785940170288,-0.09085898846387863,0.5660718679428101,0.49859845638275146,-0.09255992621183395,0.598153829574585,0.6883823275566101,-0.07552605122327805,0.5804305076599121,0.6011728644371033,-0.09094022959470749,0.566437304019928,0.5539376735687256,-0.09435231983661652,0.553484320640564,0.5238012075424194,-0.09602856636047363
18,right,0,0,0,0,0,0,0,0,0,0,0,0,0,0,0,0,0,0,0,0,0,0,0,0,0,0,0,0,0,0,0,0,0,0,0,0,0,0,0,0,0,0,0,0,0,0,0,0,0,0,0,0,0,0,0,0,0,0,0,0,0,0,0
18,left,0.6632652282714844,0.7917975187301636,1.530337101485202e-08,0.6985565423965454,0.7308146953582764,-0.0026364147197455168,0.7098314762115479,0.6551933288574219,-0.014333635568618774,0.6957563757896423,0.5902371406555176,-0.023953694850206375,0.6763070821762085,0.5478167533874512,-0.036154430359601974,0.7338160276412964,0.663007915019989,-0.055472031235694885,0.7525715231895447,0.5848473310470581,-0.07769325375556946,0.7336238622665405,0.5283316969871521,-0.08618871867656708,0.7104414105415344,0.4919512867927551,-0.0903220921754837,0.7031549215316772,0.6867355704307556,-0.06491837650537491,0.6774784326553345,0.5786157846450806,-0.08428724110126495,0.6442863345146179,0.5162240266799927,-0.0885058268904686,0.6217157244682312,0.4803087115287781,-0.09237493574619293,0.6628231406211853,0.7116602063179016,-0.07140014320611954,0.6394345760345459,0.6098757386207581,-0.09019950777292252,0.6193578839302063,0.5608195662498474,-0.0901685357093811,0.6098502278327942,0.5345982313156128,-0.08907927572727203,0.6180763244628906,0.7335708141326904,-0.07601393759250641,0.5929569602012634,0.6587948203086853,-0.09534497559070587,0.5783510804176331,0.6147376298904419,-0.09700159728527069,0.5712420344352722,0.5829008221626282,-0.09559324383735657
19,right,0.21777036786079407,0.8887653350830078,2.6865140512200014e-07,0.19394010305404663,0.7935906052589417,-0.03449780493974686,0.17735633254051208,0.6942120790481567,-0.06119465082883835,0.17910714447498322,0.6163021326065063,-0.08194822818040848,0.1818300038576126,0.5514354705810547,-0.10189022868871689,0.13507145643234253,0.7855224013328552,-0.09836836904287338,0.09060752391815186,0.7381005883216858,-0.14278191328048706,0.09412936121225357,0.6936291456222534,-0.16663138568401337,0.10363864153623581,0.6460338830947876,-0.18229268491268158,0.16736973822116852,0.8189401030540466,-0.0998917818069458,0.1374705731868744,0.7803284525871277,-0.15318900346755981,0.14378385245800018,0.7275835275650024,-0.179628387093544,0.15294231474399567,0.6803304553031921,-0.19851648807525635,0.2144084870815277,0.8405407071113586,-0.10100807249546051,0.20677080750465393,0.812748908996582,-0.15551716089248657,0.2194429486989975,0.7539973258972168,-0.18213589489459991,0.2274502068758011,0.7019026279449463,-0.19689324498176575,0.265423446893692,0.8497813940048218,-0.1023903414607048,0.28405219316482544,0.8129441142082214,-0.1449839025735855,0.3020339012145996,0.7757173180580139,-0.16645123064517975,0.31220391392707825,0.7355541586875916,-0.18133544921875
19,left,0.6395773887634277,0.8291968107223511,4.621013971473076e-08,0.6468832492828369,0.7239529490470886,-0.02364201284945011,0.6639751195907593,0.6399914622306824,-0.04142441228032112,0.6622855067253113,0.5756790041923523,-0.057167619466781616,0.6497595906257629,0.5188397169113159,-0.07439669221639633,0.7161664962768555,0.7097123861312866,-0.06990362703800201,0.7522907257080078,0.672180712223053,-0.10495347529649734,0.7589913606643677,0.6331568360328674,-0.1240384429693222,0.755691647529602,0.590521514415741,-0.13941222429275513,0.6987017393112183,0.7524291276931763,-0.07985547930002213,0.7230057120323181,0.7344233393669128,-0.12495557963848114,0.7186633348464966,0.6929082274436951,-0.14678186178207397,0.7078863978385925,0.6495978236198425,-0.1638740450143814,0.6722028255462646,0.7914349436759949,-0.09138128161430359,0.6856009364128113,0.7697339057922363,-0.14151038229465485,0.6821295022964478,0.7230006456375122,-0.16773200035095215,0.6724480390548706,0.671678900718689,-0.1836131066083908,0.6357241868972778,0.8198044300079346,-0.10251450538635254,0.6380987763404846,0.8002355098724365,-0.14996281266212463,0.6267759203910828,0.7661510109901428,-0.1765071153640747,0.6126003861427307,0.7268956899642944,-0.1948583722114563
20,right,0.20141664147377014,0.8032581806182861,7.652621434317552e-07,0.176284059882164,0.7407404184341431,-0.05947935953736305,0.1603235900402069,0.6904493570327759,-0.11771778762340546,0.1691741794347763,0.6388711929321289,-0.1609671264886856,0.17405548691749573,0.5739220976829529,-0.2032206654548645,0.13427981734275818,0.7943550944328308,-0.20275188982486725,0.09106731414794922,0.7705226540565491,-0.2779197096824646,0.09798307716846466,0.7081377506256104,-0.3183380663394928,0.11045647412538528,0.6556437015533447,-0.3454049825668335,0.16619324684143066,0.8235961198806763,-0.20038096606731415,0.14277566969394684,0.8236324191093445,-0.29424911737442017,0.1523539125919342,0.7541983127593994,-0.338493287563324,0.1608172506093979,0.696948230266571,-0.3716541528701782,0.20810624957084656,0.8360062837600708,-0.19267591834068298,0.20661945641040802,0.8341405391693115,-0.27590352296829224,0.218539297580719,0.7629781365394592,-0.31111806631088257,0.22844476997852325,0.7121118307113647,-0.33320099115371704,0.2534555196762085,0.8311928510665894,-0.18491880595684052,0.2711033821105957,0.8101045489311218,-0.2496260106563568,0.2958719730377197,0.7768711447715759,-0.27939292788505554,0.30968207120895386,0.7489777207374573,-0.3018709123134613
20,left,0.668056070804596,0.8269641399383545,6.170725441734248e-08,0.6537663340568542,0.7377703189849854,-0.03159116953611374,0.6592432260513306,0.6657467484474182,-0.0499262660741806,0.6585589647293091,0.6059606671333313,-0.06375183910131454,0.6421555280685425,0.5576154589653015,-0.07743443548679352,0.701086699962616,0.7596431374549866,-0.07228885591030121,0.7213630080223083,0.7438908219337463,-0.10689143091440201,0.7112886309623718,0.7151150107383728,-0.12663064897060394,0.6952672004699707,0.6725342273712158,-0.14102843403816223,0.697576105594635,0.8023613691329956,-0.07279665768146515,0.722585141658783,0.7864978313446045,-0.11394970118999481,0.7148922681808472,0.7393912672996521,-0.1326994001865387,0.7003405094146729,0.6857377290725708,-0.14843036234378815,0.6811755299568176,0.8239321112632751,-0.07466073334217072,0.6894800066947937,0.8035757541656494,-0.1178513914346695,0.6746244430541992,0.7601821422576904,-0.13349786400794983,0.6532759070396423,0.7071742415428162,-0.14210276305675507,0.6517512202262878,0.831197202205658,-0.07789202779531479,0.6396135091781616,0.808459997177124,-0.11218620091676712,0.6192334890365601,0.7760260701179504,-0.12724874913692474,0.5988531112670898,0.7415603995323181,-0.1384330540895462
21,right,0,0,0,0,0,0,0,0,0,0,0,0,0,0,0,0,0,0,0,0,0,0,0,0,0,0,0,0,0,0,0,0,0,0,0,0,0,0,0,0,0,0,0,0,0,0,0,0,0,0,0,0,0,0,0,0,0,0,0,0,0,0,0
21,left,0.6766948699951172,0.8586126565933228,1.3420975619737874e-07,0.6962500810623169,0.7758194804191589,-0.016430404037237167,0.7020403146743774,0.6846129298210144,-0.03134224936366081,0.6780788898468018,0.6146650910377502,-0.0417751669883728,0.6476562023162842,0.571699857711792,-0.054391562938690186,0.7419074773788452,0.7355641722679138,-0.06461938470602036,0.7401686310768127,0.6503497958183289,-0.08728492259979248,0.7174866795539856,0.5984253287315369,-0.09701789915561676,0.6945621967315674,0.5571509599685669,-0.10333093255758286,0.7133877277374268,0.7705506682395935,-0.0681677758693695,0.6975947022438049,0.6846615076065063,-0.09023164957761765,0.6735418438911438,0.6235833168029785,-0.10037688910961151,0.6539571285247803,0.5780673623085022,-0.11023222655057907,0.6772556900978088,0.7968748211860657,-0.069870226085186,0.6624374985694885,0.7150894999504089,-0.09183236211538315,0.6481451392173767,0.6553712487220764,-0.10048698633909225,0.6364234685897827,0.6092728972434998,-0.10652968287467957,0.6346819400787354,0.8148216009140015,-0.07072336226701736,0.6115477681159973,0.7489159107208252,-0.0901067703962326,0.599549412727356,0.7035371661186218,-0.09658181667327881,0.5918113589286804,0.6662089228630066,-0.10115313529968262
22,right,0,0,0,0,0,0,0,0,0,0,0,0,0,0,0,0,0,0,0,0,0,0,0,0,0,0,0,0,0,0,0,0,0,0,0,0,0,0,0,0,0,0,0,0,0,0,0,0,0,0,0,0,0,0,0,0,0,0,0,0,0,0,0
22,left,0.6645525097846985,0.7998299598693848,1.2142963967676224e-08,0.69050133228302,0.7396940588951111,-0.011297487653791904,0.6962167024612427,0.6688479781150818,-0.031540170311927795,0.6740295886993408,0.6086764335632324,-0.047568149864673615,0.6491434574127197,0.5663695335388184,-0.06579864025115967,0.7180211544036865,0.674401044845581,-0.07855863124132156,0.7011338472366333,0.5752160549163818,-0.10831218957901001,0.6675734519958496,0.5253819227218628,-0.12020055204629898,0.6410120725631714,0.498591810464859,-0.12619155645370483,0.6920544505119324,0.7053261399269104,-0.08479050546884537,0.6757144927978516,0.6040073037147522,-0.11729171127080917,0.6383124589920044,0.5436908602714539,-0.12780892848968506,0.6133483052253723,0.5100389719009399,-0.1357385367155075,0.6568823456764221,0.7255473732948303,-0.08808061480522156,0.636960506439209,0.6330006122589111,-0.11537808924913406,0.6086836457252502,0.569061815738678,-0.12506558001041412,0.5903700590133667,0.5310360193252563,-0.13138334453105927,0.6187365651130676,0.7372601628303528,-0.08967039734125137,0.602927565574646,0.6580455303192139,-0.11440035700798035,0.5859497785568237,0.607215166091919,-0.12456291913986206,0.5714527368545532,0.5720194578170776,-0.13113251328468323
23,right,0.23655015230178833,0.8294190168380737,2.3530739667876333e-07,0.19877900183200836,0.7621982097625732,0.0016102868830785155,0.1841152161359787,0.687515377998352,-0.014259151183068752,0.19865453243255615,0.6233178973197937,-0.028919052332639694,0.22205163538455963,0.580443263053894,-0.041734278202056885,0.16037732362747192,0.6939710974693298,-0.06463558971881866,0.1887502819299698,0.568492591381073,-0.08664411306381226,0.2233576774597168,0.5388043522834778,-0.08588925749063492,0.24595634639263153,0.5357168316841125,-0.07959233969449997,0.19799581170082092,0.7133567929267883,-0.07334309071302414,0.23009251058101654,0.5752117037773132,-0.0901978611946106,0.2602621912956238,0.5422916412353516,-0.0813412219285965,0.2781722843647003,0.5396158695220947,-0.07328656315803528,0.24120785295963287,0.7254239916801453,-0.0781538337469101,0.267794132232666,0.5964658260345459,-0.08437634259462357,0.2855788767337799,0.5603445172309875,-0.06811721622943878,0.2934108376502991,0.5502894520759583,-0.057004623115062714,0.2841508984565735,0.7311733961105347,-0.0824606791138649,0.2967318594455719,0.6336492896080017,-0.08035101741552353,0.3049236238002777,0.5983667373657227,-0.06599219143390656,0.3097074031829834,0.5798352956771851,-0.05497755855321884
23,left,0.6575795412063599,0.7650753259658813,-9.073188067532101e-08,0.6869338750839233,0.708272397518158,0.002397050615400076,0.6928935647010803,0.6376801133155823,-0.011589186266064644,0.6654607653617859,0.580990195274353,-0.02440764755010605,0.6346434354782104,0.5459621548652649,-0.03986133635044098,0.7123373746871948,0.6404435038566589,-0.05391138792037964,0.6745695471763611,0.5329872369766235,-0.07501523196697235,0.6413686275482178,0.5010324120521545,-0.08142594248056412,0.6211451292037964,0.49811720848083496,-0.08266933262348175,0.6820842623710632,0.6666461229324341,-0.06325937807559967,0.6460911631584167,0.54999840259552,-0.08319553732872009,0.6142069101333618,0.5145666599273682,-0.08307875692844391,0.5952672958374023,0.5105279088020325,-0.08216272294521332,0.6457288265228271,0.6832305788993835,-0.06967759877443314,0.6130144000053406,0.575457751750946,-0.08409932255744934,0.5877801179885864,0.5325210690498352,-0.0808369442820549,0.5735526084899902,0.5167235136032104,-0.07801519334316254,0.6091602444648743,0.6916753649711609,-0.07404376566410065,0.5890350341796875,0.6015673875808716,-0.08528156578540802,0.5766276121139526,0.5607481598854065,-0.08374301344156265,0.568731963634491,0.5353952050209045,-0.08172474056482315
24,right,0.24701307713985443,0.8332256078720093,3.6373157286107016e-07,0.20746251940727234,0.7661508321762085,0.001949504716321826,0.19531136751174927,0.6922054290771484,-0.015889566391706467,0.21130196750164032,0.6272619962692261,-0.03333767503499985,0.23013663291931152,0.5834379196166992,-0.04901392012834549,0.17579586803913116,0.69569993019104,-0.06546056270599365,0.2045263648033142,0.5747645497322083,-0.08996698260307312,0.237153097987175,0.5443323850631714,-0.08817071467638016,0.2577458918094635,0.5483197569847107,-0.07925031334161758,0.21244403719902039,0.7159388661384583,-0.07622648775577545,0.24914361536502838,0.5855526924133301,-0.0953153446316719,0.273746520280838,0.5535604357719421,-0.08005218952894211,0.2861365079879761,0.5560945272445679,-0.06415390968322754,0.25445806980133057,0.7295109033584595,-0.08405407518148422,0.2862929403781891,0.608593225479126,-0.09331350028514862,0.30078965425491333,0.5663965940475464,-0.07075053453445435,0.3059513568878174,0.5573251247406006,-0.051912207156419754,0.2952374815940857,0.7373242974281311,-0.09147516638040543,0.3120667040348053,0.6441937685012817,-0.09342525899410248,0.31803858280181885,0.6048380732536316,-0.07702583819627762,0.3204466998577118,0.585152268409729,-0.061293527483940125
24,left,0.6537961363792419,0.7776820659637451,-1.7696524423627125e-07,0.683914065361023,0.7163139581680298,0.005037606228142977,0.6884642839431763,0.6453635096549988,-0.007536803372204304,0.6659325361251831,0.5888940095901489,-0.019193457439541817,0.6375563144683838,0.5553637742996216,-0.0328352153301239,0.7075730562210083,0.6501114964485168,-0.05466511473059654,0.6648067235946655,0.5418919324874878,-0.07417237013578415,0.6335735321044922,0.5117933750152588,-0.07639162242412567,0.61566561460495,0.5108374953269958,-0.07401701807975769,0.6762654781341553,0.674217939376831,-0.06500055640935898,0.6358265280723572,0.5534879565238953,-0.08274665474891663,0.6072843074798584,0.522236704826355,-0.07806096225976944,0.5917812585830688,0.5233334302902222,-0.07343178242444992,0.6398020386695862,0.6901777386665344,-0.07192202657461166,0.6064363718032837,0.5790901780128479,-0.08525063097476959,0.5830966234207153,0.5431092381477356,-0.07718943804502487,0.5709249377250671,0.5350247025489807,-0.07031988352537155,0.603227972984314,0.7001373171806335,-0.07668010145425797,0.5823182463645935,0.6078991293907166,-0.08649779111146927,0.5709978342056274,0.5676037669181824,-0.08187426626682281,0.5642619729042053,0.544731855392456,-0.0771130695939064
25,right,0.2532213032245636,0.8333771228790283,3.9390741335409984e-07,0.2152087688446045,0.7668946385383606,0.0031571893487125635,0.20284613966941833,0.6949284076690674,-0.014004858210682869,0.21919573843479156,0.6316198706626892,-0.03059561550617218,0.2405329793691635,0.5892012715339661,-0.04589453339576721,0.1854960322380066,0.6994714140892029,-0.06719391793012619,0.21422423422336578,0.5785719752311707,-0.0900828018784523,0.24800319969654083,0.5487118363380432,-0.08818255364894867,0.27019569277763367,0.5504055023193359,-0.08032470941543579,0.22245535254478455,0.7207305431365967,-0.07786460965871811,0.25940173864364624,0.5893478393554688,-0.09640657156705856,0.2840847074985504,0.5576688051223755,-0.08322948217391968,0.29754793643951416,0.5569074153900146,-0.07008533924818039,0.26432204246520996,0.7345945835113525,-0.08486940711736679,0.2957018315792084,0.613943338394165,-0.09205784648656845,0.3098202049732208,0.5723488330841064,-0.07242236286401749,0.31480419635772705,0.5602293014526367,-0.05737968161702156,0.30408334732055664,0.741752564907074,-0.0913170799612999,0.3215690851211548,0.6492931246757507,-0.09147913753986359,0.32665127515792847,0.6097857356071472,-0.07678038626909256,0.32798582315444946,0.5879907608032227,-0.06386478990316391
25,left,0.6483544707298279,0.7798548340797424,-1.519770336244619e-07,0.679807186126709,0.7198870182037354,0.004427353385835886,0.6856181621551514,0.6509532332420349,-0.008791200816631317,0.661518931388855,0.5957055687904358,-0.021022913977503777,0.6317948698997498,0.5634150505065918,-0.03518838435411453,0.7040630578994751,0.6574515104293823,-0.05336993932723999,0.6608854532241821,0.5503286719322205,-0.07341954857110977,0.6285736560821533,0.5217452049255371,-0.0774751529097557,0.6102187037467957,0.5213267207145691,-0.07636464387178421,0.6722270846366882,0.6825451254844666,-0.06318053603172302,0.6316230297088623,0.5626288056373596,-0.08086369186639786,0.6031420826911926,0.5288148522377014,-0.07756415754556656,0.5879343748092651,0.5259605646133423,-0.07411077618598938,0.6358800530433655,0.6972315907478333,-0.06974492967128754,0.6020760536193848,0.5859133005142212,-0.08220484107732773,0.578886866569519,0.5463765263557434,-0.07526692003011703,0.5668585896492004,0.5339245796203613,-0.06958556920289993,0.6000868082046509,0.7045634388923645,-0.07427635043859482,0.5788840055465698,0.6125161647796631,-0.08242008835077286,0.5676935315132141,0.5751098990440369,-0.07718665152788162,0.5616868138313293,0.5545928478240967,-0.07237937301397324
26,right,0.24594223499298096,0.8184844255447388,4.992996309738373e-07,0.2106165736913681,0.7564082741737366,-0.001673542894423008,0.19750282168388367,0.6825302839279175,-0.019310392439365387,0.21236607432365417,0.6182847023010254,-0.03681172430515289,0.2313300371170044,0.5733078122138977,-0.052654847502708435,0.17687147855758667,0.6860628128051758,-0.057384222745895386,0.1980331838130951,0.5653612017631531,-0.085722416639328,0.23019783198833466,0.5293225049972534,-0.09319540113210678,0.2510916292667389,0.5252606868743896,-0.09119601547718048,0.21245156228542328,0.7080590724945068,-0.06721328943967819,0.24158161878585815,0.5797643661499023,-0.09032025933265686,0.26566484570503235,0.5390617251396179,-0.08433414250612259,0.27749109268188477,0.5323663949966431,-0.07507780939340591,0.2537398636341095,0.7232791185379028,-0.07536765187978745,0.27941691875457764,0.6039313077926636,-0.08818832784891129,0.2952035367488861,0.5562458634376526,-0.07349314540624619,0.30086684226989746,0.5400587916374207,-0.059703852981328964,0.2962249517440796,0.7295892238616943,-0.08357629925012589,0.3117569386959076,0.633873701095581,-0.08910159021615982,0.3190474212169647,0.5888432264328003,-0.07778674364089966,0.32151079177856445,0.5628746747970581,-0.06571117043495178
26,left,0.6531161665916443,0.763125479221344,-1.2347788924671477e-07,0.6801358461380005,0.7045376896858215,0.004493091255426407,0.6842250823974609,0.6332261562347412,-0.007737623527646065,0.6581090092658997,0.578268826007843,-0.019906848669052124,0.6281440854072571,0.5465134978294373,-0.03458250313997269,0.7061347365379333,0.6362873315811157,-0.04732375591993332,0.665157675743103,0.5329309701919556,-0.06665932387113571,0.6326634883880615,0.5056703090667725,-0.07269474864006042,0.614932656288147,0.5032569169998169,-0.07435199618339539,0.6755364537239075,0.6611743569374084,-0.05824006721377373,0.6377353668212891,0.5495173931121826,-0.0761515200138092,0.609779417514801,0.5172428488731384,-0.07631566375494003,0.5938606858253479,0.515032947063446,-0.07638300210237503,0.6388159394264221,0.6785582900047302,-0.06642848253250122,0.6075503826141357,0.5729949474334717,-0.08035524189472198,0.5852200984954834,0.5356501340866089,-0.07728419452905655,0.5727805495262146,0.5247953534126282,-0.07475399225950241,0.6023430228233337,0.6879262924194336,-0.07255980372428894,0.5821645855903625,0.598671555519104,-0.083827905356884,0.5698619484901428,0.5564839839935303,-0.08287941664457321,0.5613160133361816,0.5298875570297241,-0.08153007179498672
27,right,0.2268693596124649,0.7834945321083069,4.773629598275875e-07,0.17854051291942596,0.7078746557235718,-0.015743082389235497,0.15345755219459534,0.6122384667396545,-0.037116143852472305,0.16384074091911316,0.5305063128471375,-0.05443382263183594,0.19071796536445618,0.47854331135749817,-0.06926485896110535,0.14117322862148285,0.6568492650985718,-0.08548404276371002,0.1325160712003708,0.5727354288101196,-0.12425688654184341,0.15476864576339722,0.5171692967414856,-0.14275474846363068,0.17723554372787476,0.4843895733356476,-0.1520940512418747,0.18089893460273743,0.6985448598861694,-0.09339681267738342,0.18245825171470642,0.6144979596138,-0.1335233747959137,0.2037944495677948,0.5431997776031494,-0.14360904693603516,0.2227902114391327,0.5005192756652832,-0.14869454503059387,0.23187588155269623,0.725975751876831,-0.09971600770950317,0.2387387752532959,0.6504695415496826,-0.13485677540302277,0.25682157278060913,0.5743194818496704,-0.14199525117874146,0.2688775062561035,0.5193725228309631,-0.14348044991493225,0.2850782871246338,0.7385432124137878,-0.10566942393779755,0.3051808476448059,0.6638073921203613,-0.13067814707756042,0.31580933928489685,0.6071740388870239,-0.135470911860466,0.32375583052635193,0.5563170313835144,-0.1366620510816574
27,left,0.6707172989845276,0.7611950635910034,3.0535602490999736e-08,0.6864613890647888,0.6955900192260742,-0.009011631831526756,0.6946173310279846,0.616336464881897,-0.022829078137874603,0.6854228973388672,0.548931360244751,-0.03361531347036362,0.673117995262146,0.5018202662467957,-0.046596743166446686,0.7190737128257751,0.6275438070297241,-0.06358890980482101,0.7302237749099731,0.5436697602272034,-0.09224386513233185,0.7099320292472839,0.48384469747543335,-0.1069057434797287,0.6866163611412048,0.443722665309906,-0.11492253839969635,0.6982589960098267,0.6584743857383728,-0.07001995295286179,0.6917281150817871,0.5750529170036316,-0.0981869027018547,0.6576643586158752,0.5086054801940918,-0.10783529281616211,0.6278105974197388,0.467594176530838,-0.11535900831222534,0.6659408211708069,0.6876766085624695,-0.07445236295461655,0.6493167877197266,0.6103211641311646,-0.09922843426465988,0.6211832165718079,0.5463919639587402,-0.10691250115633011,0.600332498550415,0.5052464008331299,-0.11137877404689789,0.625946581363678,0.7098878026008606,-0.07763388007879257,0.6033978462219238,0.6396805047988892,-0.10175594687461853,0.5840713977813721,0.5882301330566406,-0.11112045496702194,0.5688614249229431,0.5477299690246582,-0.11595716327428818
28,right,0.227849081158638,0.8520126938819885,5.688543751602992e-07,0.19696199893951416,0.756045937538147,-0.01480924617499113,0.1806972175836563,0.6575729846954346,-0.03637594357132912,0.1848359853029251,0.5760877132415771,-0.05298371613025665,0.18653364479541779,0.5122298002243042,-0.06796003133058548,0.14503657817840576,0.7184252738952637,-0.10327747464179993,0.10165686160326004,0.6683111190795898,-0.15077415108680725,0.10572055727243423,0.59974604845047,-0.1779375970363617,0.11741320043802261,0.5423687696456909,-0.1945110559463501,0.17669978737831116,0.7578426599502563,-0.11515957862138748,0.14840063452720642,0.7041229605674744,-0.17035049200057983,0.15981316566467285,0.6193735599517822,-0.19409193098545074,0.17762087285518646,0.5593311786651611,-0.20972055196762085,0.22097982466220856,0.7784608602523804,-0.12380760908126831,0.21275047957897186,0.7135455012321472,-0.17540886998176575,0.22546236217021942,0.639692485332489,-0.19760410487651825,0.23824486136436462,0.5877563953399658,-0.20906555652618408,0.27083060145378113,0.7862569689750671,-0.13098779320716858,0.2895899713039398,0.715872585773468,-0.1731952726840973,0.3072653114795685,0.660968005657196,-0.19249609112739563,0.3214106261730194,0.6145937442779541,-0.20432434976100922
28,left,0.6687204837799072,0.7963414192199707,1.6378501754843455e-07,0.6924049258232117,0.7268475890159607,-0.009169966913759708,0.7013365030288696,0.6469678282737732,-0.025581609457731247,0.6861011385917664,0.5798717141151428,-0.037444207817316055,0.669705331325531,0.5360521078109741,-0.0523066408932209,0.7354562282562256,0.6841610670089722,-0.076512411236763,0.7674729228019714,0.6109043955802917,-0.1022537425160408,0.765494704246521,0.5530425310134888,-0.11336170881986618,0.7588217854499817,0.5044362545013428,-0.12204689532518387,0.7081071138381958,0.7115305662155151,-0.08532094210386276,0.7204175591468811,0.6346845626831055,-0.11498401314020157,0.7099360227584839,0.5780893564224243,-0.12778988480567932,0.7000529170036316,0.5383387804031372,-0.13833332061767578,0.6716941595077515,0.7343035936355591,-0.09021562337875366,0.6683660745620728,0.645992636680603,-0.12062462419271469,0.6565554738044739,0.5700762271881104,-0.13893117010593414,0.6479235291481018,0.5062461495399475,-0.15259861946105957,0.6295070648193359,0.7534667253494263,-0.09195201843976974,0.6091170907020569,0.6994081735610962,-0.12150759994983673,0.5961827039718628,0.6619441509246826,-0.13493295013904572,0.5884004235267639,0.6247553825378418,-0.14466413855552673
29,right,0.23989295959472656,0.8666783571243286,6.233665317267878e-07,0.21032461524009705,0.7723196744918823,-0.012304337695240974,0.19199512898921967,0.6773169636726379,-0.03369375690817833,0.19113944470882416,0.5988365411758423,-0.05275367945432663,0.18707694113254547,0.534404993057251,-0.06986533850431442,0.15343926846981049,0.7434009909629822,-0.08857443928718567,0.10402901470661163,0.6909407377243042,-0.13388249278068542,0.11132634431123734,0.6195425987243652,-0.15890748798847198,0.12662053108215332,0.5625219941139221,-0.17275097966194153,0.1812814474105835,0.7767371535301208,-0.10192575305700302,0.14832982420921326,0.723019003868103,-0.1518363654613495,0.1620432585477829,0.6371421813964844,-0.17067976295948029,0.1816544383764267,0.5795941948890686,-0.181337371468544,0.22338730096817017,0.7931098937988281,-0.11332808434963226,0.20912593603134155,0.7327454686164856,-0.15816330909729004,0.222711980342865,0.6547443866729736,-0.17311128973960876,0.23610883951187134,0.6020139455795288,-0.1789606213569641,0.2712797522544861,0.7976993918418884,-0.12433693557977676,0.28566238284111023,0.7325286269187927,-0.15874281525611877,0.29986390471458435,0.6769523024559021,-0.17166940867900848,0.3126804232597351,0.6309774518013,-0.17826901376247406
29,left,0.6629875302314758,0.8257313966751099,6.823814402423523e-08,0.6730000376701355,0.7335238456726074,-0.020754799246788025,0.6699812412261963,0.6437366008758545,-0.040569011121988297,0.6529174447059631,0.5740926861763,-0.056227102875709534,0.6364303827285767,0.5156277418136597,-0.0723048746585846,0.7242445349693298,0.7023116946220398,-0.07481644302606583,0.7600592374801636,0.6479552984237671,-0.10969691723585129,0.7591232657432556,0.5922844409942627,-0.12891410291194916,0.7519969940185547,0.5446178913116455,-0.1419547200202942,0.7034189701080322,0.7348790168762207,-0.07996679842472076,0.719456136226654,0.6860867738723755,-0.12377425283193588,0.7022507786750793,0.6170809268951416,-0.14545109868049622,0.6834747791290283,0.5657927393913269,-0.16084878146648407,0.6723417639732361,0.7657408714294434,-0.08339865505695343,0.6729963421821594,0.7241783738136292,-0.1242966577410698,0.656376838684082,0.6679895520210266,-0.14139632880687714,0.6431344151496887,0.6234593987464905,-0.1505695879459381,0.6314854621887207,0.788004457950592,-0.08605983853340149,0.6141689419746399,0.7458997368812561,-0.12195027619600296,0.6005028486251831,0.707625150680542,-0.13723112642765045,0.5908620953559875,0.6739836931228638,-0.14630119502544403
30,right,0.22835125029087067,0.8662945032119751,7.636249392817263e-07,0.19874964654445648,0.7851800918579102,-0.013166089542210102,0.18316856026649475,0.6964635252952576,-0.035643983632326126,0.19089597463607788,0.6193795204162598,-0.05579637363553047,0.20126710832118988,0.5601990222930908,-0.07430541515350342,0.14295709133148193,0.7431740164756775,-0.08227469027042389,0.1177607998251915,0.6623231768608093,-0.12178941071033478,0.1352914571762085,0.5941877961158752,-0.14211255311965942,0.15720000863075256,0.5469053983688354,-0.1529574990272522,0.17700181901454926,0.7772724032402039,-0.09446705877780914,0.16131851077079773,0.6899500489234924,-0.13819633424282074,0.18045112490653992,0.6058968305587769,-0.15063358843326569,0.20100878179073334,0.5513241291046143,-0.15643779933452606,0.22081905603408813,0.7959915995597839,-0.10538627952337265,0.21787020564079285,0.7096320986747742,-0.14234676957130432,0.2331155389547348,0.6349483728408813,-0.14957855641841888,0.245779886841774,0.5879484415054321,-0.15041419863700867,0.2685113549232483,0.8001174926757812,-0.11647822707891464,0.28211578726768494,0.716777503490448,-0.14207564294338226,0.29188650846481323,0.6572068929672241,-0.14800268411636353,0.2997768819332123,0.6112728118896484,-0.14998427033424377
30,left,0.6689020395278931,0.8133416771888733,1.4089919453397215e-08,0.6751188039779663,0.7332513332366943,-0.015324516221880913,0.6760140657424927,0.6521589159965515,-0.035153575241565704,0.6581135988235474,0.5850700736045837,-0.0518229603767395,0.6393073797225952,0.5324158668518066,-0.06920357048511505,0.7291857004165649,0.6936987042427063,-0.0648878812789917,0.7574467062950134,0.6310396194458008,-0.09877824783325195,0.7440469861030579,0.5755065679550171,-0.11728650331497192,0.7246023416519165,0.5346603393554688,-0.12829841673374176,0.7102894186973572,0.7262488603591919,-0.0718955472111702,0.7181711196899414,0.6609392166137695,-0.10690075904130936,0.6897813677787781,0.5911612510681152,-0.12089250981807709,0.6646562814712524,0.5432648658752441,-0.1309465914964676,0.6783956289291382,0.7541435956954956,-0.0783596932888031,0.6751499176025391,0.6962122917175293,-0.11163252592086792,0.6537981033325195,0.6358919739723206,-0.1236850768327713,0.6394966840744019,0.5912691354751587,-0.13014906644821167,0.6385126113891602,0.7743078470230103,-0.08391153067350388,0.6221519708633423,0.7228353023529053,-0.11507877707481384,0.60880047082901,0.679833173751831,-0.12764817476272583,0.6014060378074646,0.6433043479919434,-0.1346030831336975
31,right,0.2270907610654831,0.8394953608512878,6.722995635755069e-07,0.18884623050689697,0.779298722743988,-0.00433775968849659,0.17355027794837952,0.7050880193710327,-0.024513980373740196,0.18520882725715637,0.6351137757301331,-0.04378071054816246,0.2047702819108963,0.583969235420227,-0.061218444257974625,0.14520473778247833,0.7163330316543579,-0.0694877952337265,0.1466747373342514,0.6026787757873535,-0.10298249125480652,0.17746570706367493,0.5510148406028748,-0.11511100083589554,0.20375393331050873,0.5294789671897888,-0.11829221248626709,0.1805455982685089,0.7368335127830505,-0.08080092072486877,0.19100050628185272,0.6115170121192932,-0.11564462631940842,0.2204868495464325,0.5500215888023376,-0.11858145147562027,0.2431805431842804,0.5235617756843567,-0.11600711941719055,0.2234564870595932,0.7471991777420044,-0.0897274762392044,0.23689591884613037,0.632227897644043,-0.11330249905586243,0.2565349340438843,0.5809371471405029,-0.1060594916343689,0.26966384053230286,0.5590083599090576,-0.0966372936964035,0.2681575119495392,0.7458428740501404,-0.09854155778884888,0.28374791145324707,0.652820885181427,-0.10971855372190475,0.2894013822078705,0.6033517718315125,-0.10333641618490219,0.29233038425445557,0.5694197416305542,-0.09553548693656921
31,left,0.6699995994567871,0.7743393182754517,-7.855665273837076e-08,0.6941364407539368,0.7213829159736633,-0.006897469516843557,0.7021999955177307,0.6511507630348206,-0.025856863707304,0.6866622567176819,0.590069055557251,-0.04195442050695419,0.6678212285041809,0.5442557334899902,-0.06009485572576523,0.7295742034912109,0.6548287272453308,-0.0778823047876358,0.7238279581069946,0.5579449534416199,-0.10782771557569504,0.6919054388999939,0.5120422840118408,-0.1172976866364479,0.6639877557754517,0.4920807480812073,-0.12114176154136658,0.704949676990509,0.6840457916259766,-0.08699927479028702,0.6893587708473206,0.580230712890625,-0.11838269978761673,0.6538532376289368,0.5263098478317261,-0.12394655495882034,0.6309804320335388,0.5003392696380615,-0.12784311175346375,0.6695880889892578,0.704795777797699,-0.09334336966276169,0.6526113152503967,0.6030085682868958,-0.12059426307678223,0.6242777705192566,0.5432118773460388,-0.12609444558620453,0.6051401495933533,0.5109346508979797,-0.12917308509349823,0.6315867900848389,0.7171178460121155,-0.09775485843420029,0.6195053458213806,0.635021448135376,-0.12406940013170242,0.6024447679519653,0.5857170224189758,-0.13287024199962616,0.5875115394592285,0.5538886189460754,-0.13754071295261383
32,right,0.23253583908081055,0.8115090727806091,5.052312985753815e-07,0.1933291256427765,0.747085452079773,0.0014353683218359947,0.18100327253341675,0.6733559966087341,-0.016093403100967407,0.19817358255386353,0.6077519655227661,-0.03399332985281944,0.22390827536582947,0.563687264919281,-0.05059002712368965,0.15666495263576508,0.6757591962814331,-0.05851152911782265,0.18005505204200745,0.5511945486068726,-0.08662362396717072,0.2139379233121872,0.5151840448379517,-0.09209144860506058,0.23716126382350922,0.5115065574645996,-0.08865316212177277,0.19235901534557343,0.6934028267860413,-0.06984280794858932,0.22120574116706848,0.559287428855896,-0.09359999001026154,0.2517416775226593,0.5239062905311584,-0.0862295925617218,0.2709316611289978,0.5218490362167358,-0.07576429098844528,0.23425757884979248,0.7046768665313721,-0.07873706519603729,0.25950103998184204,0.5843133330345154,-0.09148593246936798,0.2781948447227478,0.5447294116020203,-0.07473685592412949,0.2887442409992218,0.5365949869155884,-0.05936576426029205,0.27705395221710205,0.709126889705658,-0.08738752454519272,0.2910361886024475,0.6165580153465271,-0.08948235958814621,0.2982155978679657,0.5789105892181396,-0.075064517557621,0.30296263098716736,0.5606104135513306,-0.06132979691028595
32,left,0.6654037237167358,0.7415065169334412,-1.8311678218196903e-07,0.6931862831115723,0.6797536611557007,0.009550853632390499,0.6996328830718994,0.6082972884178162,0.0019354192772880197,0.6775267720222473,0.5505644679069519,-0.006800148170441389,0.6496553421020508,0.518011748790741,-0.018201207742094994,0.7199075818061829,0.5947579145431519,-0.03940403833985329,0.6827189922332764,0.48852503299713135,-0.055862750858068466,0.646236002445221,0.46724170446395874,-0.05705005303025246,0.6257832050323486,0.47518691420555115,-0.05459989234805107,0.691382646560669,0.6166854500770569,-0.051864638924598694,0.6556012630462646,0.4978272318840027,-0.06848205626010895,0.6202338337898254,0.4741820693016052,-0.06521254032850266,0.601914644241333,0.48218777775764465,-0.06129002943634987,0.6570758819580078,0.6346180438995361,-0.06137454882264137,0.6301738023757935,0.5237661600112915,-0.07447981834411621,0.6004162430763245,0.4937150478363037,-0.07018044590950012,0.5840691328048706,0.49183520674705505,-0.06561143696308136,0.6218021512031555,0.649853527545929,-0.06843581050634384,0.6081395745277405,0.5573165416717529,-0.07941801100969315,0.5913485884666443,0.5265122652053833,-0.07714399695396423,0.578253984451294,0.5152190923690796,-0.07356015592813492
33,right,0.2412317395210266,0.8123847246170044,3.955923659759719e-07,0.20225363969802856,0.7436211109161377,0.002325398614630103,0.1906985193490982,0.6683831810951233,-0.01717282645404339,0.20932713150978088,0.6033452153205872,-0.03677345812320709,0.23156709969043732,0.559473991394043,-0.05470479279756546,0.17046526074409485,0.6718371510505676,-0.06914633512496948,0.19922181963920593,0.5461581349372864,-0.09768655896186829,0.23486919701099396,0.517352819442749,-0.09782395511865616,0.25607290863990784,0.5248116850852966,-0.08925528824329376,0.2052461802959442,0.692781925201416,-0.0811445340514183,0.24107860028743744,0.5573164820671082,-0.10409024357795715,0.2683790624141693,0.5291166305541992,-0.08869068324565887,0.2816193699836731,0.5365660190582275,-0.07151490449905396,0.2469949722290039,0.7069296836853027,-0.09022693336009979,0.2798503041267395,0.5823434591293335,-0.10220913589000702,0.29633763432502747,0.5444571375846863,-0.07774298638105392,0.30196067690849304,0.5410236716270447,-0.05647331848740578,0.2884606719017029,0.7156260013580322,-0.09891841560602188,0.30688732862472534,0.6197707653045654,-0.10210460424423218,0.3132174611091614,0.5818629860877991,-0.08430689573287964,0.3152899742126465,0.565201461315155,-0.06682875752449036
33,left,0.6612474918365479,0.7532132267951965,-2.792468762891076e-07,0.6876764893531799,0.6885807514190674,0.010271482169628143,0.6916401386260986,0.6158280372619629,0.0011102313874289393,0.6685459017753601,0.5593681335449219,-0.009507531300187111,0.6393474340438843,0.5284333229064941,-0.022444739937782288,0.7135897874832153,0.6081910133361816,-0.039994459599256516,0.6709701418876648,0.49877434968948364,-0.05887014791369438,0.6351796984672546,0.4833899736404419,-0.06375230848789215,0.6181871294975281,0.49389976263046265,-0.06351911276578903,0.6836720705032349,0.6285398006439209,-0.053021758794784546,0.6447418928146362,0.5069707632064819,-0.06826526671648026,0.6130325198173523,0.4888996481895447,-0.06579849123954773,0.5992427468299866,0.49836158752441406,-0.06318485736846924,0.6487975716590881,0.6448878049850464,-0.06291557103395462,0.6196966171264648,0.5282302498817444,-0.07430633157491684,0.5934611558914185,0.5069157481193542,-0.0677487850189209,0.5805320739746094,0.5107395648956299,-0.0624019093811512,0.613892138004303,0.6591200232505798,-0.07051222771406174,0.5964919328689575,0.5632811188697815,-0.07882308959960938,0.5811246037483215,0.5341029763221741,-0.07329975068569183,0.5685701370239258,0.5237365365028381,-0.0681246891617775
34,right,0.24549005925655365,0.8229169845581055,3.748659480606875e-07,0.20862075686454773,0.7525861263275146,0.0004455308662727475,0.19889050722122192,0.6761085987091064,-0.01916959509253502,0.21963055431842804,0.6101081967353821,-0.03809996321797371,0.24244241416454315,0.5669287443161011,-0.0552685409784317,0.17748816311359406,0.684658408164978,-0.06949310004711151,0.21090468764305115,0.5617078542709351,-0.09658201783895493,0.24583305418491364,0.5327795147895813,-0.09773839265108109,0.2674884796142578,0.5356895923614502,-0.09096948057413101,0.21492254734039307,0.7069803476333618,-0.07966452836990356,0.2530667185783386,0.5733188390731812,-0.10054690390825272,0.27905669808387756,0.5453612804412842,-0.08625562489032745,0.29122206568717957,0.549931526184082,-0.07130516320466995,0.25693267583847046,0.7217531204223633,-0.08689083904027939,0.28931745886802673,0.5976850986480713,-0.09624358266592026,0.3039490878582001,0.5612106323242188,-0.07353103905916214,0.3077583909034729,0.5564618110656738,-0.05502768233418465,0.29795336723327637,0.7291542291641235,-0.09395376592874527,0.3159729242324829,0.6347408294677734,-0.09494058787822723,0.32137829065322876,0.5967219471931458,-0.07834618538618088,0.3217983841896057,0.5779975652694702,-0.06306470185518265
34,left,0.6568126082420349,0.773646891117096,-2.8820204533985816e-07,0.6867462396621704,0.7108368873596191,0.007705593015998602,0.6943966746330261,0.6379148960113525,-0.0022915613371878862,0.67220139503479,0.5800132751464844,-0.012853442691266537,0.6440655589103699,0.5466638803482056,-0.025415081530809402,0.713677167892456,0.6331624984741211,-0.04424299672245979,0.669032871723175,0.5239068269729614,-0.06525985151529312,0.6329408884048462,0.5026323199272156,-0.07076477259397507,0.6147545576095581,0.5098260641098022,-0.0702291876077652,0.6834570169448853,0.6549906134605408,-0.0557255744934082,0.6433118581771851,0.5333159565925598,-0.07430148124694824,0.6105681657791138,0.5126338601112366,-0.07185539603233337,0.5952508449554443,0.5240478515625,-0.06805073469877243,0.6475036144256592,0.6706197261810303,-0.0643845945596695,0.6158696413040161,0.5574256181716919,-0.07754464447498322,0.588516354560852,0.5307032465934753,-0.07126189768314362,0.5750945806503296,0.5319371819496155,-0.06534657627344131,0.6111626029014587,0.6821897029876709,-0.07101882994174957,0.5932132601737976,0.5881736278533936,-0.08029438555240631,0.5784897208213806,0.5561444759368896,-0.07618468999862671,0.5674524903297424,0.5437160730361938,-0.07167401164770126
35,right,0.23741453886032104,0.8162052631378174,5.668265998792776e-07,0.20641906559467316,0.743896484375,-0.00866018608212471,0.20587974786758423,0.6456505060195923,-0.030357155948877335,0.23312027752399445,0.5621477365493774,-0.049735184758901596,0.2660636603832245,0.5153598189353943,-0.06684678792953491,0.16703180968761444,0.6832945942878723,-0.07439466565847397,0.16947799921035767,0.572149932384491,-0.10394546389579773,0.20314547419548035,0.523224949836731,-0.11145270615816116,0.23257750272750854,0.5102051496505737,-0.11114675551652908,0.19838927686214447,0.7078871726989746,-0.08351532369852066,0.22068685293197632,0.5810994505882263,-0.11264576762914658,0.246116504073143,0.5351796746253967,-0.1107335016131401,0.25941792130470276,0.5315226912498474,-0.10524105280637741,0.2399773746728897,0.7244983315467834,-0.09025022387504578,0.263694703578949,0.6053372621536255,-0.10740317404270172,0.2819824516773224,0.560632050037384,-0.0956701934337616,0.28729498386383057,0.5517709851264954,-0.08456632494926453,0.2849593162536621,0.7321731448173523,-0.09756921231746674,0.30415216088294983,0.6322450637817383,-0.10404402017593384,0.311947762966156,0.584937334060669,-0.0952792689204216,0.3136017620563507,0.5594907999038696,-0.08691605925559998
35,left,0.6624764204025269,0.757563591003418,-1.579569470777642e-07,0.6878130435943604,0.6981374621391296,0.0016122802626341581,0.6941242814064026,0.6229934692382812,-0.01108701340854168,0.6701368689537048,0.5628683567047119,-0.023773664608597755,0.6420570611953735,0.5276196599006653,-0.03873257339000702,0.715266764163971,0.6169146299362183,-0.045945439487695694,0.6847872734069824,0.5128797888755798,-0.06931847333908081,0.6482807397842407,0.47924983501434326,-0.08035654574632645,0.6226840615272522,0.4739069938659668,-0.08539000153541565,0.6895456910133362,0.6416119337081909,-0.05685890465974808,0.6615403294563293,0.5294125080108643,-0.07814893126487732,0.6274611949920654,0.4923292100429535,-0.08400016278028488,0.6029314398765564,0.4831583797931671,-0.08813516050577164,0.6556251049041748,0.6631317138671875,-0.06566429883241653,0.6321656107902527,0.5564935207366943,-0.08251234889030457,0.6037798523902893,0.516381025314331,-0.08530515432357788,0.5828248858451843,0.5017196536064148,-0.0870915949344635,0.6192039251327515,0.6799314618110657,-0.0727209746837616,0.6022505164146423,0.5942638516426086,-0.08736437559127808,0.585411012172699,0.5551297068595886,-0.09079112112522125,0.569534957408905,0.5309761762619019,-0.0928158164024353
36,right,0,0,0,0,0,0,0,0,0,0,0,0,0,0,0,0,0,0,0,0,0,0,0,0,0,0,0,0,0,0,0,0,0,0,0,0,0,0,0,0,0,0,0,0,0,0,0,0,0,0,0,0,0,0,0,0,0,0,0,0,0,0,0
36,left,0.6766366958618164,0.7765914797782898,8.576639842772238e-09,0.6995851397514343,0.70168137550354,-0.00010441015911055729,0.7068904638290405,0.623279869556427,-0.009723158553242683,0.6998025178909302,0.5579061508178711,-0.018765484914183617,0.6907442212104797,0.5068466663360596,-0.03025044873356819,0.7365837097167969,0.6332540512084961,-0.046327877789735794,0.7540533542633057,0.5514850616455078,-0.07106557488441467,0.7375887036323547,0.4895420968532562,-0.0835699513554573,0.715941309928894,0.446530282497406,-0.09058111160993576,0.7130281329154968,0.6601290702819824,-0.05823336914181709,0.7005112767219543,0.5598750114440918,-0.08041130006313324,0.6689067482948303,0.49158787727355957,-0.08868303894996643,0.6424993276596069,0.4490470290184021,-0.09520798176527023,0.6778688430786133,0.6905157566070557,-0.06803257018327713,0.6585085988044739,0.5982593297958374,-0.08882090449333191,0.635439395904541,0.5333327651023865,-0.09585044533014297,0.6203410625457764,0.48963606357574463,-0.10020811855792999,0.6366159915924072,0.7183540463447571,-0.07601068913936615,0.6120584011077881,0.6485578417778015,-0.09813503175973892,0.5932201147079468,0.5984586477279663,-0.10551783442497253,0.5803044438362122,0.5583772659301758,-0.10863587260246277
