1,right,0,0,0,0,0,0,0,0,0,0,0,0,0,0,0,0,0,0,0,0,0,0,0,0,0,0,0,0,0,0,0,0,0,0,0,0,0,0,0,0,0,0,0,0,0,0,0,0,0,0,0,0,0,0,0,0,0,0,0,0,0,0,0
1,left,0,0,0,0,0,0,0,0,0,0,0,0,0,0,0,0,0,0,0,0,0,0,0,0,0,0,0,0,0,0,0,0,0,0,0,0,0,0,0,0,0,0,0,0,0,0,0,0,0,0,0,0,0,0,0,0,0,0,0,0,0,0,0
2,right,0,0,0,0,0,0,0,0,0,0,0,0,0,0,0,0,0,0,0,0,0,0,0,0,0,0,0,0,0,0,0,0,0,0,0,0,0,0,0,0,0,0,0,0,0,0,0,0,0,0,0,0,0,0,0,0,0,0,0,0,0,0,0
2,left,0,0,0,0,0,0,0,0,0,0,0,0,0,0,0,0,0,0,0,0,0,0,0,0,0,0,0,0,0,0,0,0,0,0,0,0,0,0,0,0,0,0,0,0,0,0,0,0,0,0,0,0,0,0,0,0,0,0,0,0,0,0,0
3,right,0,0,0,0,0,0,0,0,0,0,0,0,0,0,0,0,0,0,0,0,0,0,0,0,0,0,0,0,0,0,0,0,0,0,0,0,0,0,0,0,0,0,0,0,0,0,0,0,0,0,0,0,0,0,0,0,0,0,0,0,0,0,0
3,left,0,0,0,0,0,0,0,0,0,0,0,0,0,0,0,0,0,0,0,0,0,0,0,0,0,0,0,0,0,0,0,0,0,0,0,0,0,0,0,0,0,0,0,0,0,0,0,0,0,0,0,0,0,0,0,0,0,0,0,0,0,0,0
4,right,0.3334830701351166,0.8629834055900574,1.792952843970852e-07,0.3315911591053009,0.7765653133392334,-0.016843492165207863,0.3552451729774475,0.688718855381012,-0.026451729238033295,0.37233683466911316,0.6197137832641602,-0.03333942964673042,0.37336161732673645,0.5658036470413208,-0.039157330989837646,0.4321896433830261,0.7188794612884521,-0.01694503240287304,0.49712157249450684,0.6916157007217407,-0.026157518848776817,0.5243566632270813,0.6628137230873108,-0.03270333260297775,0.5377316474914551,0.6378622055053711,-0.03537323325872421,0.4469602704048157,0.7568488717079163,-0.011346282437443733,0.5143267512321472,0.7210383415222168,-0.014188257977366447,0.5370846390724182,0.6850430965423584,-0.013407974503934383,0.5460538864135742,0.652760922908783,-0.01266405824571848,0.4556600749492645,0.7925149202346802,-0.007090478204190731,0.5148665308952332,0.7529053092002869,-0.007220156025141478,0.5375977158546448,0.7175180912017822,-0.0014382002409547567,0.5473330616950989,0.686737060546875,0.0033302532974630594,0.4592888355255127,0.8255470395088196,-0.004364221356809139,0.506132960319519,0.7951031923294067,-0.0002588076749816537,0.5264087319374084,0.7664830684661865,0.00862348172813654,0.5349401831626892,0.7405117750167847,0.015927672386169434
4,left,0,0,0,0,0,0,0,0,0,0,0,0,0,0,0,0,0,0,0,0,0,0,0,0,0,0,0,0,0,0,0,0,0,0,0,0,0,0,0,0,0,0,0,0,0,0,0,0,0,0,0,0,0,0,0,0,0,0,0,0,0,0,0
5,right,0.35628795623779297,0.745395302772522,2.1211062062320707e-07,0.35130780935287476,0.6669327616691589,-0.012390287593007088,0.3640425503253937,0.5863208174705505,-0.02485267072916031,0.3706415295600891,0.5174406170845032,-0.03560266271233559,0.3585788905620575,0.4707832634449005,-0.046709176152944565,0.4106481075286865,0.6055400967597961,-0.030923519283533096,0.4744248390197754,0.5559836626052856,-0.04740564525127411,0.5099039077758789,0.5324922204017639,-0.05651726573705673,0.5354018807411194,0.5147225856781006,-0.0607515312731266,0.4300727844238281,0.6434621810913086,-0.032458096742630005,0.49763786792755127,0.5844564437866211,-0.04467488452792168,0.531298041343689,0.5514367818832397,-0.04848097264766693,0.5525447130203247,0.526595413684845,-0.051438748836517334,0.44378378987312317,0.6759940385818481,-0.03403110429644585,0.5028173327445984,0.6167572736740112,-0.04354873672127724,0.5332825183868408,0.5816757082939148,-0.04262736812233925,0.5526643395423889,0.5567370653152466,-0.04148866608738899,0.4524514079093933,0.7004502415657043,-0.03630354255437851,0.49633535742759705,0.651839554309845,-0.04084229841828346,0.520871102809906,0.6199989318847656,-0.037027984857559204,0.5377505421638489,0.594081461429596,-0.03399280458688736
5,left,0,0,0,0,0,0,0,0,0,0,0,0,0,0,0,0,0,0,0,0,0,0,0,0,0,0,0,0,0,0,0,0,0,0,0,0,0,0,0,0,0,0,0,0,0,0,0,0,0,0,0,0,0,0,0,0,0,0,0,0,0,0,0
6,right,0.3726240396499634,0.7078604698181152,4.6085585836408427e-07,0.35952624678611755,0.629927933216095,-0.01963471621274948,0.366458922624588,0.5527227520942688,-0.03267330303788185,0.3688097894191742,0.48887547850608826,-0.040246058255434036,0.35913828015327454,0.44313275814056396,-0.04724922031164169,0.43039563298225403,0.5761041641235352,-0.0400848425924778,0.48329126834869385,0.52448970079422,-0.05067194998264313,0.5145168900489807,0.4950113296508789,-0.055032044649124146,0.5376343131065369,0.47158271074295044,-0.05580561235547066,0.45524686574935913,0.6072726249694824,-0.03137235715985298,0.5061691999435425,0.543167233467102,-0.03894637152552605,0.5324283838272095,0.5022439956665039,-0.03897198289632797,0.5503039360046387,0.4706498384475708,-0.03819914907217026,0.4692111611366272,0.6316467523574829,-0.02177034690976143,0.5096383094787598,0.5690791010856628,-0.0254384595900774,0.5318310260772705,0.5299164056777954,-0.023752598091959953,0.5459029674530029,0.5004482269287109,-0.021907217800617218,0.4749157726764679,0.6464136838912964,-0.013102441094815731,0.5047500729560852,0.5984547138214111,-0.013860260136425495,0.5225160121917725,0.5704783797264099,-0.010225741192698479,0.5357332229614258,0.5470172166824341,-0.006621218752115965
6,left,0,0,0,0,0,0,0,0,0,0,0,0,0,0,0,0,0,0,0,0,0,0,0,0,0,0,0,0,0,0,0,0,0,0,0,0,0,0,0,0,0,0,0,0,0,0,0,0,0,0,0,0,0,0,0,0,0,0,0,0,0,0,0
7,right,0.3816850781440735,0.6862524747848511,3.703078448324959e-07,0.3676593601703644,0.612165629863739,-0.020485172048211098,0.3721601068973541,0.536109447479248,-0.03394384682178497,0.3707239031791687,0.4735459089279175,-0.04163370653986931,0.35930848121643066,0.42903339862823486,-0.04838591814041138,0.4413251578807831,0.5587421655654907,-0.040585651993751526,0.4911865293979645,0.5013863444328308,-0.04706978052854538,0.5158625245094299,0.4700085520744324,-0.04812019318342209,0.5321808457374573,0.4452657997608185,-0.04713226109743118,0.46375641226768494,0.5884994268417358,-0.03000141866505146,0.5136713981628418,0.5175160765647888,-0.034460317343473434,0.531808614730835,0.4727662205696106,-0.03227918595075607,0.5411020517349243,0.44173407554626465,-0.03002621792256832,0.4747191071510315,0.613953709602356,-0.018406858667731285,0.5150716304779053,0.5476369261741638,-0.018690666183829308,0.5309218764305115,0.508122444152832,-0.01671847328543663,0.5389830470085144,0.48120325803756714,-0.015346703119575977,0.47912758588790894,0.6315522789955139,-0.007800009101629257,0.5125709772109985,0.5917401909828186,-0.00665169907733798,0.5308717489242554,0.5664498209953308,-0.0038673914968967438,0.5450161695480347,0.5450878143310547,-0.0012588233221322298
7,left,0,0,0,0,0,0,0,0,0,0,0,0,0,0,0,0,0,0,0,0,0,0,0,0,0,0,0,0,0,0,0,0,0,0,0,0,0,0,0,0,0,0,0,0,0,0,0,0,0,0,0,0,0,0,0,0,0,0,0,0,0,0,0
8,right,0.38699615001678467,0.6787718534469604,3.11337117864241e-07,0.3719775080680847,0.6054897308349609,-0.02254120633006096,0.37416213750839233,0.5312725901603699,-0.03580405190587044,0.3706021308898926,0.469368577003479,-0.04238365218043327,0.362129807472229,0.428519070148468,-0.04756205528974533,0.44765597581863403,0.5547155141830444,-0.04247155040502548,0.49325186014175415,0.49381619691848755,-0.050576746463775635,0.5170461535453796,0.4610290825366974,-0.053515851497650146,0.5347055196762085,0.43624061346054077,-0.05338839814066887,0.47066736221313477,0.5829300880432129,-0.028349824249744415,0.5174523591995239,0.5074313282966614,-0.03147844970226288,0.5347009301185608,0.4645078480243683,-0.028201550245285034,0.544145941734314,0.43662574887275696,-0.025350475683808327,0.48157399892807007,0.6057349443435669,-0.013215591199696064,0.5107714533805847,0.537749171257019,-0.010584084317088127,0.5189245939254761,0.4956071972846985,-0.0056753503158688545,0.5201116800308228,0.46937617659568787,-0.002079952973872423,0.4842594265937805,0.6188768744468689,0.0005024322890676558,0.506662130355835,0.570419430732727,0.0045637208968400955,0.5150204300880432,0.5400885939598083,0.01000007800757885,0.5201314687728882,0.5176741480827332,0.014774573035538197
8,left,0,0,0,0,0,0,0,0,0,0,0,0,0,0,0,0,0,0,0,0,0,0,0,0,0,0,0,0,0,0,0,0,0,0,0,0,0,0,0,0,0,0,0,0,0,0,0,0,0,0,0,0,0,0,0,0,0,0,0,0,0,0,0
9,right,0.3891620635986328,0.6773746013641357,3.0551566965186794e-07,0.37263286113739014,0.6041802167892456,-0.023681089282035828,0.3752475380897522,0.5288107991218567,-0.035972125828266144,0.3737770617008209,0.46668851375579834,-0.04113968834280968,0.36549508571624756,0.4269130229949951,-0.04493846371769905,0.45055854320526123,0.5514106750488281,-0.03960464894771576,0.4961053133010864,0.4893302321434021,-0.043687473982572556,0.5184516310691833,0.4568387269973755,-0.043967802077531815,0.5353416800498962,0.4322720766067505,-0.042538437992334366,0.47289836406707764,0.5802785754203796,-0.024061640724539757,0.5196526050567627,0.5049616098403931,-0.024465126916766167,0.5363974571228027,0.46233487129211426,-0.020685680210590363,0.5459021329879761,0.43469980359077454,-0.01784975826740265,0.48221856355667114,0.6042278409004211,-0.007659450173377991,0.5142455101013184,0.5378800630569458,-0.0038524845149368048,0.5235041975975037,0.49375584721565247,-0.0010986673878505826,0.5255816578865051,0.4651888608932495,0.0006172989960759878,0.4840604364871979,0.6178930997848511,0.007491655647754669,0.5085199475288391,0.5708240270614624,0.012276985682547092,0.5184630751609802,0.5401518940925598,0.016227954998612404,0.5256310701370239,0.5168237090110779,0.01937694475054741
9,left,0,0,0,0,0,0,0,0,0,0,0,0,0,0,0,0,0,0,0,0,0,0,0,0,0,0,0,0,0,0,0,0,0,0,0,0,0,0,0,0,0,0,0,0,0,0,0,0,0,0,0,0,0,0,0,0,0,0,0,0,0,0,0
10,right,0.3907284438610077,0.6762245893478394,3.068493015234708e-07,0.3746643364429474,0.6037970185279846,-0.024123379960656166,0.37649139761924744,0.5279990434646606,-0.03651595860719681,0.375830739736557,0.46503323316574097,-0.04189251735806465,0.36826103925704956,0.4265121817588806,-0.045765239745378494,0.4507666826248169,0.550766110420227,-0.03959941491484642,0.4963151812553406,0.48957231640815735,-0.04402643442153931,0.5185948014259338,0.4576495289802551,-0.04455109313130379,0.5351314544677734,0.43280264735221863,-0.04353577643632889,0.4751889705657959,0.5799233317375183,-0.024714885279536247,0.5202715396881104,0.5052213072776794,-0.025988716632127762,0.535930871963501,0.46124786138534546,-0.023225659504532814,0.5444814562797546,0.43201905488967896,-0.021342808380723,0.48617202043533325,0.6033474206924438,-0.009129439480602741,0.5189751386642456,0.5365762710571289,-0.006982432212680578,0.5286768674850464,0.490377813577652,-0.005293961148709059,0.5309592485427856,0.45931726694107056,-0.0043641249649226665,0.4890348017215729,0.6164330840110779,0.005165304522961378,0.5174310803413391,0.5735337138175964,0.008219324983656406,0.5313712358474731,0.5449299216270447,0.01079742144793272,0.541951060295105,0.5220623016357422,0.012918900698423386
10,left,0,0,0,0,0,0,0,0,0,0,0,0,0,0,0,0,0,0,0,0,0,0,0,0,0,0,0,0,0,0,0,0,0,0,0,0,0,0,0,0,0,0,0,0,0,0,0,0,0,0,0,0,0,0,0,0,0,0,0,0,0,0,0
11,right,0.3911614418029785,0.6751691102981567,2.985232470109622e-07,0.3765143156051636,0.6032373309135437,-0.02148762159049511,0.3780863285064697,0.5286661386489868,-0.03300972282886505,0.37672024965286255,0.4665784239768982,-0.03819004446268082,0.3691502809524536,0.42890018224716187,-0.041870903223752975,0.45168718695640564,0.5515313744544983,-0.03729435056447983,0.4964295029640198,0.4909104108810425,-0.041648972779512405,0.518622636795044,0.4586178660392761,-0.04203683137893677,0.5348936915397644,0.4341944456100464,-0.04107741266489029,0.4757061004638672,0.5800511837005615,-0.024222902953624725,0.520362377166748,0.5055041313171387,-0.025621948763728142,0.5356107950210571,0.46100491285324097,-0.02269657328724861,0.5440569519996643,0.43205246329307556,-0.020832248032093048,0.4871022701263428,0.6036443114280701,-0.010422184132039547,0.5210309028625488,0.5374546051025391,-0.008564237505197525,0.5298477411270142,0.4915328621864319,-0.00652715191245079,0.531103789806366,0.4613304138183594,-0.005415719468146563,0.49074551463127136,0.6177736520767212,0.002203495241701603,0.5235931873321533,0.5796473622322083,0.004527287557721138,0.5406461954116821,0.5532008409500122,0.006624228321015835,0.5535172820091248,0.5314397215843201,0.008410808630287647
11,left,0,0,0,0,0,0,0,0,0,0,0,0,0,0,0,0,0,0,0,0,0,0,0,0,0,0,0,0,0,0,0,0,0,0,0,0,0,0,0,0,0,0,0,0,0,0,0,0,0,0,0,0,0,0,0,0,0,0,0,0,0,0,0
12,right,0.392741322517395,0.6776226758956909,3.149491760723322e-07,0.3771466314792633,0.6060868501663208,-0.024430695921182632,0.3790454566478729,0.529863715171814,-0.03629390895366669,0.37687021493911743,0.4672151207923889,-0.04071904346346855,0.3702070415019989,0.4286560118198395,-0.04325156286358833,0.45327460765838623,0.5523154139518738,-0.038734328001737595,0.4981173872947693,0.4917733371257782,-0.041166119277477264,0.5191773772239685,0.4595683515071869,-0.040309611707925797,0.5343713164329529,0.43494248390197754,-0.03836618363857269,0.4762476980686188,0.581026554107666,-0.022898465394973755,0.5216703414916992,0.5071618556976318,-0.02220034785568714,0.5372971892356873,0.46294981241226196,-0.018210595473647118,0.5456199645996094,0.4340274930000305,-0.015389570035040379,0.486167848110199,0.6043575406074524,-0.006333526223897934,0.5179181098937988,0.5395399928092957,-0.0023411940783262253,0.5255133509635925,0.4942929148674011,0.0003171711869072169,0.5259878635406494,0.46422362327575684,0.0020331554114818573,0.4887242317199707,0.6181273460388184,0.008906134404242039,0.5174857378005981,0.5764776468276978,0.013602392747998238,0.5298950672149658,0.5489551424980164,0.017471875995397568,0.5385494232177734,0.5272613763809204,0.020620282739400864
12,left,0,0,0,0,0,0,0,0,0,0,0,0,0,0,0,0,0,0,0,0,0,0,0,0,0,0,0,0,0,0,0,0,0,0,0,0,0,0,0,0,0,0,0,0,0,0,0,0,0,0,0,0,0,0,0,0,0,0,0,0,0,0,0
13,right,0.3961679935455322,0.676804780960083,3.0929001582080673e-07,0.37965908646583557,0.6062614321708679,-0.02613750658929348,0.3806073069572449,0.5297327637672424,-0.03912173956632614,0.37783586978912354,0.4677600562572479,-0.04443761333823204,0.3695105314254761,0.4302474856376648,-0.047960247844457626,0.45678195357322693,0.5546632409095764,-0.04264546185731888,0.5006148219108582,0.4925033152103424,-0.0466432124376297,0.5221012830734253,0.4602130651473999,-0.04651425778865814,0.5382359027862549,0.4349340498447418,-0.04508110135793686,0.48163944482803345,0.5827052593231201,-0.02622637152671814,0.5246821045875549,0.5070725679397583,-0.02739638090133667,0.5388462543487549,0.46284180879592896,-0.02380117028951645,0.5467745065689087,0.4341508448123932,-0.021160641685128212,0.4926409125328064,0.6043068170547485,-0.00900966301560402,0.5217533707618713,0.5379493236541748,-0.005824798718094826,0.52786785364151,0.49190452694892883,-0.0025487872771918774,0.5278500914573669,0.4615688621997833,-0.00046487562940455973,0.49493125081062317,0.6153045296669006,0.006642550230026245,0.5202272534370422,0.5704700946807861,0.011042879894375801,0.5310084223747253,0.5413570404052734,0.015130911022424698,0.5387416481971741,0.518748939037323,0.018357397988438606
13,left,0,0,0,0,0,0,0,0,0,0,0,0,0,0,0,0,0,0,0,0,0,0,0,0,0,0,0,0,0,0,0,0,0,0,0,0,0,0,0,0,0,0,0,0,0,0,0,0,0,0,0,0,0,0,0,0,0,0,0,0,0,0,0
14,right,0.3985384702682495,0.6770023107528687,2.811572414884722e-07,0.3806777000427246,0.6062982678413391,-0.026797180995345116,0.3823307156562805,0.5319456458091736,-0.038850992918014526,0.37953880429267883,0.47168439626693726,-0.04251321032643318,0.37195178866386414,0.4352869391441345,-0.04427811875939369,0.4596247673034668,0.5558937788009644,-0.04330586642026901,0.5035045146942139,0.49255937337875366,-0.0460655651986599,0.5244069695472717,0.45993345975875854,-0.04482334852218628,0.5402745604515076,0.4345139265060425,-0.04237782582640648,0.48288196325302124,0.5832803249359131,-0.024804076179862022,0.525184690952301,0.5062240362167358,-0.02447465807199478,0.5396885275840759,0.46264922618865967,-0.019521113485097885,0.5473495125770569,0.4344891905784607,-0.015670565888285637,0.4928584694862366,0.6039884090423584,-0.0054692174308001995,0.5187708139419556,0.5362937450408936,-0.001143692061305046,0.5252987742424011,0.49041685461997986,0.0020821024663746357,0.5259464979171753,0.45963799953460693,0.004457092843949795,0.4953036606311798,0.6144245862960815,0.012428791262209415,0.5166587829589844,0.5657857656478882,0.017535127699375153,0.5243345499038696,0.5347414016723633,0.02170722559094429,0.5292578339576721,0.5107357501983643,0.025316864252090454
14,left,0,0,0,0,0,0,0,0,0,0,0,0,0,0,0,0,0,0,0,0,0,0,0,0,0,0,0,0,0,0,0,0,0,0,0,0,0,0,0,0,0,0,0,0,0,0,0,0,0,0,0,0,0,0,0,0,0,0,0,0,0,0,0
15,right,0.3996378481388092,0.676815390586853,2.6203892389276007e-07,0.3828352391719818,0.6073620319366455,-0.027239112183451653,0.3847184181213379,0.5320216417312622,-0.03955219313502312,0.38128024339675903,0.4717314839363098,-0.0438864603638649,0.37261027097702026,0.43488186597824097,-0.0463547483086586,0.4633042514324188,0.5561478137969971,-0.04166668280959129,0.5062059164047241,0.4925539195537567,-0.04431856423616409,0.5263580679893494,0.4596237540245056,-0.0433589443564415,0.5418381690979004,0.4337768256664276,-0.04138728603720665,0.4869360327720642,0.5837247967720032,-0.024024350568652153,0.5279225707054138,0.5078079700469971,-0.024214472621679306,0.5418215394020081,0.46434256434440613,-0.020119870081543922,0.5491113066673279,0.43564337491989136,-0.016902349889278412,0.49690866470336914,0.6033757328987122,-0.005778538528829813,0.52325439453125,0.5352069735527039,-0.002515150234103203,0.5304278135299683,0.4900035560131073,-0.00022810335212852806,0.5315744280815125,0.4590819180011749,0.0014864519471302629,0.4987732470035553,0.6124438047409058,0.010957141406834126,0.5165683627128601,0.5602201223373413,0.015127506107091904,0.5215959548950195,0.5286427736282349,0.018990367650985718,0.5243467688560486,0.5044955015182495,0.02235913835465908
15,left,0,0,0,0,0,0,0,0,0,0,0,0,0,0,0,0,0,0,0,0,0,0,0,0,0,0,0,0,0,0,0,0,0,0,0,0,0,0,0,0,0,0,0,0,0,0,0,0,0,0,0,0,0,0,0,0,0,0,0,0,0,0,0
16,right,0.4011627435684204,0.6769554615020752,2.720490783758578e-07,0.38416868448257446,0.6065776348114014,-0.026831960305571556,0.3864024877548218,0.5328432321548462,-0.039098434150218964,0.3844325840473175,0.47360092401504517,-0.043301064521074295,0.37795764207839966,0.4358316659927368,-0.04545770213007927,0.4636571705341339,0.5562239289283752,-0.04141797497868538,0.5070787668228149,0.49367207288742065,-0.043496765196323395,0.5274163484573364,0.46148884296417236,-0.04205537959933281,0.54292231798172,0.43563494086265564,-0.03964168205857277,0.4864388704299927,0.5839465856552124,-0.02348194643855095,0.5292565822601318,0.5095229744911194,-0.023244962096214294,0.5435099601745605,0.4656994938850403,-0.01874113455414772,0.5507996678352356,0.43623125553131104,-0.01506002340465784,0.4955202341079712,0.6044185757637024,-0.0047670407220721245,0.5212581157684326,0.5375551581382751,-0.0006824740557931364,0.527740478515625,0.49402207136154175,0.0026532209012657404,0.5287948250770569,0.46442943811416626,0.005263395607471466,0.49690955877304077,0.6144627332687378,0.012480851262807846,0.5165597796440125,0.5642604231834412,0.017949944362044334,0.5225437879562378,0.5331870913505554,0.02301853708922863,0.5262610912322998,0.5092720985412598,0.027302147820591927
16,left,0,0,0,0,0,0,0,0,0,0,0,0,0,0,0,0,0,0,0,0,0,0,0,0,0,0,0,0,0,0,0,0,0,0,0,0,0,0,0,0,0,0,0,0,0,0,0,0,0,0,0,0,0,0,0,0,0,0,0,0,0,0,0
17,right,0.400199294090271,0.6764243841171265,2.8602039492398035e-07,0.38451632857322693,0.6061872243881226,-0.026424139738082886,0.3872109353542328,0.5327349901199341,-0.038288455456495285,0.3850588798522949,0.47353672981262207,-0.042091723531484604,0.3774789869785309,0.43710845708847046,-0.04399177432060242,0.46492332220077515,0.5559625029563904,-0.04079815000295639,0.508298397064209,0.4937438666820526,-0.04231672361493111,0.5291551947593689,0.46158814430236816,-0.04068933427333832,0.5450295805931091,0.43611738085746765,-0.03821280598640442,0.4874466061592102,0.5845122337341309,-0.02294328808784485,0.5293174982070923,0.5100998878479004,-0.021951142698526382,0.5437940955162048,0.4663310945034027,-0.017349183559417725,0.5512765645980835,0.43746739625930786,-0.013822811655700207,0.4964178800582886,0.6055890321731567,-0.004310513846576214,0.5225163698196411,0.5396826863288879,7.506081601604819e-05,0.5294323563575745,0.49474722146987915,0.002889347029849887,0.5304598808288574,0.46438223123550415,0.005033694673329592,0.4983181357383728,0.6159909963607788,0.012901989743113518,0.5202678442001343,0.5677924752235413,0.018150998279452324,0.5277642607688904,0.5372688174247742,0.02258959226310253,0.5323575139045715,0.5139065384864807,0.026392726227641106
17,left,0,0,0,0,0,0,0,0,0,0,0,0,0,0,0,0,0,0,0,0,0,0,0,0,0,0,0,0,0,0,0,0,0,0,0,0,0,0,0,0,0,0,0,0,0,0,0,0,0,0,0,0,0,0,0,0,0,0,0,0,0,0,0
18,right,0.40066248178482056,0.6785544753074646,2.780709849048435e-07,0.3851676881313324,0.6077236533164978,-0.02658720687031746,0.3883989453315735,0.5316944718360901,-0.03797643259167671,0.3861289620399475,0.4710536003112793,-0.04128941893577576,0.3787967562675476,0.43313413858413696,-0.04255981370806694,0.46509844064712524,0.5559350252151489,-0.038890864700078964,0.5087449550628662,0.49444982409477234,-0.03944053500890732,0.529744565486908,0.4630165696144104,-0.037471260875463486,0.5455597639083862,0.4381371736526489,-0.03482772782444954,0.4869594871997833,0.5845127105712891,-0.020554285496473312,0.5280928611755371,0.5106494426727295,-0.018059520050883293,0.5430761575698853,0.46782374382019043,-0.013188965618610382,0.5512082576751709,0.43919187784194946,-0.009613062255084515,0.4953060448169708,0.605309247970581,-0.0015597762539982796,0.5205020308494568,0.5387626886367798,0.003993025980889797,0.5290928483009338,0.4949561357498169,0.006817808374762535,0.5315927267074585,0.46505916118621826,0.008781643584370613,0.4967087507247925,0.6155768036842346,0.015979409217834473,0.5174399018287659,0.5668348073959351,0.02226203680038452,0.5245851278305054,0.5360933542251587,0.027132002636790276,0.5287489891052246,0.5123686790466309,0.031147051602602005
18,left,0,0,0,0,0,0,0,0,0,0,0,0,0,0,0,0,0,0,0,0,0,0,0,0,0,0,0,0,0,0,0,0,0,0,0,0,0,0,0,0,0,0,0,0,0,0,0,0,0,0,0,0,0,0,0,0,0,0,0,0,0,0,0
19,right,0.40021759271621704,0.6773581504821777,2.8081871050744667e-07,0.38437363505363464,0.6069509983062744,-0.026202460750937462,0.3872682452201843,0.5334038734436035,-0.03784634917974472,0.3842383325099945,0.4751916527748108,-0.0413222461938858,0.3761628270149231,0.4397735595703125,-0.04292985051870346,0.4647376537322998,0.5576408505439758,-0.04138129949569702,0.5083304047584534,0.4951155483722687,-0.0429343543946743,0.529138445854187,0.4630257487297058,-0.041045814752578735,0.544928789138794,0.4375525414943695,-0.038290176540613174,0.48683804273605347,0.5862966179847717,-0.023344529792666435,0.5291423201560974,0.5116295218467712,-0.022371811792254448,0.543733537197113,0.4684009552001953,-0.017469432204961777,0.5512565970420837,0.439733624458313,-0.013620169833302498,0.4955095648765564,0.6072095632553101,-0.004439066164195538,0.5212085843086243,0.5412423014640808,0.00014177545381244272,0.5284297466278076,0.4961870610713959,0.003152943681925535,0.5298013091087341,0.4653160870075226,0.005423912312835455,0.4969053268432617,0.6171609163284302,0.013104468584060669,0.5169489979743958,0.5675726532936096,0.01842844858765602,0.5235146284103394,0.5363977551460266,0.022975172847509384,0.5274998545646667,0.5124233961105347,0.02686362899839878
19,left,0,0,0,0,0,0,0,0,0,0,0,0,0,0,0,0,0,0,0,0,0,0,0,0,0,0,0,0,0,0,0,0,0,0,0,0,0,0,0,0,0,0,0,0,0,0,0,0,0,0,0,0,0,0,0,0,0,0,0,0,0,0,0
20,right,0.4000917077064514,0.6785697340965271,2.653113426731579e-07,0.3850622773170471,0.6065585017204285,-0.025183113291859627,0.3890243172645569,0.5322660803794861,-0.03645480424165726,0.3864612877368927,0.4727855324745178,-0.04018048569560051,0.37988802790641785,0.4349140524864197,-0.04200524464249611,0.46519142389297485,0.5557941794395447,-0.03740834817290306,0.5080481767654419,0.4947493374347687,-0.038914602249860764,0.5292536616325378,0.46313589811325073,-0.037884652614593506,0.5453760027885437,0.4383203983306885,-0.03575515002012253,0.4860493540763855,0.5841823220252991,-0.020202601328492165,0.5271242260932922,0.5111741423606873,-0.01806952990591526,0.5422823429107666,0.46862128376960754,-0.01336611993610859,0.5508244633674622,0.4399574398994446,-0.009870416484773159,0.4938325583934784,0.6053794622421265,-0.002353354124352336,0.5191985964775085,0.5400383472442627,0.0031563490629196167,0.5268147587776184,0.497860848903656,0.006756216753274202,0.5291997194290161,0.4695777893066406,0.009330280125141144,0.4946840703487396,0.6158983707427979,0.014038949273526669,0.5150949954986572,0.5658193230628967,0.02028557099401951,0.5207496285438538,0.5346498489379883,0.025904420763254166,0.5239666700363159,0.5115132927894592,0.03059433214366436
20,left,0,0,0,0,0,0,0,0,0,0,0,0,0,0,0,0,0,0,0,0,0,0,0,0,0,0,0,0,0,0,0,0,0,0,0,0,0,0,0,0,0,0,0,0,0,0,0,0,0,0,0,0,0,0,0,0,0,0,0,0,0,0,0
21,right,0.4010283350944519,0.6757485270500183,2.891381996050768e-07,0.38492897152900696,0.607054591178894,-0.02841034345328808,0.38690096139907837,0.5314509272575378,-0.04128393158316612,0.3839936852455139,0.4707297086715698,-0.04570114240050316,0.37649890780448914,0.4333893656730652,-0.048047251999378204,0.465279221534729,0.5574225187301636,-0.04356112703680992,0.5090562105178833,0.4945317506790161,-0.045925576239824295,0.5299850702285767,0.4622560441493988,-0.04461462423205376,0.5460037589073181,0.43728774785995483,-0.04226476326584816,0.4883778989315033,0.5853192210197449,-0.024592019617557526,0.529948353767395,0.5104771852493286,-0.02395932376384735,0.5444924831390381,0.46787533164024353,-0.019058620557188988,0.5521301627159119,0.4402535557746887,-0.015295187942683697,0.4980029761791229,0.6054430603981018,-0.004954516422003508,0.5220152139663696,0.5388920307159424,-5.76574238948524e-05,0.5278574824333191,0.495002806186676,0.0034580426290631294,0.5280545949935913,0.4654179811477661,0.005863342434167862,0.5000800490379333,0.6153693795204163,0.012972312048077583,0.5183883905410767,0.5661298632621765,0.018544696271419525,0.5238193869590759,0.5357889533042908,0.023138077929615974,0.5267427563667297,0.5122867226600647,0.026996079832315445
21,left,0,0,0,0,0,0,0,0,0,0,0,0,0,0,0,0,0,0,0,0,0,0,0,0,0,0,0,0,0,0,0,0,0,0,0,0,0,0,0,0,0,0,0,0,0,0,0,0,0,0,0,0,0,0,0,0,0,0,0,0,0,0,0
22,right,0.4001006484031677,0.6766363978385925,2.7555006454349495e-07,0.3846553862094879,0.606155514717102,-0.02599659562110901,0.3871191740036011,0.5314571857452393,-0.037971917539834976,0.3854076862335205,0.47173798084259033,-0.04215658828616142,0.38020843267440796,0.43447932600975037,-0.04445340484380722,0.4645359218120575,0.5572322607040405,-0.04002801701426506,0.5077719688415527,0.49710744619369507,-0.04151451215147972,0.5287451148033142,0.4647958278656006,-0.04011747986078262,0.5444359183311462,0.43998610973358154,-0.03789210692048073,0.4865487813949585,0.5861034989356995,-0.022903693839907646,0.5289013981819153,0.5128290057182312,-0.021381547674536705,0.54347825050354,0.4683132767677307,-0.017106369137763977,0.5512566566467285,0.4392574727535248,-0.01408503670245409,0.49519455432891846,0.6081393957138062,-0.005072294268757105,0.5242358446121216,0.5436654090881348,-0.0009924009209498763,0.532278835773468,0.4991709589958191,0.0013150845188647509,0.534264862537384,0.469404399394989,0.0030142103787511587,0.4967767298221588,0.6200587749481201,0.011429968290030956,0.5232295989990234,0.5759977698326111,0.01607218198478222,0.5340819954872131,0.5466054677963257,0.02001039683818817,0.5414045453071594,0.5234984159469604,0.023446060717105865
22,left,0,0,0,0,0,0,0,0,0,0,0,0,0,0,0,0,0,0,0,0,0,0,0,0,0,0,0,0,0,0,0,0,0,0,0,0,0,0,0,0,0,0,0,0,0,0,0,0,0,0,0,0,0,0,0,0,0,0,0,0,0,0,0
23,right,0.40124839544296265,0.6771968007087708,2.8216817327120225e-07,0.3856368064880371,0.6064909100532532,-0.025602927431464195,0.38854581117630005,0.5332116484642029,-0.03731163218617439,0.38663631677627563,0.4742693305015564,-0.04136248677968979,0.37983909249305725,0.43775102496147156,-0.04350986331701279,0.4647825360298157,0.5569055676460266,-0.03874654322862625,0.5076709389686584,0.4966281056404114,-0.04057293385267258,0.5290675759315491,0.46518704295158386,-0.03950297459959984,0.5452792644500732,0.4408405125141144,-0.03737933561205864,0.4866788387298584,0.5853062272071838,-0.021707002073526382,0.5285119414329529,0.5115360021591187,-0.0204519871622324,0.5436708331108093,0.4680606722831726,-0.015932485461235046,0.5521863102912903,0.43942317366600037,-0.012513059191405773,0.49516189098358154,0.6066548824310303,-0.004026555921882391,0.522912323474884,0.5408705472946167,0.00029242891469039023,0.531412661075592,0.4973207116127014,0.0033788157161325216,0.5339903831481934,0.46795758605003357,0.005731408484280109,0.49652817845344543,0.6175654530525208,0.012222365476191044,0.5208733677864075,0.5707089304924011,0.017368344590067863,0.5301112532615662,0.5403687953948975,0.022026414051651955,0.536171555519104,0.516591489315033,0.026022963225841522
23,left,0,0,0,0,0,0,0,0,0,0,0,0,0,0,0,0,0,0,0,0,0,0,0,0,0,0,0,0,0,0,0,0,0,0,0,0,0,0,0,0,0,0,0,0,0,0,0,0,0,0,0,0,0,0,0,0,0,0,0,0,0,0,0
24,right,0.3996258080005646,0.6754491329193115,3.1063353844729136e-07,0.38526082038879395,0.6055678129196167,-0.0270705409348011,0.38777807354927063,0.5315691828727722,-0.04010976478457451,0.38509097695350647,0.4710920453071594,-0.044959794729948044,0.37905260920524597,0.4333544671535492,-0.04785365238785744,0.4645059406757355,0.5582535266876221,-0.04398152977228165,0.5090813040733337,0.4970249831676483,-0.04631898179650307,0.5306166410446167,0.46437808871269226,-0.04499790072441101,0.54668790102005,0.43942123651504517,-0.042616017162799835,0.48662835359573364,0.5872938632965088,-0.02602781541645527,0.5306260585784912,0.512785017490387,-0.025309540331363678,0.5451215505599976,0.46819379925727844,-0.02034580521285534,0.5524924993515015,0.43956828117370605,-0.01668921299278736,0.4952037036418915,0.6092215776443481,-0.00713418610394001,0.5245136022567749,0.5461164116859436,-0.0025636088103055954,0.5299561619758606,0.5020149946212769,0.0015131543623283505,0.5292444825172424,0.4729444086551666,0.004545628093183041,0.4965244233608246,0.6204321980476379,0.010247328318655491,0.5237603783607483,0.5759182572364807,0.01550679188221693,0.5331296920776367,0.5453434586524963,0.020538829267024994,0.5383444428443909,0.5218530893325806,0.024892199784517288
24,left,0,0,0,0,0,0,0,0,0,0,0,0,0,0,0,0,0,0,0,0,0,0,0,0,0,0,0,0,0,0,0,0,0,0,0,0,0,0,0,0,0,0,0,0,0,0,0,0,0,0,0,0,0,0,0,0,0,0,0,0,0,0,0
25,right,0.39985519647598267,0.6788514852523804,2.8480187097557064e-07,0.38449954986572266,0.6073817014694214,-0.026544256135821342,0.3885616958141327,0.5312637090682983,-0.03769167512655258,0.38723087310791016,0.4699067771434784,-0.04078828543424606,0.38162097334861755,0.4327051341533661,-0.04192078486084938,0.46529731154441833,0.5559629201889038,-0.03799610584974289,0.5085017681121826,0.4956693947315216,-0.038683660328388214,0.5303503274917603,0.46382832527160645,-0.03734179586172104,0.5466561317443848,0.4393603205680847,-0.035102639347314835,0.4866907298564911,0.5851176977157593,-0.019419820979237556,0.5274850130081177,0.5127466320991516,-0.01585162617266178,0.5428606867790222,0.4692774713039398,-0.011159668676555157,0.551329493522644,0.4403887689113617,-0.008059491403400898,0.4948267340660095,0.6075686812400818,-0.00033614857238717377,0.5218576192855835,0.5423202514648438,0.006166987121105194,0.5313252210617065,0.49851566553115845,0.008515091612935066,0.5343281626701355,0.4691377282142639,0.009823971427977085,0.49627670645713806,0.6198021769523621,0.017223700881004333,0.5219027996063232,0.5771954655647278,0.023945095017552376,0.5336214303970337,0.549193263053894,0.0279422365128994,0.5416322946548462,0.5276464223861694,0.03116338513791561
25,left,0,0,0,0,0,0,0,0,0,0,0,0,0,0,0,0,0,0,0,0,0,0,0,0,0,0,0,0,0,0,0,0,0,0,0,0,0,0,0,0,0,0,0,0,0,0,0,0,0,0,0,0,0,0,0,0,0,0,0,0,0,0,0
26,right,0.4003185033798218,0.6772732138633728,2.882386240798951e-07,0.38456323742866516,0.6074859499931335,-0.02672981657087803,0.38791894912719727,0.5332280397415161,-0.03907783702015877,0.38528022170066833,0.4738278388977051,-0.043581053614616394,0.37803104519844055,0.43726271390914917,-0.04611077904701233,0.46445825695991516,0.5583856105804443,-0.04161045700311661,0.5079904794692993,0.4962322413921356,-0.04461415484547615,0.529254674911499,0.463556170463562,-0.04409326612949371,0.5452768802642822,0.43789127469062805,-0.04216122254729271,0.4868159890174866,0.5861902832984924,-0.023918531835079193,0.5298066139221191,0.5125742554664612,-0.023362141102552414,0.5446564555168152,0.4685640037059784,-0.018694570288062096,0.551963210105896,0.4396470785140991,-0.01500066090375185,0.4955296516418457,0.6069076061248779,-0.005518680438399315,0.5197394490242004,0.5417016744613647,-0.0010421369224786758,0.5222928524017334,0.4990765452384949,0.0030960342846810818,0.5196945667266846,0.47134825587272644,0.006435684859752655,0.49634602665901184,0.6170386672019958,0.011304301209747791,0.5152088403701782,0.5659845471382141,0.01659327559173107,0.5190409421920776,0.5345119833946228,0.02210419252514839,0.5203378796577454,0.5113741755485535,0.026987889781594276
26,left,0,0,0,0,0,0,0,0,0,0,0,0,0,0,0,0,0,0,0,0,0,0,0,0,0,0,0,0,0,0,0,0,0,0,0,0,0,0,0,0,0,0,0,0,0,0,0,0,0,0,0,0,0,0,0,0,0,0,0,0,0,0,0
27,right,0.4006839096546173,0.6781781315803528,3.0455095156867174e-07,0.38486072421073914,0.6076211333274841,-0.026358647271990776,0.3877113461494446,0.5334384441375732,-0.03798330947756767,0.3860567510128021,0.4741118848323822,-0.041239019483327866,0.3799307942390442,0.43762722611427307,-0.04250049218535423,0.46500343084335327,0.5580386519432068,-0.04130933806300163,0.5089600086212158,0.4961426258087158,-0.041950296610593796,0.530127763748169,0.4643420875072479,-0.03972593694925308,0.5456649661064148,0.4394959509372711,-0.036854177713394165,0.48664191365242004,0.5863257050514221,-0.02264835312962532,0.5288035869598389,0.5118762254714966,-0.02032053843140602,0.5437191128730774,0.46798741817474365,-0.015524297021329403,0.5513964891433716,0.4389400780200958,-0.012207072228193283,0.49511682987213135,0.608206033706665,-0.0031023789197206497,0.5230823159217834,0.5424105525016785,0.002509522018954158,0.5312823057174683,0.4976615011692047,0.004661504179239273,0.5326833724975586,0.46710318326950073,0.005895499140024185,0.4970760941505432,0.6204627752304077,0.015117906965315342,0.5239341855049133,0.5790529251098633,0.02123691327869892,0.5361355543136597,0.5517050623893738,0.024761443957686424,0.5443371534347534,0.5296492576599121,0.027585094794631004
27,left,0,0,0,0,0,0,0,0,0,0,0,0,0,0,0,0,0,0,0,0,0,0,0,0,0,0,0,0,0,0,0,0,0,0,0,0,0,0,0,0,0,0,0,0,0,0,0,0,0,0,0,0,0,0,0,0,0,0,0,0,0,0,0
28,right,0.400409072637558,0.6778128147125244,2.874512574635446e-07,0.38545411825180054,0.6073038578033447,-0.02618229389190674,0.3889238238334656,0.5331922173500061,-0.03767066076397896,0.3863857686519623,0.4737894535064697,-0.041251786053180695,0.3789713978767395,0.4369034469127655,-0.0429072342813015,0.4654690623283386,0.5578027963638306,-0.0390649177134037,0.5087369084358215,0.4972878396511078,-0.04027117043733597,0.5300986170768738,0.46561720967292786,-0.038835566490888596,0.5462058186531067,0.4408358931541443,-0.03647039085626602,0.48693186044692993,0.5859115719795227,-0.02128012664616108,0.5290976166725159,0.5119149088859558,-0.019531961530447006,0.5445719957351685,0.4683991074562073,-0.01485899556428194,0.5525604486465454,0.43967512249946594,-0.011276249773800373,0.49505558609962463,0.6069286465644836,-0.002797217108309269,0.5212134122848511,0.5415663719177246,0.0022024111822247505,0.5284333229064941,0.4980969727039337,0.005283311475068331,0.5296339392662048,0.46870511770248413,0.0076995305716991425,0.49615877866744995,0.617258608341217,0.014239447191357613,0.5179911851882935,0.5681164860725403,0.019987406209111214,0.5249820947647095,0.5367469787597656,0.02494698017835617,0.5288170576095581,0.5127513408660889,0.02920468896627426
28,left,0,0,0,0,0,0,0,0,0,0,0,0,0,0,0,0,0,0,0,0,0,0,0,0,0,0,0,0,0,0,0,0,0,0,0,0,0,0,0,0,0,0,0,0,0,0,0,0,0,0,0,0,0,0,0,0,0,0,0,0,0,0,0
29,right,0.4010190963745117,0.6771284341812134,2.8832860721195175e-07,0.38510841131210327,0.6062567234039307,-0.026706282049417496,0.38831964135169983,0.5317443013191223,-0.03871230408549309,0.38603681325912476,0.47192108631134033,-0.04233911633491516,0.38002368807792664,0.43446633219718933,-0.043971460312604904,0.46514803171157837,0.5584626793861389,-0.04281662777066231,0.5097349882125854,0.4959508180618286,-0.04434547573328018,0.5306233167648315,0.4638707935810089,-0.04237173870205879,0.5460615158081055,0.4386093020439148,-0.03939320892095566,0.48638978600502014,0.5869146585464478,-0.023908624425530434,0.5299537181854248,0.5116326212882996,-0.022457603365182877,0.5445004105567932,0.4680115580558777,-0.017043840140104294,0.5513298511505127,0.4394379258155823,-0.012831075116991997,0.4946516752243042,0.6082009673118591,-0.004007004667073488,0.5218376517295837,0.5425593256950378,0.0015956469578668475,0.527194082736969,0.4991322457790375,0.005605177488178015,0.5266444683074951,0.470180869102478,0.008622363209724426,0.4958966076374054,0.6189081072807312,0.014479641802608967,0.518551766872406,0.5704709887504578,0.021158242598176003,0.5251839756965637,0.5392993688583374,0.02664031833410263,0.5285635590553284,0.5160828232765198,0.03123854473233223
29,left,0,0,0,0,0,0,0,0,0,0,0,0,0,0,0,0,0,0,0,0,0,0,0,0,0,0,0,0,0,0,0,0,0,0,0,0,0,0,0,0,0,0,0,0,0,0,0,0,0,0,0,0,0,0,0,0,0,0,0,0,0,0,0
30,right,0.40013962984085083,0.6783899068832397,2.851969043149438e-07,0.38491320610046387,0.6075411438941956,-0.02617858536541462,0.3880748748779297,0.5322230458259583,-0.037962883710861206,0.38671186566352844,0.4722197353839874,-0.04170014336705208,0.3803969621658325,0.43477004766464233,-0.043432533740997314,0.46390920877456665,0.5582826137542725,-0.04101356863975525,0.5083507895469666,0.4970300793647766,-0.042528342455625534,0.5293347239494324,0.46490633487701416,-0.040778275579214096,0.5447427034378052,0.43957239389419556,-0.03818199783563614,0.4863319396972656,0.5868842601776123,-0.023366425186395645,0.5298860669136047,0.5127038955688477,-0.022577613592147827,0.5443909168243408,0.46842214465141296,-0.01820618100464344,0.5516283512115479,0.43911212682724,-0.014764707535505295,0.4952777028083801,0.6077626943588257,-0.004820155445486307,0.5234469175338745,0.5422004461288452,-0.0007299916469492018,0.5304976105690002,0.49773475527763367,0.002191245788708329,0.5312759280204773,0.46785593032836914,0.004542905371636152,0.4969068765640259,0.6180230975151062,0.012400850653648376,0.5209402441978455,0.5709454417228699,0.017665324732661247,0.5298060178756714,0.5402740240097046,0.02241799235343933,0.5351662039756775,0.5165684819221497,0.026523392647504807
30,left,0,0,0,0,0,0,0,0,0,0,0,0,0,0,0,0,0,0,0,0,0,0,0,0,0,0,0,0,0,0,0,0,0,0,0,0,0,0,0,0,0,0,0,0,0,0,0,0,0,0,0,0,0,0,0,0,0,0,0,0,0,0,0
31,right,0.39944377541542053,0.6790042519569397,2.968985484130826e-07,0.38458821177482605,0.6082969903945923,-0.026620183140039444,0.38824430108070374,0.532742977142334,-0.03841346129775047,0.3861825466156006,0.4724677503108978,-0.04163731634616852,0.37981921434402466,0.43548503518104553,-0.04272319748997688,0.464529424905777,0.5585131645202637,-0.042815133929252625,0.5104377865791321,0.49563804268836975,-0.04368128627538681,0.5310516953468323,0.46342504024505615,-0.04085984826087952,0.5461077094078064,0.43811339139938354,-0.03734317049384117,0.4854975640773773,0.5873589515686035,-0.023656949400901794,0.5298999547958374,0.5110681056976318,-0.022269917652010918,0.5443256497383118,0.467590868473053,-0.01660631224513054,0.5514021515846252,0.43942034244537354,-0.012085551396012306,0.4934108853340149,0.6091355681419373,-0.003432361874729395,0.5220598578453064,0.542444109916687,0.002014255616813898,0.5289005041122437,0.4976958632469177,0.005662126466631889,0.5295892953872681,0.4677257239818573,0.008466167375445366,0.4944920539855957,0.6205112934112549,0.015494304709136486,0.5192850828170776,0.5727284550666809,0.022105207666754723,0.5277142524719238,0.5411147475242615,0.02716381475329399,0.5326787233352661,0.5172132849693298,0.03143063560128212
31,left,0,0,0,0,0,0,0,0,0,0,0,0,0,0,0,0,0,0,0,0,0,0,0,0,0,0,0,0,0,0,0,0,0,0,0,0,0,0,0,0,0,0,0,0,0,0,0,0,0,0,0,0,0,0,0,0,0,0,0,0,0,0,0
32,right,0.39986109733581543,0.6780183911323547,2.7555185511118907e-07,0.3848634362220764,0.6064020395278931,-0.02566024847328663,0.38783347606658936,0.5310438871383667,-0.036823876202106476,0.3858932554721832,0.470872700214386,-0.03972974792122841,0.38007399439811707,0.4342500567436218,-0.04058114066720009,0.46511945128440857,0.5580175518989563,-0.04037003219127655,0.5100961923599243,0.4948330223560333,-0.040881626307964325,0.5308607220649719,0.46328204870224,-0.03834958374500275,0.5463799238204956,0.4380838871002197,-0.03511599078774452,0.48642486333847046,0.5866022109985352,-0.021508734673261642,0.5287861824035645,0.5104104280471802,-0.019319117069244385,0.5436743497848511,0.46769165992736816,-0.013908305205404758,0.5510237812995911,0.43936970829963684,-0.009805247187614441,0.494600385427475,0.6077690720558167,-0.0016450000694021583,0.5211515426635742,0.5408304929733276,0.004687124397605658,0.5297037959098816,0.49663910269737244,0.008067376911640167,0.5313153266906738,0.4664204716682434,0.010368440300226212,0.4959304928779602,0.6185757517814636,0.016908088698983192,0.5181744694709778,0.5707367658615112,0.024080047383904457,0.5261722803115845,0.5394055247306824,0.029045704752206802,0.530536413192749,0.5150898098945618,0.03311581537127495
32,left,0,0,0,0,0,0,0,0,0,0,0,0,0,0,0,0,0,0,0,0,0,0,0,0,0,0,0,0,0,0,0,0,0,0,0,0,0,0,0,0,0,0,0,0,0,0,0,0,0,0,0,0,0,0,0,0,0,0,0,0,0,0,0
33,right,0.4000197947025299,0.6775158643722534,2.7842617100759526e-07,0.3849022090435028,0.6056753396987915,-0.02594381384551525,0.3883068859577179,0.530165433883667,-0.037042286247015,0.3864598572254181,0.47016817331314087,-0.04000578448176384,0.38071832060813904,0.4332098364830017,-0.04096156731247902,0.4658331871032715,0.558192789554596,-0.039524562656879425,0.5100175142288208,0.4955240786075592,-0.04022602364420891,0.5309442281723022,0.46359363198280334,-0.03813948109745979,0.5466068983078003,0.4380701780319214,-0.035220105201005936,0.4870988726615906,0.5863679647445679,-0.020901760086417198,0.5297795534133911,0.5117228031158447,-0.018672406673431396,0.5447193384170532,0.46847206354141235,-0.013454959727823734,0.5523083806037903,0.43976521492004395,-0.009478602558374405,0.4953978955745697,0.6073678135871887,-0.0014055444626137614,0.5211027264595032,0.5419771075248718,0.005002799443900585,0.5269967317581177,0.498969703912735,0.00895428005605936,0.5271452069282532,0.4701017141342163,0.011764232069253922,0.496625155210495,0.6178744435310364,0.016626350581645966,0.5181810259819031,0.5696232318878174,0.023828119039535522,0.5249603390693665,0.5384213924407959,0.029317623004317284,0.5287593603134155,0.5147866010665894,0.033850688487291336
33,left,0,0,0,0,0,0,0,0,0,0,0,0,0,0,0,0,0,0,0,0,0,0,0,0,0,0,0,0,0,0,0,0,0,0,0,0,0,0,0,0,0,0,0,0,0,0,0,0,0,0,0,0,0,0,0,0,0,0,0,0,0,0,0
34,right,0.3996320962905884,0.6769223213195801,2.930990206095885e-07,0.38509678840637207,0.6049517393112183,-0.02491224743425846,0.3882778286933899,0.5307648777961731,-0.03632839396595955,0.3862241804599762,0.4715745449066162,-0.03979834169149399,0.3816105127334595,0.43506503105163574,-0.04134106636047363,0.4644724130630493,0.5569965839385986,-0.0402122363448143,0.5089810490608215,0.4957617521286011,-0.041698556393384933,0.5299971103668213,0.46383023262023926,-0.04001810401678085,0.5455053448677063,0.43868574500083923,-0.03728758543729782,0.485285222530365,0.5861627459526062,-0.022316837683320045,0.5288701057434082,0.5122526288032532,-0.020796790719032288,0.5442215800285339,0.46858713030815125,-0.016060112044215202,0.5522632598876953,0.4398101568222046,-0.012500384822487831,0.4933917820453644,0.6091080904006958,-0.0034223576076328754,0.5214061737060547,0.5452978610992432,0.0020340397022664547,0.5276695489883423,0.5013030767440796,0.005318420007824898,0.5281988382339478,0.47198575735092163,0.0077832103706896305,0.4949665367603302,0.621931254863739,0.01422535628080368,0.5223852396011353,0.578059732913971,0.02029675431549549,0.5330657958984375,0.5481410026550293,0.02495567873120308,0.5401382446289062,0.5251492857933044,0.02902335859835148
34,left,0,0,0,0,0,0,0,0,0,0,0,0,0,0,0,0,0,0,0,0,0,0,0,0,0,0,0,0,0,0,0,0,0,0,0,0,0,0,0,0,0,0,0,0,0,0,0,0,0,0,0,0,0,0,0,0,0,0,0,0,0,0,0
35,right,0.40011337399482727,0.6780607104301453,2.899558637636801e-07,0.3854482173919678,0.6069367527961731,-0.025570057332515717,0.3884447515010834,0.5317212343215942,-0.03709701821208,0.38586097955703735,0.47193443775177,-0.040641553699970245,0.3796587288379669,0.4353383481502533,-0.04222087562084198,0.46488940715789795,0.5581331253051758,-0.039813682436943054,0.5089067816734314,0.49662503600120544,-0.040777307003736496,0.5301462411880493,0.46464547514915466,-0.038717564195394516,0.546019434928894,0.4399857223033905,-0.03579162806272507,0.486320823431015,0.5864638686180115,-0.021760519593954086,0.5287823677062988,0.5113864541053772,-0.019688168540596962,0.5440218448638916,0.46778804063796997,-0.014217008836567402,0.552214503288269,0.4391883909702301,-0.010040145367383957,0.49480846524238586,0.6080438494682312,-0.0028562943916767836,0.5227428078651428,0.5421720147132874,0.00295671122148633,0.530586302280426,0.4990164041519165,0.006726453546434641,0.532264769077301,0.46988290548324585,0.009499713778495789,0.49652472138404846,0.6194378137588501,0.014636693522334099,0.5215535759925842,0.5736403465270996,0.021212425082921982,0.5308873057365417,0.5431690216064453,0.026314755901694298,0.5366600751876831,0.5193301439285278,0.030614566057920456
35,left,0,0,0,0,0,0,0,0,0,0,0,0,0,0,0,0,0,0,0,0,0,0,0,0,0,0,0,0,0,0,0,0,0,0,0,0,0,0,0,0,0,0,0,0,0,0,0,0,0,0,0,0,0,0,0,0,0,0,0,0,0,0,0
36,right,0.399029016494751,0.6785900592803955,2.954536171273503e-07,0.3845146894454956,0.6069849729537964,-0.024996167048811913,0.38772088289260864,0.5308622121810913,-0.03654976561665535,0.38576048612594604,0.4703264534473419,-0.04030725359916687,0.3794291615486145,0.4343740940093994,-0.042137522250413895,0.46261683106422424,0.5585497617721558,-0.04045522212982178,0.5076201558113098,0.4976780414581299,-0.04232276976108551,0.5296129584312439,0.4656280279159546,-0.04093962535262108,0.5458677411079407,0.44052809476852417,-0.038505468517541885,0.4852827191352844,0.5868217349052429,-0.0231609046459198,0.5279968976974487,0.5116636157035828,-0.021643366664648056,0.5435201525688171,0.4673405885696411,-0.016836633905768394,0.5518665909767151,0.43813568353652954,-0.013289337046444416,0.49484410881996155,0.6082781553268433,-0.004908205941319466,0.5222577452659607,0.5423813462257385,0.00045533955562859774,0.5293291211128235,0.49856284260749817,0.004028769675642252,0.5297586917877197,0.4693927764892578,0.006586179602891207,0.49724239110946655,0.6194620728492737,0.011927908286452293,0.5229009985923767,0.5758962631225586,0.018065981566905975,0.5330840349197388,0.546269953250885,0.022824976593255997,0.5392610430717468,0.5230079889297485,0.026853393763303757
36,left,0,0,0,0,0,0,0,0,0,0,0,0,0,0,0,0,0,0,0,0,0,0,0,0,0,0,0,0,0,0,0,0,0,0,0,0,0,0,0,0,0,0,0,0,0,0,0,0,0,0,0,0,0,0,0,0,0,0,0,0,0,0,0
