0.7271780371665955,0.7660515904426575,-0.30100563168525696,0.2979143559932709,0.7766549587249756,-0.4071086347103119
0.7278720140457153,0.7659221291542053,-0.30676016211509705,0.29805269837379456,0.7759045958518982,-0.40060678124427795
0.7285138368606567,0.7659584283828735,-0.3031180202960968,0.2993012070655823,0.7752844095230103,-0.39950892329216003
0.7288068532943726,0.7660651803016663,-0.2985556721687317,0.3029714822769165,0.7747442722320557,-0.3992663323879242
0.7292091846466064,0.7663366794586182,-0.2879409193992615,0.3035948872566223,0.7745844125747681,-0.39897409081459045
0.729191780090332,0.7674989700317383,-0.2802935242652893,0.3039056956768036,0.7743772268295288,-0.3976835310459137
0.7291038036346436,0.7697588205337524,-0.2769392728805542,0.3037950396537781,0.7744796872138977,-0.395643949508667
0.7290527820587158,0.7708877325057983,-0.2764299213886261,0.3027002513408661,0.7744052410125732,-0.4346606731414795
0.7277795076370239,0.7718073725700378,-0.22339458763599396,0.3025875687599182,0.7743871808052063,-0.43682414293289185
0.7274876832962036,0.7727996110916138,-0.2272178828716278,0.3025220036506653,0.7745014429092407,-0.4362502992153168
0.7272756099700928,0.7741972208023071,-0.19786526262760162,0.3025992512702942,0.7744659781455994,-0.4398772716522217
0.7272425293922424,0.7760372757911682,-0.1764841377735138,0.3026318848133087,0.7744773030281067,-0.43778055906295776
0.7273131012916565,0.7771021723747253,-0.17376364767551422,0.30295848846435547,0.7744578719139099,-0.43612322211265564
0.7273725867271423,0.7775484323501587,-0.17949247360229492,0.30392366647720337,0.7746454477310181,-0.4370752274990082
0.7274349927902222,0.7775067687034607,-0.18535038828849792,0.30528610944747925,0.7748228907585144,-0.43788307905197144
0.7279806137084961,0.7780060172080994,-0.1892412155866623,0.30639976263046265,0.7759591341018677,-0.43708762526512146
0.7289102077484131,0.778225302696228,-0.19740085303783417,0.30660295486450195,0.7761833071708679,-0.4354069232940674
0.7290022969245911,0.7782405018806458,-0.17684416472911835,0.3076860308647156,0.7761226296424866,-0.4233373701572418
0.7294523119926453,0.7783409357070923,-0.1804564744234085,0.3078828454017639,0.7762802243232727,-0.42194804549217224
0.7302941083908081,0.7784658670425415,-0.19015976786613464,0.3079039454460144,0.7765949368476868,-0.4228355288505554
0.7304762601852417,0.7789690494537354,-0.20107364654541016,0.3079295754432678,0.7769372463226318,-0.4264838695526123
0.7306894659996033,0.7790175676345825,-0.20317277312278748,0.30795997381210327,0.7774626612663269,-0.4335952401161194
0.7301337718963623,0.7791823148727417,-0.18775004148483276,0.3076545000076294,0.7774266600608826,-0.4333907663822174
0.7299535274505615,0.7792079448699951,-0.18895207345485687,0.3074437975883484,0.7774718403816223,-0.42881694436073303
0.7299256324768066,0.7792072892189026,-0.189795583486557,0.3066568672657013,0.7777295708656311,-0.42879390716552734
0.7298881411552429,0.7792198061943054,-0.19142700731754303,0.3061287999153137,0.7781044840812683,-0.42875856161117554
0.7298874258995056,0.7792641520500183,-0.1819761097431183,0.3059406578540802,0.7783495187759399,-0.42889896035194397
0.7299169898033142,0.7793750762939453,-0.201858788728714,0.30592095851898193,0.7790834903717041,-0.4143444001674652
0.7300518751144409,0.7796304821968079,-0.20192532241344452,0.3059467673301697,0.7792690992355347,-0.41493111848831177
0.730188250541687,0.779874861240387,-0.20393791794776917,0.3060661852359772,0.7792862057685852,-0.4151645302772522
0.7304040193557739,0.7800006866455078,-0.20391345024108887,0.30605944991111755,0.7795998454093933,-0.41380858421325684
0.730416476726532,0.780443549156189,-0.20765671133995056,0.3060603439807892,0.7796136140823364,-0.4101666808128357
0.7303534746170044,0.7804659605026245,-0.2401190549135208,0.30594828724861145,0.7796236872673035,-0.4086226522922516
0.7303544878959656,0.7806918621063232,-0.24367494881153107,0.30538952350616455,0.7798222303390503,-0.4057197570800781
0.7301533222198486,0.7807705998420715,-0.24032442271709442,0.305169016122818,0.7798057198524475,-0.40610185265541077
0.7301537394523621,0.7810443043708801,-0.2609926462173462,0.3047637343406677,0.7798174619674683,-0.4072422981262207
