1,right,0,0,0,0,0,0,0,0,0,0,0,0,0,0,0,0,0,0,0,0,0,0,0,0,0,0,0,0,0,0,0,0,0,0,0,0,0,0,0,0,0,0,0,0,0,0,0,0,0,0,0,0,0,0,0,0,0,0,0,0,0,0,0
1,left,0,0,0,0,0,0,0,0,0,0,0,0,0,0,0,0,0,0,0,0,0,0,0,0,0,0,0,0,0,0,0,0,0,0,0,0,0,0,0,0,0,0,0,0,0,0,0,0,0,0,0,0,0,0,0,0,0,0,0,0,0,0,0
2,right,0.24352151155471802,0.9153258800506592,-3.4716165941972577e-07,0.29555386304855347,0.8949007391929626,-0.05822718143463135,0.34238478541374207,0.9265837669372559,-0.09378448873758316,0.3640623390674591,0.9804957509040833,-0.11517609655857086,0.3719627559185028,1.0314265489578247,-0.13397079706192017,0.26969584822654724,0.96576988697052,-0.12225192040205002,0.3113517463207245,1.0357307195663452,-0.15985119342803955,0.34418559074401855,1.0522809028625488,-0.17465949058532715,0.3640405237674713,1.0559487342834473,-0.18145710229873657,0.24730254709720612,1.0109832286834717,-0.10158783942461014,0.302598237991333,1.0840466022491455,-0.13179470598697662,0.3416423797607422,1.0937875509262085,-0.13317716121673584,0.35999277234077454,1.0878664255142212,-0.13477647304534912,0.23849576711654663,1.0452215671539307,-0.08187933266162872,0.2910439968109131,1.115727186203003,-0.11087813973426819,0.3276989758014679,1.1196699142456055,-0.1115850955247879,0.34485507011413574,1.1148769855499268,-0.11067795008420944,0.23919536173343658,1.0714493989944458,-0.06467565149068832,0.28376224637031555,1.125846266746521,-0.0885489210486412,0.3113296926021576,1.1363821029663086,-0.09329312294721603,0.3240679204463959,1.1367640495300293,-0.0949912741780281
2,left,0,0,0,0,0,0,0,0,0,0,0,0,0,0,0,0,0,0,0,0,0,0,0,0,0,0,0,0,0,0,0,0,0,0,0,0,0,0,0,0,0,0,0,0,0,0,0,0,0,0,0,0,0,0,0,0,0,0,0,0,0,0,0
3,right,0,0,0,0,0,0,0,0,0,0,0,0,0,0,0,0,0,0,0,0,0,0,0,0,0,0,0,0,0,0,0,0,0,0,0,0,0,0,0,0,0,0,0,0,0,0,0,0,0,0,0,0,0,0,0,0,0,0,0,0,0,0,0
3,left,0,0,0,0,0,0,0,0,0,0,0,0,0,0,0,0,0,0,0,0,0,0,0,0,0,0,0,0,0,0,0,0,0,0,0,0,0,0,0,0,0,0,0,0,0,0,0,0,0,0,0,0,0,0,0,0,0,0,0,0,0,0,0
4,right,0,0,0,0,0,0,0,0,0,0,0,0,0,0,0,0,0,0,0,0,0,0,0,0,0,0,0,0,0,0,0,0,0,0,0,0,0,0,0,0,0,0,0,0,0,0,0,0,0,0,0,0,0,0,0,0,0,0,0,0,0,0,0
4,left,0.5323440432548523,0.7576398849487305,-4.4199632043273596e-07,0.4995584189891815,0.792926549911499,-0.0007861512713134289,0.4462212026119232,0.8050662875175476,-0.0010502053191885352,0.4079422354698181,0.8017371892929077,-0.005591095425188541,0.38047656416893005,0.8029298782348633,-0.009949950501322746,0.40904638171195984,0.7437853217124939,0.010723346844315529,0.37266987562179565,0.7452648878097534,-0.01017240434885025,0.3740108907222748,0.7812230587005615,-0.026338942348957062,0.3875277638435364,0.811421275138855,-0.03340097889304161,0.41532838344573975,0.7162197828292847,0.002695186994969845,0.3805825710296631,0.7296399474143982,-0.017439132556319237,0.3966803252696991,0.7718239426612854,-0.027993477880954742,0.42115744948387146,0.7979479432106018,-0.02958275005221367,0.42692863941192627,0.6912055611610413,-0.008064973168075085,0.3984775245189667,0.7110294103622437,-0.025557439774274826,0.4217990040779114,0.7512210607528687,-0.024420825764536858,0.45011359453201294,0.7717183232307434,-0.017678283154964447,0.44389745593070984,0.66776442527771,-0.019489338621497154,0.41782668232917786,0.6889482140541077,-0.030230095610022545,0.43204954266548157,0.7225658893585205,-0.02584131620824337,0.45387038588523865,0.73934006690979,-0.018000805750489235
5,right,0,0,0,0,0,0,0,0,0,0,0,0,0,0,0,0,0,0,0,0,0,0,0,0,0,0,0,0,0,0,0,0,0,0,0,0,0,0,0,0,0,0,0,0,0,0,0,0,0,0,0,0,0,0,0,0,0,0,0,0,0,0,0
5,left,0.5187537670135498,0.598650336265564,-4.508551754156542e-08,0.47482478618621826,0.5843228101730347,0.007681463845074177,0.43485406041145325,0.5983108282089233,0.005004710517823696,0.4061710834503174,0.6266157031059265,0.0009632831788621843,0.3920854926109314,0.6561442613601685,-0.0053940461948513985,0.41983067989349365,0.593030571937561,-0.019940095022320747,0.3771504759788513,0.6149457693099976,-0.03363362327218056,0.3542998433113098,0.6414605379104614,-0.041595157235860825,0.3388621509075165,0.668332576751709,-0.046837590634822845,0.4344589114189148,0.6099857091903687,-0.03130627050995827,0.3912850618362427,0.6743205785751343,-0.0436103381216526,0.36972206830978394,0.7200992107391357,-0.05054188147187233,0.35521626472473145,0.7581202983856201,-0.056507572531700134,0.454697847366333,0.6313544511795044,-0.04065396636724472,0.4131539762020111,0.6844972372055054,-0.05313103646039963,0.39082053303718567,0.7214766144752502,-0.06063993647694588,0.37356555461883545,0.7521933317184448,-0.06648003309965134,0.4778180420398712,0.6534562110900879,-0.0480310432612896,0.45755085349082947,0.688084065914154,-0.061369799077510834,0.44515424966812134,0.7102437615394592,-0.06662014871835709,0.4339354634284973,0.7302056550979614,-0.06971295922994614
6,right,0.38372108340263367,0.7420864105224609,1.3654171127086556e-08,0.3559490144252777,0.7104827761650085,-0.011716711334884167,0.3178315758705139,0.7124757170677185,-0.03489593043923378,0.2814248502254486,0.7326871752738953,-0.05973047390580177,0.2474980354309082,0.7603632211685181,-0.08665453642606735,0.33840179443359375,0.7620702981948853,-0.04668377712368965,0.3345951437950134,0.7908675074577332,-0.06661055982112885,0.3359206020832062,0.8025256991386414,-0.0809139683842659,0.34329915046691895,0.8026016354560852,-0.09083046764135361,0.36933964490890503,0.7844558954238892,-0.05413436517119408,0.3788627088069916,0.8098776340484619,-0.0698428750038147,0.3914129436016083,0.8054283857345581,-0.07792969793081284,0.40745019912719727,0.7920905947685242,-0.08742968738079071,0.39908933639526367,0.7866712212562561,-0.06056191399693489,0.41672253608703613,0.7989470958709717,-0.07826391607522964,0.43411245942115784,0.7903748750686646,-0.08359251171350479,0.45240044593811035,0.7753632664680481,-0.08754606544971466,0.4250609874725342,0.7732263803482056,-0.06772290915250778,0.44737762212753296,0.7768507599830627,-0.07511091232299805,0.46272754669189453,0.7730515003204346,-0.07145602256059647,0.47772306203842163,0.766152024269104,-0.07107193022966385
6,left,0.5089452266693115,0.5474557280540466,-1.335642423327954e-07,0.46244606375694275,0.5367609262466431,0.006588483229279518,0.4222814738750458,0.5546435117721558,0.002511595143005252,0.3918978273868561,0.5778776407241821,-0.0025957683101296425,0.37420836091041565,0.6048253178596497,-0.010479995049536228,0.41322073340415955,0.5523210167884827,-0.02725856378674507,0.37125450372695923,0.571645975112915,-0.04200779274106026,0.3497319519519806,0.6040600538253784,-0.050000518560409546,0.3372613489627838,0.6375243663787842,-0.0553998239338398,0.43100687861442566,0.5652785301208496,-0.037929926067590714,0.3976424038410187,0.6453681588172913,-0.05179179087281227,0.38381320238113403,0.7001137733459473,-0.058815594762563705,0.3782236874103546,0.7415252923965454,-0.0651305764913559,0.4539296329021454,0.5812889337539673,-0.04634454846382141,0.4181500971317291,0.651945948600769,-0.06097191199660301,0.3980063498020172,0.6969508528709412,-0.07017587125301361,0.38430193066596985,0.7317606806755066,-0.0776137113571167,0.4783817231655121,0.5965911149978638,-0.05231538414955139,0.4660981595516205,0.6423617601394653,-0.06695377826690674,0.4588320851325989,0.6633922457695007,-0.07338017970323563,0.4527421295642853,0.6789894700050354,-0.07767213881015778
7,right,0.38362550735473633,0.742601215839386,9.560053371160393e-08,0.34321752190589905,0.7256643772125244,-0.02144004963338375,0.3118056356906891,0.7197358012199402,-0.04233403503894806,0.2823728322982788,0.7249418497085571,-0.06264356523752213,0.25031930208206177,0.7337249517440796,-0.08466153591871262,0.35417264699935913,0.7337082624435425,-0.04130227118730545,0.35661137104034424,0.7562404870986938,-0.0597044937312603,0.3618158996105194,0.7742087841033936,-0.07473385334014893,0.37349942326545715,0.789949893951416,-0.08497796952724457,0.3885419964790344,0.7360199689865112,-0.04127057269215584,0.39742565155029297,0.7564414143562317,-0.05538066849112511,0.4077737033367157,0.7688605189323425,-0.06434094905853271,0.42495355010032654,0.78055340051651,-0.07276660948991776,0.4187713861465454,0.7332779169082642,-0.04184197261929512,0.4362697899341583,0.7430202960968018,-0.05553919076919556,0.4490823447704315,0.7509841322898865,-0.060754720121622086,0.4662506580352783,0.7599515318870544,-0.06419988721609116,0.4434024393558502,0.7247425317764282,-0.04432462155818939,0.465044230222702,0.7250549793243408,-0.04816749319434166,0.47962167859077454,0.7282879948616028,-0.04459591582417488,0.4948898255825043,0.7343056797981262,-0.04368313029408455
7,left,0.5090861916542053,0.5003934502601624,-1.4278022320013406e-07,0.46072325110435486,0.49765723943710327,0.005554472096264362,0.41560831665992737,0.5131024122238159,0.0026090366300195456,0.3793063461780548,0.530413031578064,-0.000646715983748436,0.35500091314315796,0.5499616861343384,-0.006156823597848415,0.42321765422821045,0.5125296711921692,-0.02383040450513363,0.3873746991157532,0.5286960601806641,-0.03416311740875244,0.3693391680717468,0.5559237003326416,-0.03881237283349037,0.35535070300102234,0.5829102993011475,-0.04330889880657196,0.4420969784259796,0.5247611999511719,-0.03404412418603897,0.41050955653190613,0.5977419018745422,-0.044488899409770966,0.3986235558986664,0.6434599161148071,-0.050462037324905396,0.39142608642578125,0.6804245114326477,-0.05699801445007324,0.4643329083919525,0.5384094715118408,-0.042097415775060654,0.4299646317958832,0.6039094924926758,-0.05545002967119217,0.40851014852523804,0.6473140120506287,-0.06581498682498932,0.38908255100250244,0.6854562759399414,-0.0754091665148735,0.48651987314224243,0.548503577709198,-0.04774702340364456,0.4791640043258667,0.5854564905166626,-0.06187989190220833,0.47592437267303467,0.6058624386787415,-0.06921635568141937,0.4708768427371979,0.6263232827186584,-0.0755583792924881
8,right,0.3828703761100769,0.6928550004959106,1.9025905828584655e-07,0.34177425503730774,0.6928490996360779,-0.03756607696413994,0.30897095799446106,0.6987951397895813,-0.06926043331623077,0.28166425228118896,0.7173300981521606,-0.09654616564512253,0.2573401629924774,0.7364998459815979,-0.12658840417861938,0.34940195083618164,0.7234986424446106,-0.08049416542053223,0.35824277997016907,0.7398554086685181,-0.10987348109483719,0.367413192987442,0.7470374703407288,-0.131279855966568,0.37654411792755127,0.7575858235359192,-0.14557227492332458,0.3818419277667999,0.7220063805580139,-0.0749194473028183,0.40112483501434326,0.7393239140510559,-0.10023871064186096,0.4177292287349701,0.7418631315231323,-0.11615025997161865,0.43573305010795593,0.7461212277412415,-0.13104282319545746,0.4107906222343445,0.7107236981391907,-0.069417305290699,0.43538710474967957,0.7212799787521362,-0.09087715297937393,0.456302672624588,0.7205543518066406,-0.10324954986572266,0.4772337079048157,0.7265735864639282,-0.11336386948823929,0.4329361319541931,0.6933454871177673,-0.06658519059419632,0.4559673070907593,0.6985412836074829,-0.07786785811185837,0.4740130305290222,0.7012555003166199,-0.08223538100719452,0.4916914701461792,0.7078624367713928,-0.08882905542850494
8,left,0.5005705952644348,0.4875476062297821,-5.433824767919759e-08,0.4495522081851959,0.48453909158706665,0.0011112045031040907,0.40080538392066956,0.49743732810020447,-0.003148342715576291,0.3650481402873993,0.5137174129486084,-0.007390565238893032,0.3438637852668762,0.5322339534759521,-0.013843979686498642,0.4117688834667206,0.5026628971099854,-0.02122243493795395,0.38909921050071716,0.5243008136749268,-0.03229832276701927,0.3746088147163391,0.5427398681640625,-0.039768874645233154,0.3641846179962158,0.5632928609848022,-0.045836642384529114,0.43460723757743835,0.5150625705718994,-0.029622720554471016,0.4169151782989502,0.5966047644615173,-0.03881097584962845,0.40563422441482544,0.6456208229064941,-0.046928517520427704,0.40050503611564636,0.6866693496704102,-0.05581263080239296,0.45995864272117615,0.5296130180358887,-0.03673652559518814,0.43557924032211304,0.6010727882385254,-0.0491056852042675,0.4202815294265747,0.6418296694755554,-0.05910661071538925,0.4088045060634613,0.6772878766059875,-0.06838732957839966,0.48374682664871216,0.5405364632606506,-0.04220985248684883,0.48136162757873535,0.5853753685951233,-0.05619315430521965,0.4825090765953064,0.6114764213562012,-0.06285974383354187,0.48348498344421387,0.6373952627182007,-0.06838040798902512
9,right,0.3570181727409363,0.736303985118866,4.753229632115108e-07,0.3364645540714264,0.7123383283615112,-0.024280725046992302,0.3161471486091614,0.6998056173324585,-0.04835404455661774,0.28573721647262573,0.7009339332580566,-0.07167574018239975,0.25758934020996094,0.7158584594726562,-0.09746620059013367,0.3730112910270691,0.708797037601471,-0.04950649291276932,0.40638411045074463,0.7241503000259399,-0.06933742016553879,0.4274942874908447,0.7399195432662964,-0.08294419199228287,0.44734811782836914,0.7558959126472473,-0.09285025298595428,0.3904631435871124,0.7092666625976562,-0.049981433898210526,0.42243003845214844,0.7230878472328186,-0.06846092641353607,0.43867558240890503,0.7384447455406189,-0.07932821661233902,0.4573896527290344,0.7543734908103943,-0.08864633738994598,0.39970311522483826,0.7069341540336609,-0.05151209980249405,0.41985809803009033,0.7221011519432068,-0.0693330243229866,0.4300883114337921,0.7385579347610474,-0.07988444715738297,0.44474220275878906,0.7531473636627197,-0.08740672469139099,0.4028143584728241,0.6989638805389404,-0.054881270974874496,0.41785845160484314,0.6936110258102417,-0.0657191053032875,0.424160361289978,0.6956968307495117,-0.07026295363903046,0.4324363172054291,0.7035075426101685,-0.07514754682779312
9,left,0.4975745975971222,0.4594406187534332,1.2757153111664365e-09,0.4511229395866394,0.45506009459495544,0.0006894575781188905,0.4031294882297516,0.46310701966285706,-0.004436008166521788,0.3622407913208008,0.47258836030960083,-0.00855517853051424,0.3328436017036438,0.4811881184577942,-0.014880028553307056,0.4127720296382904,0.46494215726852417,-0.02943376637995243,0.38580751419067383,0.47711730003356934,-0.04187589883804321,0.3678842782974243,0.49796539545059204,-0.04876952990889549,0.3529024124145508,0.5196552872657776,-0.0547637864947319,0.43122678995132446,0.4738609492778778,-0.03848305717110634,0.4077513515949249,0.5435506701469421,-0.050160232931375504,0.39500492811203003,0.590297520160675,-0.05821622535586357,0.38651344180107117,0.6308891177177429,-0.06661698967218399,0.45322346687316895,0.48388755321502686,-0.04543721675872803,0.4245334565639496,0.5424150228500366,-0.05962398275732994,0.40563127398490906,0.5774618983268738,-0.06943553686141968,0.38838791847229004,0.6095895171165466,-0.07834796607494354,0.47636258602142334,0.49246278405189514,-0.050532810389995575,0.4713413119316101,0.5261090993881226,-0.06544636934995651,0.4670039415359497,0.5442817211151123,-0.07176986336708069,0.46037712693214417,0.5618054866790771,-0.0772857591509819
10,right,0.36233094334602356,0.7326297760009766,4.157711828156607e-07,0.33737611770629883,0.7088545560836792,-0.02396201342344284,0.3144378364086151,0.6985766887664795,-0.04833264276385307,0.2851201593875885,0.6993111968040466,-0.07182787358760834,0.25790801644325256,0.7111932039260864,-0.0979868471622467,0.3684898018836975,0.7056770920753479,-0.052974801510572433,0.4022512435913086,0.7221287488937378,-0.07424107193946838,0.42492902278900146,0.7404937148094177,-0.08813121169805527,0.4457727074623108,0.758869469165802,-0.09784675389528275,0.3917616903781891,0.7021766901016235,-0.05388418212532997,0.42135149240493774,0.7198162078857422,-0.07400835305452347,0.44016095995903015,0.7362666726112366,-0.08532629907131195,0.4599193334579468,0.7531700134277344,-0.09497304260730743,0.4069633483886719,0.6970851421356201,-0.055742572993040085,0.4262312650680542,0.7156299352645874,-0.07541042566299438,0.4388672709465027,0.7316260933876038,-0.08735722303390503,0.45588192343711853,0.7458243370056152,-0.09582947939634323,0.4168269634246826,0.6879531741142273,-0.059330493211746216,0.4312419891357422,0.6836709976196289,-0.07105895131826401,0.4381607472896576,0.6827961802482605,-0.07640829682350159,0.44736447930336,0.6868332624435425,-0.08204479515552521
10,left,0.4919121563434601,0.4669138789176941,-6.482645886762839e-08,0.43957391381263733,0.4646768271923065,0.003538287477567792,0.39157041907310486,0.47528424859046936,0.0009702484239824116,0.35417139530181885,0.4880475699901581,-0.0021707029081881046,0.3307614326477051,0.5044026374816895,-0.007771972566843033,0.40170496702194214,0.4833984375,-0.016830500215291977,0.3742416501045227,0.5047253370285034,-0.02434670366346836,0.3595825135707855,0.5269830822944641,-0.028362277895212173,0.34885331988334656,0.5501598119735718,-0.032462138682603836,0.42424556612968445,0.4929729700088501,-0.024947678670287132,0.4082668125629425,0.5787058472633362,-0.032824788242578506,0.4011145830154419,0.6265552043914795,-0.03926757350564003,0.397393137216568,0.6654478907585144,-0.04665127396583557,0.4495683014392853,0.5057674646377563,-0.03157082945108414,0.42707982659339905,0.5815708637237549,-0.04372648522257805,0.41289016604423523,0.6256614327430725,-0.05508539453148842,0.40202510356903076,0.664675235748291,-0.06485899537801743,0.4733926057815552,0.5147747993469238,-0.03613663837313652,0.47095927596092224,0.5567052960395813,-0.04984872415661812,0.4698476195335388,0.5808405876159668,-0.05844369903206825,0.46891528367996216,0.6059812903404236,-0.06512458622455597
11,right,0.3489457964897156,0.748514711856842,5.229796897765482e-07,0.3772335350513458,0.7054145932197571,-0.00897742435336113,0.39588847756385803,0.6898339986801147,-0.02735411748290062,0.39814648032188416,0.686011016368866,-0.047497499734163284,0.3977503180503845,0.6998807787895203,-0.0714062973856926,0.42533019185066223,0.7027381658554077,-0.04759583622217178,0.4595869779586792,0.7073826789855957,-0.07547891139984131,0.47950586676597595,0.7126807570457458,-0.09447144716978073,0.4959923326969147,0.7215187549591064,-0.10801060497760773,0.4083397686481476,0.7112633585929871,-0.06083507090806961,0.43861618638038635,0.7233531475067139,-0.09005463868379593,0.4574415683746338,0.7322553992271423,-0.10728946328163147,0.47515085339546204,0.7444786429405212,-0.1203150674700737,0.3839047849178314,0.7207808494567871,-0.07368014752864838,0.4022631347179413,0.7338845133781433,-0.10292509198188782,0.4116664528846741,0.7464895248413086,-0.11718189716339111,0.4237450063228607,0.7588562965393066,-0.12704667448997498,0.3541160225868225,0.7244923710823059,-0.0864468589425087,0.3571435213088989,0.7314790487289429,-0.11182525008916855,0.35831451416015625,0.7388922572135925,-0.12173868715763092,0.3634669780731201,0.750338077545166,-0.12886275351047516
11,left,0.4923800230026245,0.45043331384658813,-1.3236201823474403e-07,0.44407013058662415,0.4493827223777771,-0.0015127698425203562,0.39555642008781433,0.45802000164985657,-0.008150269277393818,0.35614240169525146,0.4679713249206543,-0.013591688126325607,0.32939624786376953,0.4755018949508667,-0.02089688926935196,0.40354180335998535,0.45640668272972107,-0.03154570609331131,0.37288394570350647,0.4765854477882385,-0.042492736130952835,0.3604971766471863,0.5017678141593933,-0.04715554043650627,0.35210731625556946,0.5279486179351807,-0.05059891939163208,0.42376211285591125,0.4632878303527832,-0.037418607622385025,0.40873968601226807,0.5442665219306946,-0.0479588620364666,0.40193405747413635,0.5898845791816711,-0.05202426016330719,0.3980630338191986,0.6256774067878723,-0.05703137442469597,0.447310209274292,0.4758879244327545,-0.04142938181757927,0.4301369786262512,0.5482406616210938,-0.05086686834692955,0.4132879674434662,0.579851508140564,-0.05338246747851372,0.3976459801197052,0.6032970547676086,-0.05756274238228798,0.47029411792755127,0.490010529756546,-0.044291552156209946,0.46513453125953674,0.5433668494224548,-0.05204426124691963,0.4633144438266754,0.5567722916603088,-0.05129139870405197,0.46030011773109436,0.5623492002487183,-0.05177266150712967
12,right,0.34756535291671753,0.7408773303031921,4.0065162920654984e-07,0.38236063718795776,0.70710688829422,-0.003812635550275445,0.40701937675476074,0.6919677257537842,-0.016182389110326767,0.4239771366119385,0.6835601925849915,-0.02992960996925831,0.4379507899284363,0.685116708278656,-0.04561692476272583,0.42483994364738464,0.708889365196228,-0.036902010440826416,0.45842334628105164,0.7096099257469177,-0.061868783086538315,0.479552686214447,0.7128787636756897,-0.07835046201944351,0.49807822704315186,0.7212194204330444,-0.0900101363658905,0.4096411168575287,0.7177979946136475,-0.04968811944127083,0.4367314279079437,0.7274962067604065,-0.07804498821496964,0.456888347864151,0.7353648543357849,-0.094561368227005,0.47631457448005676,0.7461398839950562,-0.10618861764669418,0.38651323318481445,0.7266474962234497,-0.06159968674182892,0.40217697620391846,0.738983690738678,-0.08945119380950928,0.41478589177131653,0.7550628185272217,-0.10044737905263901,0.4289008378982544,0.7718416452407837,-0.10720676928758621,0.35773247480392456,0.7305557727813721,-0.0730057805776596,0.35812193155288696,0.7419105768203735,-0.0968141183257103,0.36368367075920105,0.7537757158279419,-0.10483580082654953,0.3720700442790985,0.7675192952156067,-0.11001458019018173
12,left,0.49029403924942017,0.4681924283504486,-1.1015511347522988e-07,0.43880417943000793,0.46406760811805725,0.0031078793108463287,0.3898114264011383,0.47652989625930786,0.0005951304920017719,0.3507923185825348,0.4885432720184326,-0.0020301060285419226,0.32717469334602356,0.5059210658073425,-0.006675204262137413,0.4059857130050659,0.4834018051624298,-0.017595678567886353,0.3798445165157318,0.5077762007713318,-0.02386239357292652,0.36465492844581604,0.5281146168708801,-0.0266922265291214,0.35095202922821045,0.5514483451843262,-0.030629726126790047,0.42771464586257935,0.4921048879623413,-0.025820311158895493,0.41063204407691956,0.5730701684951782,-0.033953092992305756,0.4046139121055603,0.6173955202102661,-0.03967383876442909,0.4007570147514343,0.6552872061729431,-0.046369366347789764,0.45127391815185547,0.5034876465797424,-0.03246500343084335,0.4268922507762909,0.5737797617912292,-0.04406456649303436,0.4099986255168915,0.6157885193824768,-0.053982045501470566,0.3946429193019867,0.6545188426971436,-0.06314574182033539,0.47312623262405396,0.5111715197563171,-0.037182535976171494,0.46752023696899414,0.5479047894477844,-0.049092650413513184,0.4644760489463806,0.5680090188980103,-0.05613309144973755,0.46081674098968506,0.589270293712616,-0.06240388751029968
13,right,0.3555683493614197,0.7325986623764038,4.056075511016388e-07,0.3912118673324585,0.7116200923919678,-0.006355618592351675,0.41644805669784546,0.6980409026145935,-0.025981657207012177,0.43296003341674805,0.6915584206581116,-0.04504811391234398,0.4480508863925934,0.6939966082572937,-0.0673140212893486,0.4292272925376892,0.7061308026313782,-0.07297855615615845,0.46085628867149353,0.7100685834884644,-0.11022315919399261,0.48174095153808594,0.7163500785827637,-0.13454513251781464,0.500840425491333,0.727219820022583,-0.15280811488628387,0.41150763630867004,0.7165924906730652,-0.08852919191122055,0.43438655138015747,0.7282442450523376,-0.13522061705589294,0.4534042477607727,0.7380381226539612,-0.1631542593240738,0.4733205735683441,0.7487484812736511,-0.18429313600063324,0.38776570558547974,0.7275229692459106,-0.10103952139616013,0.399322509765625,0.7386314868927002,-0.14433813095092773,0.4136943817138672,0.7538397312164307,-0.1680532991886139,0.42710399627685547,0.7714042067527771,-0.1846529096364975,0.36186203360557556,0.7346611618995667,-0.11163695156574249,0.3602958023548126,0.7441996335983276,-0.15009550750255585,0.3657529950141907,0.756660521030426,-0.17083308100700378,0.37346959114074707,0.7702416777610779,-0.186691015958786
13,left,0.49774056673049927,0.4586063027381897,-1.291391669155928e-07,0.45288872718811035,0.45306339859962463,0.007066620513796806,0.41334542632102966,0.4654664993286133,0.004193296190351248,0.38586923480033875,0.4852476716041565,0.0013543380191549659,0.3725765347480774,0.5077126026153564,-0.0036693948786705732,0.4105587303638458,0.45906928181648254,-0.023380974307656288,0.3815244138240814,0.4702354669570923,-0.03313324972987175,0.3641014099121094,0.48948171734809875,-0.038055170327425,0.34967875480651855,0.5112838745117188,-0.04251503571867943,0.4299803674221039,0.46458032727241516,-0.03429544344544411,0.4073585271835327,0.5449119806289673,-0.0456635020673275,0.39989781379699707,0.5911431312561035,-0.05228254571557045,0.39601099491119385,0.62766432762146,-0.05836945399641991,0.4516680836677551,0.4767347276210785,-0.0426139160990715,0.42079317569732666,0.550117015838623,-0.05652813985943794,0.4007871747016907,0.5944713950157166,-0.06691635400056839,0.38342058658599854,0.632169783115387,-0.07539306581020355,0.47316762804985046,0.48943591117858887,-0.04826292023062706,0.4652206301689148,0.5336499214172363,-0.06214749068021774,0.4625348746776581,0.5482999682426453,-0.06768812239170074,0.45902374386787415,0.5601967573165894,-0.07189788669347763
14,right,0.3561663329601288,0.7196095585823059,4.1153401753035723e-07,0.3921678364276886,0.6993788480758667,-0.004466732498258352,0.41791754961013794,0.6925904750823975,-0.022581197321414948,0.4351261258125305,0.6906410455703735,-0.04018823429942131,0.45178118348121643,0.6950548887252808,-0.06084242835640907,0.4294094741344452,0.7006422281265259,-0.0688776820898056,0.4609575867652893,0.704413652420044,-0.10420890152454376,0.48439541459083557,0.7096060514450073,-0.1275625377893448,0.5059693455696106,0.7181152105331421,-0.14485852420330048,0.41273772716522217,0.7096260190010071,-0.08398238569498062,0.4364902377128601,0.7211764454841614,-0.12692612409591675,0.45786699652671814,0.7283281087875366,-0.15269675850868225,0.47909823060035706,0.7356259822845459,-0.17231212556362152,0.39001062512397766,0.7201946377754211,-0.09592835605144501,0.40217310190200806,0.7343414425849915,-0.13574257493019104,0.4165031313896179,0.7473902106285095,-0.1576526165008545,0.4286350607872009,0.7608392238616943,-0.17306241393089294,0.36435064673423767,0.7287531495094299,-0.10592970997095108,0.3643324673175812,0.743107795715332,-0.14107756316661835,0.37024569511413574,0.7552683353424072,-0.1597757190465927,0.3780258893966675,0.7668790221214294,-0.17410443723201752
14,left,0.4868033230304718,0.4673863351345062,-5.7700574984664854e-08,0.4422624707221985,0.4639771282672882,0.0010520117357373238,0.3969086706638336,0.47614622116088867,-0.001501572667621076,0.36385399103164673,0.49105626344680786,-0.003955764230340719,0.34440386295318604,0.5107394456863403,-0.008997268974781036,0.40210795402526855,0.4825267195701599,-0.023210952058434486,0.37338799238204956,0.5031208992004395,-0.031714435666799545,0.3597939610481262,0.5258842706680298,-0.035318516194820404,0.3521663248538971,0.5475721955299377,-0.038377124816179276,0.42329952120780945,0.48833730816841125,-0.029645411297678947,0.409483402967453,0.5673471093177795,-0.038424842059612274,0.4019337296485901,0.6157621741294861,-0.04359862953424454,0.39951929450035095,0.6541807651519775,-0.04916102811694145,0.4483417272567749,0.4999130070209503,-0.03461151570081711,0.4315635561943054,0.5696776509284973,-0.045794494450092316,0.41582342982292175,0.6112649440765381,-0.05620727688074112,0.40440303087234497,0.646315336227417,-0.0651349201798439,0.47210827469825745,0.510141909122467,-0.03780534863471985,0.472997784614563,0.5533130168914795,-0.05073866993188858,0.46968743205070496,0.5773457884788513,-0.05903887748718262,0.46679291129112244,0.6003267168998718,-0.06515154242515564
15,right,0.35693255066871643,0.7210469245910645,5.161066383152502e-07,0.38547617197036743,0.6889923214912415,-0.009413473308086395,0.4017936885356903,0.6715860366821289,-0.0320512130856514,0.4063595235347748,0.654615581035614,-0.05433763191103935,0.4101189076900482,0.6362723112106323,-0.08012920618057251,0.429724782705307,0.7011207938194275,-0.0688997209072113,0.4617379605770111,0.709213137626648,-0.1054854691028595,0.48525574803352356,0.716072142124176,-0.13081207871437073,0.5067657828330994,0.7260161638259888,-0.149721160531044,0.41520801186561584,0.7161935567855835,-0.08360696583986282,0.4399492144584656,0.7300201654434204,-0.12645307183265686,0.4591599702835083,0.7402253150939941,-0.15282677114009857,0.4794495701789856,0.7513138651847839,-0.17257410287857056,0.3917170763015747,0.7287502288818359,-0.09607066214084625,0.40574967861175537,0.7428465485572815,-0.13680344820022583,0.41978317499160767,0.7567486763000488,-0.15867972373962402,0.43240606784820557,0.7704024910926819,-0.1734703630208969,0.36489254236221313,0.7370824217796326,-0.1070702075958252,0.36660274863243103,0.7522966265678406,-0.14303657412528992,0.3724711537361145,0.7656909227371216,-0.16076432168483734,0.3804090917110443,0.7772043943405151,-0.17397919297218323
15,left,0.48781073093414307,0.46294569969177246,-7.473568786053875e-08,0.4397622048854828,0.4581573009490967,-0.0014206466730684042,0.39191073179244995,0.466717004776001,-0.006846487056463957,0.3534868657588959,0.47541919350624084,-0.011246630921959877,0.3290454149246216,0.4879198670387268,-0.017420364543795586,0.40721580386161804,0.4735952317714691,-0.02501915581524372,0.3836968243122101,0.5007563233375549,-0.03529075160622597,0.3716607987880707,0.5244268178939819,-0.040781617164611816,0.3624019920825958,0.5496175289154053,-0.04559076204895973,0.4280426800251007,0.48525550961494446,-0.03203319385647774,0.4105471670627594,0.5627425312995911,-0.043439436703920364,0.4038775563240051,0.6034581065177917,-0.05065758898854256,0.40037021040916443,0.6365317106246948,-0.0574348010122776,0.45094189047813416,0.4987117052078247,-0.03771335259079933,0.4263436794281006,0.5667297840118408,-0.0506674163043499,0.4075484275817871,0.6086698174476624,-0.061091601848602295,0.3914318382740021,0.6466323137283325,-0.07034821808338165,0.47277870774269104,0.5092058777809143,-0.04181588441133499,0.46827858686447144,0.5472211837768555,-0.054408058524131775,0.46542784571647644,0.5682487487792969,-0.06096958369016647,0.4617406129837036,0.5891533493995667,-0.066762775182724
16,right,0.35214459896087646,0.7080119252204895,5.206691184866941e-07,0.3845047056674957,0.6828059554100037,-0.011877606622874737,0.40548405051231384,0.6699607968330383,-0.036701466888189316,0.4166216552257538,0.6612882614135742,-0.06028285622596741,0.4302282929420471,0.6548043489456177,-0.08716004341840744,0.4267815351486206,0.6967154145240784,-0.07799194008111954,0.4591962695121765,0.7066157460212708,-0.11793995648622513,0.48382455110549927,0.7144865989685059,-0.1453099548816681,0.5062500834465027,0.7251977324485779,-0.16565009951591492,0.41012507677078247,0.7106742262840271,-0.09229676425457001,0.4356616735458374,0.7268311381340027,-0.14030878245830536,0.45693787932395935,0.738491415977478,-0.17011314630508423,0.47828468680381775,0.7517997026443481,-0.19234693050384521,0.38594380021095276,0.7226324677467346,-0.10385772585868835,0.40137746930122375,0.7393869161605835,-0.14737476408481598,0.41640704870224,0.7548469305038452,-0.17084555327892303,0.42865434288978577,0.7699782252311707,-0.18697312474250793,0.3587454855442047,0.7305969595909119,-0.1140410304069519,0.36228036880493164,0.7472525835037231,-0.15226192772388458,0.3699655830860138,0.7619991302490234,-0.17185784876346588,0.3786827027797699,0.7750042080879211,-0.18645820021629333
16,left,0.4921644926071167,0.45944318175315857,-1.210107853921727e-07,0.44242870807647705,0.4589778184890747,-0.00029183627339079976,0.3939802646636963,0.46629977226257324,-0.006383427884429693,0.3549225926399231,0.47181618213653564,-0.011453008279204369,0.32779425382614136,0.47751936316490173,-0.01849641278386116,0.4058578908443451,0.4638185501098633,-0.02545151859521866,0.3831806778907776,0.4806867837905884,-0.037109263241291046,0.372800350189209,0.5057470798492432,-0.043258409947156906,0.3657386004924774,0.5321878790855408,-0.04800126329064369,0.42828911542892456,0.4695596992969513,-0.03309983015060425,0.41154855489730835,0.5486462116241455,-0.044841356575489044,0.40486404299736023,0.592626690864563,-0.0516042485833168,0.40039193630218506,0.6270399689674377,-0.0583123154938221,0.45211660861968994,0.4812276363372803,-0.03927753120660782,0.428742378950119,0.5531412959098816,-0.052885204553604126,0.4101792871952057,0.5917627215385437,-0.0609285794198513,0.393033504486084,0.624345600605011,-0.06831274181604385,0.47494569420814514,0.4942722022533417,-0.04377836361527443,0.4700159430503845,0.5382764339447021,-0.056183405220508575,0.46826088428497314,0.5534416437149048,-0.05987625941634178,0.4648076295852661,0.5661743879318237,-0.06336025893688202
17,right,0.40161368250846863,0.7172132134437561,1.329503618308081e-07,0.35318759083747864,0.7085279822349548,-0.022175628691911697,0.3157057464122772,0.7096841335296631,-0.04555497691035271,0.28497403860092163,0.714790403842926,-0.06743591278791428,0.25836625695228577,0.7249893546104431,-0.0920923501253128,0.35604822635650635,0.7221540212631226,-0.05411411076784134,0.3605045676231384,0.7493116855621338,-0.07512906193733215,0.36789870262145996,0.7650024890899658,-0.09088412672281265,0.37609097361564636,0.7812042236328125,-0.10147061944007874,0.3935755491256714,0.7185018658638,-0.05485377460718155,0.40980997681617737,0.7438279390335083,-0.06968052685260773,0.42614203691482544,0.7546743154525757,-0.07915560901165009,0.4431799054145813,0.7654281258583069,-0.08940780907869339,0.42592117190361023,0.710919976234436,-0.055599406361579895,0.44776418805122375,0.7273492813110352,-0.0710233673453331,0.467122346162796,0.7358805537223816,-0.07979312539100647,0.48813772201538086,0.7463647127151489,-0.08721165359020233,0.4517230987548828,0.6984188556671143,-0.057804156094789505,0.4737638831138611,0.7016859650611877,-0.06451547890901566,0.4897775948047638,0.7045378684997559,-0.06475549936294556,0.5059819221496582,0.7101306319236755,-0.0678875520825386
17,left,0.49053579568862915,0.4759542942047119,-1.4103940770837653e-07,0.4369664490222931,0.4706980288028717,0.0014787949621677399,0.3854198753833771,0.48129981756210327,-0.00134954578243196,0.34774699807167053,0.4920859634876251,-0.004513401072472334,0.32495999336242676,0.5160083770751953,-0.01030444074422121,0.4032820761203766,0.4945097267627716,-0.015904245898127556,0.38374948501586914,0.529792845249176,-0.024675417691469193,0.3752189874649048,0.5564173460006714,-0.031143151223659515,0.36871016025543213,0.5834648609161377,-0.0368744432926178,0.4273945391178131,0.5062314867973328,-0.023662732914090157,0.41429659724235535,0.5905020236968994,-0.030884908512234688,0.40700727701187134,0.6341662406921387,-0.038883037865161896,0.401040643453598,0.6714195609092712,-0.04840641841292381,0.45306092500686646,0.5199568867683411,-0.030388539656996727,0.4315505921840668,0.5918053388595581,-0.04280742257833481,0.4175161123275757,0.6307545900344849,-0.05444537475705147,0.4047601819038391,0.6670565605163574,-0.06515181064605713,0.4756416976451874,0.5287438631057739,-0.03540131077170372,0.47381946444511414,0.569307267665863,-0.04969732090830803,0.475314199924469,0.5920321345329285,-0.0577106736600399,0.4759540557861328,0.6169904470443726,-0.06459807604551315
18,right,0.3888663351535797,0.7274758815765381,2.4028858547353593e-07,0.3437407612800598,0.7184968590736389,-0.03752867504954338,0.30880358815193176,0.71443772315979,-0.0701482892036438,0.28171399235725403,0.7187337875366211,-0.09825337678194046,0.25803300738334656,0.7331121563911438,-0.12808969616889954,0.3565140962600708,0.7262141108512878,-0.07559678703546524,0.366868793964386,0.7489004731178284,-0.1026763767004013,0.36973807215690613,0.7664293646812439,-0.12129185348749161,0.3736763596534729,0.7822544574737549,-0.13376741111278534,0.3904196619987488,0.7264878153800964,-0.06925909966230392,0.40857043862342834,0.7447841763496399,-0.09475044906139374,0.41891980171203613,0.7587123513221741,-0.10858982801437378,0.43168509006500244,0.7739388346672058,-0.12006381899118423,0.41852089762687683,0.7226270437240601,-0.06331100314855576,0.44228705763816833,0.7318658828735352,-0.08532091975212097,0.4606981575489044,0.742146909236908,-0.09683552384376526,0.47976377606391907,0.7574282288551331,-0.10520049929618835,0.4399693012237549,0.7125240564346313,-0.05961788445711136,0.46244311332702637,0.7119282484054565,-0.07047944515943527,0.4795346260070801,0.7132747769355774,-0.07452809810638428,0.49744337797164917,0.7189593315124512,-0.08009185642004013
18,left,0.49295487999916077,0.4671844244003296,-1.1554783441170002e-07,0.4450003206729889,0.46201807260513306,0.00418130774050951,0.39617058634757996,0.4698730409145355,-0.001004694728180766,0.35626015067100525,0.47861790657043457,-0.005729464814066887,0.32998621463775635,0.48724275827407837,-0.012474399991333485,0.4108348488807678,0.47213250398635864,-0.027535120025277138,0.3823041617870331,0.4866909384727478,-0.03821907564997673,0.36679333448410034,0.5084083676338196,-0.04306140914559364,0.35412994027137756,0.5328158140182495,-0.04782738536596298,0.43131232261657715,0.48185157775878906,-0.0376434326171875,0.4115618169307709,0.5561971068382263,-0.049876466393470764,0.4038306474685669,0.5968832969665527,-0.056216076016426086,0.4000154435634613,0.6303763389587402,-0.06281744688749313,0.4534156918525696,0.4957759380340576,-0.04557628929615021,0.4219059348106384,0.5668999552726746,-0.06105632707476616,0.40094390511512756,0.6064931750297546,-0.07181742787361145,0.3822915554046631,0.6438737511634827,-0.08114586770534515,0.4741288125514984,0.5080640316009521,-0.05082593858242035,0.4635629653930664,0.5486908555030823,-0.06562971323728561,0.45884692668914795,0.5670329332351685,-0.07217748463153839,0.4528558552265167,0.5858755707740784,-0.07798950374126434
19,right,0.36031270027160645,0.7029357552528381,-1.1457252213631364e-07,0.32421308755874634,0.6832828521728516,-0.006671132519841194,0.3035603165626526,0.6972770094871521,-0.016719400882720947,0.28845274448394775,0.7176884412765503,-0.030048515647649765,0.2721005082130432,0.7297954559326172,-0.04547320306301117,0.3620583415031433,0.7257050275802612,-0.013820609077811241,0.3773227632045746,0.7540111541748047,-0.025151710957288742,0.391019731760025,0.7616812586784363,-0.03822111338376999,0.40501779317855835,0.7635557651519775,-0.04750894382596016,0.3966664671897888,0.7269039154052734,-0.020970333367586136,0.4233736991882324,0.7490898966789246,-0.031862836331129074,0.4424513876438141,0.7527624368667603,-0.04575630649924278,0.4619971215724945,0.7485917806625366,-0.058114033192396164,0.4204461872577667,0.7131705284118652,-0.027843261137604713,0.45541414618492126,0.7332311868667603,-0.04412894323468208,0.48079222440719604,0.7347725629806519,-0.057846732437610626,0.5038819313049316,0.7308566570281982,-0.06609610468149185,0.4338899254798889,0.6945911049842834,-0.03521270304918289,0.4660640358924866,0.7042174339294434,-0.04243076965212822,0.488389253616333,0.7054311037063599,-0.04294554889202118,0.5108615159988403,0.704717218875885,-0.04467442259192467
19,left,0.48500335216522217,0.4703540802001953,-1.0190827026690386e-07,0.4362224042415619,0.4686560034751892,5.85950656386558e-05,0.3882977366447449,0.4809938073158264,-0.004477865993976593,0.34945186972618103,0.4931836426258087,-0.00865208450704813,0.32402530312538147,0.507878303527832,-0.014885091222822666,0.400364488363266,0.4854576289653778,-0.02602117694914341,0.3713010549545288,0.5053713321685791,-0.03552770987153053,0.357624888420105,0.5307487845420837,-0.03943794593214989,0.3489347994327545,0.5553300380706787,-0.04293224215507507,0.42199885845184326,0.49115610122680664,-0.03280731290578842,0.4079350531101227,0.5754340887069702,-0.0429731123149395,0.39908328652381897,0.623100221157074,-0.04816465079784393,0.39340198040008545,0.6609445810317993,-0.05422639846801758,0.44655460119247437,0.5018141865730286,-0.03812897577881813,0.4268451929092407,0.5791922211647034,-0.04991183429956436,0.40890637040138245,0.6257426738739014,-0.05818720906972885,0.3935224413871765,0.6650469899177551,-0.06620718538761139,0.4700002372264862,0.5112059116363525,-0.04192115738987923,0.4651848375797272,0.5584446787834167,-0.05467074736952782,0.4624232351779938,0.5842941999435425,-0.06107107177376747,0.46023881435394287,0.6076822280883789,-0.06627295911312103
20,right,0.39791467785835266,0.7188863158226013,2.43978689695723e-07,0.35484325885772705,0.7111997008323669,-0.02890782058238983,0.31487566232681274,0.7123974561691284,-0.05761266127228737,0.28207463026046753,0.7164682745933533,-0.08355090022087097,0.2567567527294159,0.7284044027328491,-0.11163665354251862,0.35756316781044006,0.7232404947280884,-0.06452266126871109,0.36798736453056335,0.7484226226806641,-0.08860590308904648,0.37711283564567566,0.7652723789215088,-0.10554411262273788,0.387116014957428,0.7787476778030396,-0.11706755310297012,0.39295658469200134,0.7207973003387451,-0.0625106617808342,0.4139239192008972,0.7393838763237,-0.0827862098813057,0.4306173026561737,0.7499623894691467,-0.09359987080097198,0.4483949840068817,0.7599630355834961,-0.10411401838064194,0.4222538471221924,0.7123426198959351,-0.06078984588384628,0.4451353847980499,0.7258672118186951,-0.08089108020067215,0.4636065363883972,0.734128475189209,-0.09026438742876053,0.4830920398235321,0.7440587282180786,-0.0975472554564476,0.44431400299072266,0.6978047490119934,-0.060832470655441284,0.4607003927230835,0.6965890526771545,-0.07116220891475677,0.47231876850128174,0.6974712610244751,-0.07330740243196487,0.48597168922424316,0.7019757628440857,-0.07756971567869186
20,left,0.48876112699508667,0.46895891427993774,-1.2519856795734086e-07,0.4387817680835724,0.4674493670463562,0.002851056633517146,0.38765475153923035,0.4772120416164398,-0.0011460746172815561,0.3465520739555359,0.4871636927127838,-0.004965982865542173,0.32097128033638,0.5026673674583435,-0.010962503030896187,0.40582311153411865,0.4836450219154358,-0.02312198281288147,0.38007280230522156,0.5117140412330627,-0.03227478638291359,0.3682080805301666,0.53623366355896,-0.03661197051405907,0.3592747151851654,0.5618155002593994,-0.04102085158228874,0.42809590697288513,0.49428778886795044,-0.032214898616075516,0.4092808663845062,0.5774003863334656,-0.042457692325115204,0.4006354808807373,0.6230657696723938,-0.04925533011555672,0.3953559100627899,0.6620694398880005,-0.05677904561161995,0.45208096504211426,0.506731390953064,-0.039568930864334106,0.4238845705986023,0.5805104374885559,-0.05243506282567978,0.40569376945495605,0.6234970688819885,-0.06271138787269592,0.38898757100105286,0.6634403467178345,-0.07245231419801712,0.4743630588054657,0.5162791013717651,-0.04490073770284653,0.46630945801734924,0.5552075505256653,-0.05841152369976044,0.46236616373062134,0.5753732323646545,-0.06580910086631775,0.45664310455322266,0.5967494249343872,-0.07256747782230377
21,right,0.392808735370636,0.714306116104126,1.899510806424587e-07,0.35227087140083313,0.7036809921264648,-0.020368238911032677,0.3158501982688904,0.7043919563293457,-0.04326231777667999,0.2857874929904938,0.7097730040550232,-0.06486205011606216,0.26172637939453125,0.7219173908233643,-0.08888690173625946,0.3545016944408417,0.7170558571815491,-0.049897029995918274,0.3622737526893616,0.7401371598243713,-0.06936720013618469,0.36810994148254395,0.7548716068267822,-0.08458512276411057,0.3754384219646454,0.7683485746383667,-0.09501481801271439,0.38989806175231934,0.7167888283729553,-0.050839509814977646,0.4100663363933563,0.7365322709083557,-0.06432899832725525,0.4259236752986908,0.7448735237121582,-0.07389714568853378,0.4431436061859131,0.7537000179290771,-0.08441486209630966,0.41938769817352295,0.7104853987693787,-0.051641564816236496,0.4435572922229767,0.7226802706718445,-0.06642966717481613,0.4616653025150299,0.7293998599052429,-0.07491105794906616,0.4803568720817566,0.7382266521453857,-0.08224736899137497,0.44127246737480164,0.6967973709106445,-0.05364721640944481,0.459794819355011,0.6990650296211243,-0.06090138852596283,0.4735035300254822,0.7012348771095276,-0.06125776097178459,0.48829156160354614,0.7056271433830261,-0.06418193131685257
21,left,0.49000614881515503,0.46548786759376526,-9.516884347249288e-08,0.4390665888786316,0.46655577421188354,0.0017790530109778047,0.38867026567459106,0.4753434956073761,-0.003905602963641286,0.34709838032722473,0.48352912068367004,-0.008802704513072968,0.32024669647216797,0.498296856880188,-0.015989448875188828,0.40396595001220703,0.4774068593978882,-0.02696920372545719,0.3778507113456726,0.5016611218452454,-0.03799216076731682,0.3664312958717346,0.5275079607963562,-0.04351731017231941,0.35881850123405457,0.5533989667892456,-0.048058152198791504,0.4268346428871155,0.48507481813430786,-0.03570602461695671,0.4077623188495636,0.5640486478805542,-0.04765186086297035,0.40087053179740906,0.6063413023948669,-0.05461439490318298,0.3973800241947174,0.639519989490509,-0.061586640775203705,0.4510311186313629,0.4973023533821106,-0.04251561686396599,0.4243849813938141,0.5729801654815674,-0.05637212470173836,0.40421876311302185,0.6176621913909912,-0.06622704863548279,0.38603267073631287,0.6557350754737854,-0.07526752352714539,0.4736464023590088,0.5096771121025085,-0.04714316129684448,0.4628748893737793,0.5525984764099121,-0.060185160487890244,0.46005889773368835,0.566955029964447,-0.06497789174318314,0.4566640257835388,0.578757643699646,-0.06949258595705032
22,right,0.4025571942329407,0.7055569291114807,9.794301547572104e-08,0.3551742434501648,0.7007900476455688,-0.02601194754242897,0.3147069811820984,0.7049163579940796,-0.05357753485441208,0.28378409147262573,0.711118221282959,-0.07946609705686569,0.25943660736083984,0.7203562259674072,-0.10804743319749832,0.35358938574790955,0.7190967798233032,-0.06397152692079544,0.3580634295940399,0.7438384294509888,-0.08974639326334,0.36385679244995117,0.7566872239112854,-0.10888756811618805,0.37168973684310913,0.7684913873672485,-0.12192068994045258,0.3905276358127594,0.7154653072357178,-0.065048448741436,0.40561148524284363,0.7393190264701843,-0.086117684841156,0.4195815622806549,0.7479140758514404,-0.09899453073740005,0.4360642433166504,0.7562825679779053,-0.11140868067741394,0.4238321781158447,0.7077441811561584,-0.06594497710466385,0.44705355167388916,0.7232423424720764,-0.0856456384062767,0.4673389494419098,0.7297306656837463,-0.09592478722333908,0.48860877752304077,0.7396570444107056,-0.10416355729103088,0.45124226808547974,0.6970329284667969,-0.06863363087177277,0.4758926033973694,0.698505163192749,-0.07813196629285812,0.495400607585907,0.6996873021125793,-0.07953756302595139,0.5142434239387512,0.7059259414672852,-0.08357731997966766
22,left,0.48854517936706543,0.47364097833633423,-1.0972901520744927e-07,0.4383598268032074,0.4717811048030853,0.0027100706938654184,0.38820409774780273,0.4832015931606293,-0.0011501590488478541,0.34682518243789673,0.49610069394111633,-0.004930589348077774,0.3203915059566498,0.5161716938018799,-0.010895831510424614,0.40470755100250244,0.4876978397369385,-0.022668693214654922,0.3771360218524933,0.5138235092163086,-0.03176724910736084,0.36239516735076904,0.5382437705993652,-0.03621850907802582,0.35032445192337036,0.5638603568077087,-0.040602512657642365,0.42662572860717773,0.49850428104400635,-0.031283192336559296,0.40768906474113464,0.5798568725585938,-0.041438598185777664,0.39873823523521423,0.6239921450614929,-0.04773189127445221,0.3925122916698456,0.6606430411338806,-0.0546695776283741,0.4500669538974762,0.511405885219574,-0.038136593997478485,0.42255762219429016,0.5862152576446533,-0.050682805478572845,0.4046953022480011,0.6299238801002502,-0.05959209427237511,0.3883340060710907,0.6688896417617798,-0.06796453148126602,0.4723482131958008,0.5216551423072815,-0.043094538152217865,0.4620526432991028,0.5609940886497498,-0.05634938180446625,0.45826926827430725,0.5800808668136597,-0.06265152245759964,0.45382773876190186,0.5992755889892578,-0.06797264516353607
23,right,0.3688623607158661,0.7368679046630859,3.83064218567597e-07,0.3421999514102936,0.717273473739624,-0.024776829406619072,0.3161284625530243,0.7094935774803162,-0.050531093031167984,0.2888455390930176,0.7097629308700562,-0.07436410337686539,0.2645201086997986,0.719042181968689,-0.10041864216327667,0.3631703555583954,0.7170787453651428,-0.059123918414115906,0.38942602276802063,0.7347261309623718,-0.08252673596143723,0.40656861662864685,0.7557935118675232,-0.09916778653860092,0.42498499155044556,0.7721218466758728,-0.11100584268569946,0.39000239968299866,0.7168177962303162,-0.05953168123960495,0.42097118496894836,0.7319660782814026,-0.07963673770427704,0.43898019194602966,0.7447114586830139,-0.091537706553936,0.4585946202278137,0.7566887140274048,-0.10264042764902115,0.40903741121292114,0.71271151304245,-0.06028932332992554,0.43461501598358154,0.7231274843215942,-0.07974661141633987,0.4514421224594116,0.7332483530044556,-0.09095258265733719,0.46904006600379944,0.7440344095230103,-0.09993437677621841,0.42017170786857605,0.7035660743713379,-0.06259681284427643,0.43663278222084045,0.7017439007759094,-0.07504375278949738,0.44508710503578186,0.7051243185997009,-0.07991141825914383,0.45496487617492676,0.7128350734710693,-0.08567293733358383
23,left,0.48896414041519165,0.46026068925857544,-1.4436463402489608e-07,0.4420909881591797,0.45735764503479004,0.0016976475017145276,0.39011263847351074,0.4636145234107971,-0.0037019862793385983,0.3494911193847656,0.4702928960323334,-0.008093396201729774,0.32144472002983093,0.4788798689842224,-0.014966749586164951,0.40422266721725464,0.4637671709060669,-0.02951165661215782,0.377956748008728,0.48673948645591736,-0.03956763446331024,0.365220308303833,0.5083116292953491,-0.044155608862638474,0.35318195819854736,0.5307039022445679,-0.048444803804159164,0.42656704783439636,0.4720575511455536,-0.03798198699951172,0.4054073691368103,0.5498806834220886,-0.04874531552195549,0.3950831890106201,0.5938366651535034,-0.05519133806228638,0.3872881233692169,0.6304115653038025,-0.06278576701879501,0.4493613839149475,0.486079603433609,-0.04440190643072128,0.418220579624176,0.5578351020812988,-0.059052739292383194,0.39671069383621216,0.5987385511398315,-0.06945255398750305,0.3779110312461853,0.6347998976707458,-0.07893277704715729,0.4701712727546692,0.5016377568244934,-0.04839450120925903,0.4510987401008606,0.5473055839538574,-0.0620887354016304,0.4488673210144043,0.5574243068695068,-0.06661204248666763,0.44748181104660034,0.5654864311218262,-0.07124117761850357
24,right,0.3679496645927429,0.7381283044815063,4.0676260937289044e-07,0.3420652449131012,0.7162563800811768,-0.022661525756120682,0.31841790676116943,0.706265926361084,-0.046655211597681046,0.29343846440315247,0.7099428772926331,-0.06871166080236435,0.26953500509262085,0.7186142802238464,-0.09303542226552963,0.3672640025615692,0.7122406959533691,-0.05369686707854271,0.3969396948814392,0.7251625657081604,-0.07390974462032318,0.41758984327316284,0.7442980408668518,-0.0886780321598053,0.4372116029262543,0.7597385048866272,-0.09907515347003937,0.3927541971206665,0.7143779397010803,-0.0534832589328289,0.42334285378456116,0.7273582816123962,-0.07015272974967957,0.4442458748817444,0.7391765713691711,-0.08017650991678238,0.4654064476490021,0.7490214705467224,-0.0898401290178299,0.4100145101547241,0.7122700810432434,-0.05355137214064598,0.43913307785987854,0.7208664417266846,-0.0687035396695137,0.4603203237056732,0.7278343439102173,-0.07773492485284805,0.48089924454689026,0.7338733673095703,-0.08544647693634033,0.4196769893169403,0.704072117805481,-0.05510279908776283,0.4387022852897644,0.7007344365119934,-0.0636402890086174,0.4509168267250061,0.6989416480064392,-0.06651647388935089,0.4639876186847687,0.699751079082489,-0.07097270339727402
24,left,0.4815216064453125,0.47325098514556885,-1.1481714068395377e-07,0.4300190210342407,0.4674004018306732,0.0009660949581302702,0.3803786039352417,0.476319819688797,-0.0024148316588252783,0.34161996841430664,0.48743554949760437,-0.005072688218206167,0.31700846552848816,0.5032206177711487,-0.009704948402941227,0.400216281414032,0.485981822013855,-0.021589260548353195,0.3770141303539276,0.5157337188720703,-0.02798144333064556,0.3654446005821228,0.5414520502090454,-0.030351547524333,0.35424667596817017,0.566120445728302,-0.03390646353363991,0.42408981919288635,0.49620968103408813,-0.02824052795767784,0.40771177411079407,0.5817952156066895,-0.03637278452515602,0.3990430533885956,0.6245855093002319,-0.04211316257715225,0.39105018973350525,0.6588184833526611,-0.04954853281378746,0.44780585169792175,0.5096176266670227,-0.03325542435050011,0.4211609363555908,0.5859003067016602,-0.045365121215581894,0.40380316972732544,0.6289536356925964,-0.055674050003290176,0.387340784072876,0.6671838760375977,-0.06541897356510162,0.46837013959884644,0.5201373100280762,-0.036402177065610886,0.4607839286327362,0.5592886209487915,-0.050041183829307556,0.45771339535713196,0.5774417519569397,-0.058382708579301834,0.45298928022384644,0.5967421531677246,-0.06557288765907288
25,right,0.35314446687698364,0.7464940547943115,6.715964104841987e-07,0.3490944802761078,0.713202714920044,-0.027609486132860184,0.33944079279899597,0.701919674873352,-0.05814367160201073,0.31742170453071594,0.7009013295173645,-0.08700810372829437,0.2945140600204468,0.7117909789085388,-0.11961115896701813,0.4026532769203186,0.7080180644989014,-0.072855144739151,0.4453692138195038,0.7116037011146545,-0.1068529263138771,0.4720436930656433,0.714862048625946,-0.1301356852054596,0.496066153049469,0.7230324149131775,-0.14687977731227875,0.40160664916038513,0.7136884331703186,-0.07843869179487228,0.43835216760635376,0.7237261533737183,-0.11183874309062958,0.4576748311519623,0.7327767014503479,-0.1325080394744873,0.4769556224346161,0.7451479434967041,-0.14857164025306702,0.3906897306442261,0.7184988260269165,-0.08442744612693787,0.4121430516242981,0.7308471202850342,-0.11720505356788635,0.4232757091522217,0.7405902743339539,-0.13599146902561188,0.4370022416114807,0.7517493963241577,-0.14902764558792114,0.3719790577888489,0.7168740630149841,-0.09171075373888016,0.376022070646286,0.7188214063644409,-0.12014509737491608,0.3749088943004608,0.7264207601547241,-0.13370007276535034,0.37803590297698975,0.7392536401748657,-0.14370910823345184
25,left,0.48780810832977295,0.46033379435539246,-1.3470754822719755e-07,0.438835084438324,0.4570786952972412,-4.8147619963856414e-05,0.38879045844078064,0.46452319622039795,-0.006681004073470831,0.3485352396965027,0.4737507104873657,-0.011657174676656723,0.3212454915046692,0.48007458448410034,-0.018499044701457024,0.4029809534549713,0.4657876193523407,-0.032444629818201065,0.37530168890953064,0.4868605136871338,-0.04465938359498978,0.3623517155647278,0.5119985938072205,-0.049927983433008194,0.35225623846054077,0.5374826192855835,-0.05401387810707092,0.42535650730133057,0.47405314445495605,-0.03988521173596382,0.4043891727924347,0.5533666014671326,-0.05411805957555771,0.3979984521865845,0.5954868793487549,-0.060479115694761276,0.3957037031650543,0.6285002827644348,-0.0662510022521019,0.44751012325286865,0.4886585772037506,-0.0452401377260685,0.41665858030319214,0.564712405204773,-0.060064710676670074,0.39585211873054504,0.6097481846809387,-0.06775376200675964,0.3790771961212158,0.6484618186950684,-0.07427993416786194,0.46808671951293945,0.5046550631523132,-0.04850847274065018,0.44874536991119385,0.5527041554450989,-0.05994300916790962,0.4391803443431854,0.5708714127540588,-0.06290282309055328,0.4307922124862671,0.5862736701965332,-0.06586173921823502
26,right,0.3544394075870514,0.7417052388191223,4.2506798081376473e-07,0.39060673117637634,0.7127880454063416,-0.005086863413453102,0.4214697778224945,0.7008797526359558,-0.015763482078909874,0.44458746910095215,0.6927235126495361,-0.02768477238714695,0.46433454751968384,0.6950460076332092,-0.0418718047440052,0.4280354082584381,0.7040839195251465,-0.03477146849036217,0.4600362181663513,0.701765775680542,-0.058453381061553955,0.48371830582618713,0.7026318907737732,-0.07330940663814545,0.503537654876709,0.7086648941040039,-0.08349698781967163,0.4104822278022766,0.7064980268478394,-0.046232059597969055,0.4371880292892456,0.7165191173553467,-0.07112231850624084,0.4560493528842926,0.7239463925361633,-0.0839184895157814,0.47313159704208374,0.7331197261810303,-0.0932435467839241,0.3858232796192169,0.7128831148147583,-0.0574580579996109,0.3984564542770386,0.7282077670097351,-0.08214642852544785,0.4104757308959961,0.7408398389816284,-0.09040862321853638,0.42451730370521545,0.7530921697616577,-0.096028171479702,0.3561026155948639,0.7175586819648743,-0.06862296909093857,0.3558361232280731,0.7275211811065674,-0.08915340155363083,0.36064645648002625,0.7369059324264526,-0.09505919367074966,0.368905246257782,0.7470712065696716,-0.09923968464136124
26,left,0.4830714166164398,0.4629860818386078,-1.5272557618573046e-07,0.4327792227268219,0.4642077088356018,-0.0033657338935881853,0.3818000555038452,0.4719076156616211,-0.01000099815428257,0.3416842818260193,0.48040008544921875,-0.015757903456687927,0.31434404850006104,0.49409157037734985,-0.023310156539082527,0.39786458015441895,0.4748067259788513,-0.03221302479505539,0.3678296208381653,0.4972493648529053,-0.044922128319740295,0.3583258092403412,0.5271735787391663,-0.05013256147503853,0.35395777225494385,0.5586584806442261,-0.05302442982792854,0.4209205210208893,0.4803445041179657,-0.036811988800764084,0.4061698913574219,0.56614089012146,-0.04908245429396629,0.39652755856513977,0.6178354024887085,-0.053606726229190826,0.3926057517528534,0.6604219675064087,-0.05937127768993378,0.446677029132843,0.4917891025543213,-0.04006996005773544,0.43554529547691345,0.5690187811851501,-0.05254224315285683,0.4304228127002716,0.5862739682197571,-0.053406838327646255,0.42649567127227783,0.5956236124038696,-0.05491982027888298,0.4686678647994995,0.5047921538352966,-0.0424753800034523,0.4566257894039154,0.5638274550437927,-0.052140094339847565,0.4543265104293823,0.5793202519416809,-0.05179668962955475,0.45200875401496887,0.5866710543632507,-0.0518902949988842
27,right,0.3527987599372864,0.7236494421958923,4.037583778426779e-07,0.39089658856391907,0.7011520862579346,-0.00800299271941185,0.4246006906032562,0.6947335600852966,-0.02340552769601345,0.4506480097770691,0.692590594291687,-0.03868592530488968,0.4748562276363373,0.696636974811554,-0.05633531138300896,0.42779815196990967,0.701460599899292,-0.051933832466602325,0.4607224762439728,0.7061675190925598,-0.08135734498500824,0.4826500415802002,0.7101290822029114,-0.10046975314617157,0.5017080307006836,0.7173275947570801,-0.11422934383153915,0.4110754430294037,0.7092503309249878,-0.06451424956321716,0.4360281527042389,0.723779022693634,-0.09746744483709335,0.45455488562583923,0.7324192523956299,-0.11636373400688171,0.47236183285713196,0.7405949234962463,-0.13068722188472748,0.38677167892456055,0.7183347940444946,-0.07584241777658463,0.3983754813671112,0.7314951419830322,-0.10718929767608643,0.41094911098480225,0.7468758821487427,-0.12017302960157394,0.42400237917900085,0.7615312337875366,-0.1295044720172882,0.35720235109329224,0.7240217924118042,-0.0866447240114212,0.35381051898002625,0.7342835664749146,-0.11242283880710602,0.35836800932884216,0.7433893084526062,-0.12207383662462234,0.36588799953460693,0.7530086636543274,-0.12973254919052124
27,left,0.48584359884262085,0.46312183141708374,-1.1096866359139312e-07,0.43614596128463745,0.46373456716537476,-0.0010668736649677157,0.38431254029273987,0.47266069054603577,-0.0065658180974423885,0.3428628444671631,0.4816170036792755,-0.011031470261514187,0.316266268491745,0.4938432574272156,-0.01729787327349186,0.4018975794315338,0.47788527607917786,-0.02739846333861351,0.3731158673763275,0.5038434863090515,-0.037499383091926575,0.3614460527896881,0.5310622453689575,-0.04171896353363991,0.3536195158958435,0.5577200055122375,-0.045189518481492996,0.4246598482131958,0.48789578676223755,-0.03381742537021637,0.4074045419692993,0.5681920051574707,-0.04512517899274826,0.39822205901145935,0.6117712259292603,-0.05060679465532303,0.3916241228580475,0.6462748646736145,-0.05647308751940727,0.4481815695762634,0.5008793473243713,-0.03874979540705681,0.4238032400608063,0.577521026134491,-0.05123331770300865,0.40341702103614807,0.6213770508766174,-0.05816297605633736,0.38453611731529236,0.6573007702827454,-0.06490787863731384,0.46925532817840576,0.5128591060638428,-0.042123567312955856,0.4542463421821594,0.5573440790176392,-0.052699632942676544,0.4495345652103424,0.5704277157783508,-0.055190928280353546,0.4446658492088318,0.5799996852874756,-0.05793020501732826
28,right,0.3507654666900635,0.712306797504425,4.726947793187719e-07,0.38640961050987244,0.6946905255317688,-0.009909247979521751,0.4105896055698395,0.688227653503418,-0.03333254158496857,0.42382940649986267,0.6871347427368164,-0.056016501039266586,0.4366392493247986,0.6905028223991394,-0.08210597932338715,0.4259317219257355,0.7012796401977539,-0.07828622311353683,0.4577404260635376,0.7069165110588074,-0.1179719939827919,0.48089879751205444,0.7143511176109314,-0.14488954842090607,0.5026278495788574,0.7256215810775757,-0.16514898836612701,0.407353013753891,0.7120018601417542,-0.0939909815788269,0.4297982454299927,0.7258619666099548,-0.14220605790615082,0.4497758746147156,0.7349923849105835,-0.17176437377929688,0.4699842631816864,0.7434712648391724,-0.19430424273014069,0.38216283917427063,0.7225415110588074,-0.10677875578403473,0.39306366443634033,0.735994279384613,-0.14995290338993073,0.40508219599723816,0.7498682737350464,-0.17263253033161163,0.4156225025653839,0.7629612684249878,-0.1888384073972702,0.35436785221099854,0.7299410700798035,-0.11823028326034546,0.3542916774749756,0.7416269183158875,-0.15519867837429047,0.3597853183746338,0.7511863708496094,-0.1740608811378479,0.36732596158981323,0.7596502304077148,-0.18891741335391998
28,left,0.4896153211593628,0.46103978157043457,-1.4402104397959192e-07,0.4433319866657257,0.4539000391960144,0.004019971936941147,0.39691251516342163,0.4608003795146942,-0.0007797388825565577,0.36059826612472534,0.4713967442512512,-0.004431072156876326,0.3350374102592468,0.483480304479599,-0.010400748811662197,0.40189284086227417,0.45624229311943054,-0.03160042315721512,0.37186554074287415,0.4720332622528076,-0.0430087186396122,0.35696887969970703,0.49187496304512024,-0.04811474308371544,0.3440682291984558,0.5141146183013916,-0.05183000862598419,0.4227408170700073,0.46189141273498535,-0.04047157242894173,0.40134939551353455,0.538590133190155,-0.05221746116876602,0.3923976719379425,0.5824030637741089,-0.058086078613996506,0.3858111500740051,0.6179618239402771,-0.06415200233459473,0.44429004192352295,0.4753354787826538,-0.04672445356845856,0.41336795687675476,0.5469178557395935,-0.06248636543750763,0.3909432590007782,0.5891366600990295,-0.07301675528287888,0.37177303433418274,0.6255008578300476,-0.08134887367486954,0.46390634775161743,0.49013862013816833,-0.05001989006996155,0.445138543844223,0.5362909436225891,-0.06336011737585068,0.44232016801834106,0.5444530844688416,-0.06623261421918869,0.4413207173347473,0.5484948754310608,-0.0687255933880806
29,right,0.39086228609085083,0.6886699795722961,4.636649730827003e-09,0.3531453609466553,0.6878564953804016,-0.017249498516321182,0.31817540526390076,0.6987255811691284,-0.039520569145679474,0.2866387963294983,0.7105990052223206,-0.061908937990665436,0.25713101029396057,0.7216968536376953,-0.08766297250986099,0.3521274924278259,0.7199663519859314,-0.05253942310810089,0.3544656038284302,0.734312117099762,-0.07404904812574387,0.3584468364715576,0.744647741317749,-0.09027472138404846,0.3655434548854828,0.7560418844223022,-0.10098334401845932,0.38702061772346497,0.7151747941970825,-0.05616968870162964,0.4025697112083435,0.7345727682113647,-0.07233794033527374,0.41602304577827454,0.7384788990020752,-0.08218155801296234,0.43075698614120483,0.7414461970329285,-0.09277288615703583,0.4177396297454834,0.7037951350212097,-0.059089064598083496,0.4417601227760315,0.7164173126220703,-0.076128289103508,0.4601556062698364,0.7196288108825684,-0.08321697264909744,0.47917070984840393,0.7247366905212402,-0.0891147032380104,0.44185125827789307,0.6857873201370239,-0.0630902349948883,0.46581703424453735,0.6889331340789795,-0.07168249040842056,0.48481521010398865,0.689761221408844,-0.07058656215667725,0.5043023228645325,0.6937693357467651,-0.0721929743885994
29,left,0.47957542538642883,0.46637120842933655,-2.084466110829908e-08,0.4297358989715576,0.45940929651260376,0.0006567991222254932,0.38111287355422974,0.4714469611644745,-0.001179797574877739,0.3453337550163269,0.4854442775249481,-0.002487294375896454,0.324985146522522,0.5016403198242188,-0.005888643674552441,0.3929990828037262,0.4744080603122711,-0.022461039945483208,0.3606301546096802,0.4823110103607178,-0.0280256737023592,0.3388110399246216,0.49909573793411255,-0.028568901121616364,0.3213006258010864,0.5181363821029663,-0.03040635958313942,0.41558027267456055,0.4865450859069824,-0.02811174839735031,0.3988115191459656,0.5653060674667358,-0.03639797121286392,0.38979795575141907,0.6095572710037231,-0.03950626030564308,0.38480639457702637,0.6423920392990112,-0.04367947205901146,0.4403141140937805,0.5035958886146545,-0.03218328580260277,0.41720321774482727,0.5772966146469116,-0.04403349384665489,0.40036270022392273,0.6190527677536011,-0.052485886961221695,0.3866775929927826,0.6526094675064087,-0.05949172005057335,0.46288996934890747,0.5173631906509399,-0.03443026915192604,0.4535713195800781,0.5591492056846619,-0.0469377264380455,0.4490458369255066,0.5774728655815125,-0.053704872727394104,0.44563668966293335,0.5946887731552124,-0.058394111692905426
30,right,0.38036221265792847,0.7149445414543152,3.4061048381772707e-07,0.34708666801452637,0.6993879079818726,-0.02130446583032608,0.3121231496334076,0.7011402249336243,-0.04562605544924736,0.27771228551864624,0.7102063298225403,-0.06917095929384232,0.2498713731765747,0.7249096632003784,-0.09598669409751892,0.3568476736545563,0.7216704487800598,-0.05372597277164459,0.37146151065826416,0.7421678304672241,-0.07382649183273315,0.38611629605293274,0.7612374424934387,-0.08931341022253036,0.40338757634162903,0.775993287563324,-0.10007920861244202,0.3868688642978668,0.7213513255119324,-0.054689373821020126,0.4148547053337097,0.7341441512107849,-0.07225528359413147,0.4377632737159729,0.744620144367218,-0.08313807100057602,0.4612661600112915,0.7538695335388184,-0.09346399456262589,0.41131705045700073,0.7124466896057129,-0.05548495426774025,0.4371609687805176,0.7224435806274414,-0.07298851758241653,0.4593577980995178,0.730185866355896,-0.08256251364946365,0.48148268461227417,0.7386759519577026,-0.0896388590335846,0.42837822437286377,0.6960595846176147,-0.057642627507448196,0.4500734508037567,0.6946947574615479,-0.06543164700269699,0.46570801734924316,0.6933374404907227,-0.06634849309921265,0.4824254810810089,0.6957394480705261,-0.06974800676107407
30,left,0.48229366540908813,0.45611971616744995,-1.238099684996996e-07,0.43324828147888184,0.45345914363861084,0.001781892846338451,0.3845454454421997,0.45937469601631165,-0.0035038141068071127,0.34425801038742065,0.46622854471206665,-0.007787661626935005,0.3181225061416626,0.47237810492515564,-0.01384741347283125,0.3993988633155823,0.46212637424468994,-0.02700764872133732,0.3697531223297119,0.48441633582115173,-0.03675483912229538,0.3564155101776123,0.5109184384346008,-0.04059772565960884,0.34734806418418884,0.5372675061225891,-0.04408540576696396,0.4211008846759796,0.4742301404476166,-0.03509899228811264,0.39831018447875977,0.5512660145759583,-0.04699062556028366,0.3925088942050934,0.588861882686615,-0.0526156984269619,0.3923812508583069,0.6174125075340271,-0.058044977486133575,0.4432060718536377,0.4904460608959198,-0.0412834994494915,0.41160133481025696,0.5627726316452026,-0.054571691900491714,0.38949325680732727,0.6044992208480835,-0.06406737118959427,0.37177395820617676,0.6416438221931458,-0.0723797157406807,0.46397408843040466,0.5046656131744385,-0.04523942992091179,0.44779324531555176,0.5455060601234436,-0.05678310990333557,0.43963152170181274,0.5628401637077332,-0.061990462243556976,0.4328691363334656,0.5800318121910095,-0.06686622649431229
31,right,0.39309266209602356,0.6949010491371155,1.2634293966584664e-07,0.35027050971984863,0.6903241276741028,-0.01790997013449669,0.3127531409263611,0.7020609974861145,-0.04030081257224083,0.2813795208930969,0.7152845859527588,-0.062290336936712265,0.25559693574905396,0.7294712662696838,-0.0877569243311882,0.3480839729309082,0.7243408560752869,-0.05208055302500725,0.3497461676597595,0.7489332556724548,-0.0730886459350586,0.35467520356178284,0.7607731223106384,-0.08908924460411072,0.362594872713089,0.772737979888916,-0.09954079985618591,0.38387781381607056,0.7217769622802734,-0.054849572479724884,0.4013642370700836,0.7421619892120361,-0.07011544704437256,0.4167942404747009,0.7489558458328247,-0.08047054708003998,0.4340658187866211,0.7556531429290771,-0.09140747785568237,0.41635099053382874,0.7105616331100464,-0.05696313828229904,0.4414316713809967,0.7240864634513855,-0.07312415540218353,0.46084439754486084,0.728179395198822,-0.08214005082845688,0.47991853952407837,0.7346317768096924,-0.08947549015283585,0.44164299964904785,0.6927882432937622,-0.060155853629112244,0.46716439723968506,0.6952441930770874,-0.06775470823049545,0.48683249950408936,0.6953193545341492,-0.06785964220762253,0.505620539188385,0.6982533931732178,-0.07070812582969666
31,left,0.4847372770309448,0.4612632393836975,-7.53553734966772e-08,0.43827083706855774,0.46030759811401367,-0.001416741288267076,0.3893550634384155,0.4690781831741333,-0.008397383615374565,0.34940049052238464,0.4781486392021179,-0.013967014849185944,0.3208058476448059,0.48613616824150085,-0.02166271209716797,0.3984983265399933,0.46603256464004517,-0.03241974860429764,0.3643760085105896,0.48402491211891174,-0.04380865395069122,0.3500083386898041,0.5118722319602966,-0.048231370747089386,0.3418551981449127,0.5395318865776062,-0.05094386264681816,0.41888508200645447,0.47239264845848083,-0.037908513098955154,0.3979836106300354,0.558309018611908,-0.05021577328443527,0.3905789256095886,0.6081405282020569,-0.053420115262269974,0.3881444036960602,0.6446315050125122,-0.056867457926273346,0.4415534436702728,0.486837238073349,-0.041358865797519684,0.4166754484176636,0.5683560967445374,-0.05255438759922981,0.40248584747314453,0.5988783240318298,-0.05179710313677788,0.39112380146980286,0.6166900992393494,-0.05207749828696251,0.4626351594924927,0.505501925945282,-0.043545112013816833,0.4437156617641449,0.5662810802459717,-0.051692068576812744,0.4425492584705353,0.5730060935020447,-0.04756511002779007,0.4422737956047058,0.5674894452095032,-0.0443493090569973
32,right,0.3983457088470459,0.6869950890541077,-1.2547667793683104e-08,0.3602677881717682,0.6819630861282349,-0.01652386225759983,0.3222173750400543,0.6947845816612244,-0.03868027776479721,0.28913581371307373,0.7136757969856262,-0.0616101436316967,0.26012611389160156,0.7314446568489075,-0.0879027396440506,0.35682573914527893,0.7254863977432251,-0.050281304866075516,0.36102816462516785,0.7425282001495361,-0.07240007072687149,0.36398249864578247,0.7489882111549377,-0.08962302654981613,0.3686124384403229,0.7569069862365723,-0.1012372225522995,0.3916761875152588,0.7251959443092346,-0.055152494460344315,0.40679845213890076,0.7474194765090942,-0.07241403311491013,0.4192889332771301,0.7507786750793457,-0.08323458582162857,0.4343340992927551,0.75242018699646,-0.09434770792722702,0.42304757237434387,0.7149383425712585,-0.05952794477343559,0.44527873396873474,0.7304598689079285,-0.07751325517892838,0.46346384286880493,0.7341473698616028,-0.08561278134584427,0.48337268829345703,0.7385948300361633,-0.09191162139177322,0.4488493800163269,0.6970808506011963,-0.06512294709682465,0.47109848260879517,0.7024165987968445,-0.0747424066066742,0.48825663328170776,0.7060002088546753,-0.07395222783088684,0.5061222314834595,0.7132124304771423,-0.07563349604606628
32,left,0.4819493293762207,0.4695509076118469,-1.1515045628129883e-07,0.4324186444282532,0.46724605560302734,0.0006351858610287309,0.38372886180877686,0.47750750184059143,-0.002850667806342244,0.34524068236351013,0.487892746925354,-0.005617857910692692,0.319716215133667,0.5026266574859619,-0.01017154473811388,0.39915037155151367,0.48465466499328613,-0.024268904700875282,0.37024152278900146,0.5066503286361694,-0.03362574428319931,0.35593289136886597,0.5316041707992554,-0.03739400580525398,0.3445054590702057,0.5572826266288757,-0.04046738147735596,0.4214215874671936,0.49285319447517395,-0.030799662694334984,0.40408724546432495,0.5707371234893799,-0.04131079465150833,0.39475077390670776,0.6157662272453308,-0.04666055738925934,0.38858115673065186,0.6510434150695801,-0.0522158220410347,0.44464415311813354,0.5054929852485657,-0.03583164140582085,0.4192534387111664,0.5802128314971924,-0.04956134036183357,0.3991318643093109,0.6258076429367065,-0.05938449129462242,0.38190290331840515,0.6627953052520752,-0.06731299310922623,0.46550214290618896,0.5174544453620911,-0.038887765258550644,0.4520384669303894,0.5602208375930786,-0.05193266272544861,0.44728657603263855,0.5757398009300232,-0.05790099874138832,0.4433795213699341,0.5878140926361084,-0.06231412664055824
33,right,0.4000333547592163,0.6996759176254272,1.4349544130709546e-07,0.3492489457130432,0.6950787305831909,-0.028531372547149658,0.30520668625831604,0.706877589225769,-0.060282155871391296,0.2730953097343445,0.7171165943145752,-0.08976675570011139,0.2476818859577179,0.7299105525016785,-0.12252035737037659,0.34579282999038696,0.7259100675582886,-0.07479877769947052,0.3465893268585205,0.7511090040206909,-0.10489077121019363,0.35079294443130493,0.7660144567489624,-0.12706516683101654,0.35716256499290466,0.7807403802871704,-0.1415168046951294,0.3815845549106598,0.7240696549415588,-0.07520082592964172,0.3950605094432831,0.7455418705940247,-0.10183073580265045,0.4074998199939728,0.7564556002616882,-0.11695673316717148,0.4234825670719147,0.7667191624641418,-0.13048052787780762,0.41503870487213135,0.7138972282409668,-0.07507266849279404,0.4362456798553467,0.7284713983535767,-0.09982840716838837,0.4559272527694702,0.7356736660003662,-0.11170195043087006,0.4754137694835663,0.7475389242172241,-0.1205463632941246,0.44260627031326294,0.6973114609718323,-0.07650625705718994,0.4628683030605316,0.6988624930381775,-0.0889139249920845,0.47775518894195557,0.700900673866272,-0.09132010489702225,0.49323850870132446,0.7073544263839722,-0.09611917287111282
33,left,0.48561763763427734,0.4567871689796448,-1.0891075419294793e-07,0.4393725097179413,0.45149365067481995,0.003847146173939109,0.39239901304244995,0.4578244090080261,-0.001460672589018941,0.35329964756965637,0.4661163091659546,-0.006069966591894627,0.32467907667160034,0.47402313351631165,-0.013102062977850437,0.40022704005241394,0.45935487747192383,-0.027821557596325874,0.3705637753009796,0.47678443789482117,-0.03873763978481293,0.3559333384037018,0.4988531172275543,-0.04363919422030449,0.345063179731369,0.5228449106216431,-0.04725862294435501,0.4215230345726013,0.46748173236846924,-0.036799363791942596,0.3991629481315613,0.5449462532997131,-0.04876735806465149,0.39019009470939636,0.5867592096328735,-0.055387698113918304,0.3849053680896759,0.6204070448875427,-0.061754655092954636,0.44350504875183105,0.4816269278526306,-0.043459270149469376,0.41127637028694153,0.5555147528648376,-0.05901368707418442,0.38866356015205383,0.5981960296630859,-0.06984804570674896,0.3701027035713196,0.6346902847290039,-0.0784522220492363,0.4634057879447937,0.49678540229797363,-0.047248877584934235,0.44350719451904297,0.5402982234954834,-0.060832127928733826,0.43822330236434937,0.5471826195716858,-0.06495246291160583,0.43441927433013916,0.5507027506828308,-0.06837834417819977
34,right,0.39562422037124634,0.7044874429702759,7.040443961159326e-08,0.3551044762134552,0.7042316794395447,-0.0233945120126009,0.31754958629608154,0.7111356854438782,-0.04839663207530975,0.28529199957847595,0.7140710353851318,-0.072003573179245,0.2567064166069031,0.71830815076828,-0.09830697625875473,0.35582178831100464,0.7293703556060791,-0.057118114084005356,0.35588210821151733,0.7487359642982483,-0.08062699437141418,0.35967665910720825,0.7573515176773071,-0.09884234517812729,0.3679005801677704,0.7670595049858093,-0.11089657247066498,0.3904532492160797,0.7228857278823853,-0.05738275498151779,0.404336154460907,0.7415916919708252,-0.07699716091156006,0.4182475507259369,0.7475956678390503,-0.08926042914390564,0.4359716773033142,0.7548629641532898,-0.10071416199207306,0.42228394746780396,0.7096604108810425,-0.057305946946144104,0.4429517090320587,0.721015453338623,-0.07608629763126373,0.4631143808364868,0.7264925837516785,-0.08526848256587982,0.485032856464386,0.7366275191307068,-0.09202540665864944,0.4481601119041443,0.6902033686637878,-0.0587996244430542,0.47103390097618103,0.6921097040176392,-0.06739635020494461,0.48878100514411926,0.6936569213867188,-0.06760132312774658,0.50684654712677,0.6999139785766602,-0.0701490268111229
34,left,0.4818462133407593,0.46368756890296936,3.110808721729086e-09,0.43351104855537415,0.4564790725708008,0.0005752819124609232,0.38756442070007324,0.46929043531417847,-0.0031496500596404076,0.3527758717536926,0.4864635765552521,-0.0061132232658565044,0.3341490626335144,0.5079046487808228,-0.011253290809690952,0.3986644744873047,0.4743514358997345,-0.02549113892018795,0.3642558455467224,0.483299195766449,-0.033363278955221176,0.341709166765213,0.49905553460121155,-0.03574448451399803,0.32343968749046326,0.5175448656082153,-0.03824325278401375,0.4212886691093445,0.48578155040740967,-0.03166833147406578,0.40126243233680725,0.5664670467376709,-0.04256623983383179,0.392179936170578,0.6126890778541565,-0.04639996960759163,0.3875744044780731,0.6464337706565857,-0.05002618953585625,0.4447592794895172,0.5017515420913696,-0.03600529208779335,0.41685837507247925,0.5796196460723877,-0.04964013770222664,0.39740240573883057,0.6230759024620056,-0.05678591877222061,0.3829381465911865,0.6564714908599854,-0.06190170347690582,0.4651685655117035,0.5148992538452148,-0.03836739435791969,0.44628268480300903,0.5613714456558228,-0.05045497417449951,0.44124355912208557,0.5744308829307556,-0.05367637798190117,0.4390905797481537,0.5833628177642822,-0.055335815995931625
35,right,0.37249335646629333,0.7300753593444824,4.112006308787386e-07,0.33409273624420166,0.7201518416404724,-0.04836445674300194,0.3014323115348816,0.7166302800178528,-0.09058284759521484,0.276696115732193,0.7187769412994385,-0.12584255635738373,0.25373947620391846,0.7260541319847107,-0.16395966708660126,0.35709092020988464,0.7277907133102417,-0.10778617113828659,0.3749319016933441,0.7429224848747253,-0.14569059014320374,0.38812869787216187,0.7635868787765503,-0.17173007130622864,0.4025473892688751,0.7802521586418152,-0.190184086561203,0.3879915475845337,0.7250317931175232,-0.10046355426311493,0.4138631522655487,0.7337527275085449,-0.13989053666591644,0.4315336048603058,0.7438569068908691,-0.16348160803318024,0.4500887095928192,0.756729006767273,-0.18264518678188324,0.41185861825942993,0.7165781259536743,-0.09298388659954071,0.43834906816482544,0.7226369976997375,-0.1283876597881317,0.4590089023113251,0.7261065244674683,-0.15128259360790253,0.47722509503364563,0.7397679686546326,-0.16791954636573792,0.4280321002006531,0.7031722664833069,-0.0877082571387291,0.443755179643631,0.7022146582603455,-0.11245422065258026,0.45196157693862915,0.7051026225090027,-0.12774039804935455,0.46142616868019104,0.7164000272750854,-0.14158914983272552
35,left,0.483026921749115,0.45766371488571167,-8.596679634820248e-08,0.4351504147052765,0.45293962955474854,0.0009404415613971651,0.3873913884162903,0.4576018154621124,-0.005326404701918364,0.3482593894004822,0.46461552381515503,-0.010747745633125305,0.3223818242549896,0.4719710946083069,-0.018406381830573082,0.4016245901584625,0.46154916286468506,-0.03029026836156845,0.3727477788925171,0.48420581221580505,-0.04164695367217064,0.358717679977417,0.5077992081642151,-0.046619705855846405,0.34765851497650146,0.5335627794265747,-0.050701964646577835,0.4230366349220276,0.4727628529071808,-0.038415148854255676,0.40059134364128113,0.5506396293640137,-0.05112556368112564,0.39136555790901184,0.595931351184845,-0.05798008292913437,0.3873614966869354,0.6336848139762878,-0.0649002343416214,0.4450482726097107,0.4880368411540985,-0.04452848806977272,0.41386878490448,0.560097873210907,-0.059014882892370224,0.39514967799186707,0.6037042140960693,-0.06879697740077972,0.38163113594055176,0.6426177024841309,-0.07716105878353119,0.46553653478622437,0.5022243857383728,-0.048497993499040604,0.44797778129577637,0.5434545874595642,-0.0615406334400177,0.43993496894836426,0.5599119663238525,-0.06741150468587875,0.43367698788642883,0.5755438208580017,-0.07253476232290268
36,right,0.3624446392059326,0.7428104281425476,3.678379130178655e-07,0.3387754559516907,0.717462956905365,-0.02188773639500141,0.3162471354007721,0.702754557132721,-0.043956149369478226,0.2856350839138031,0.7019070386886597,-0.06482013314962387,0.26036858558654785,0.7126032710075378,-0.08800198137760162,0.36708545684814453,0.7131565809249878,-0.05065120756626129,0.394253134727478,0.7273847460746765,-0.06984468549489975,0.41100195050239563,0.7457788586616516,-0.08318638056516647,0.4306319057941437,0.7597683072090149,-0.09308437258005142,0.3914453387260437,0.7143403887748718,-0.051970917731523514,0.4202413856983185,0.7289626598358154,-0.07006950676441193,0.43761998414993286,0.7399740815162659,-0.08063047379255295,0.45819929242134094,0.7487514019012451,-0.08996254205703735,0.40776336193084717,0.7115895748138428,-0.053816407918930054,0.4298084080219269,0.72233647108078,-0.07163049280643463,0.44571906328201294,0.7299639582633972,-0.08187103271484375,0.4653007686138153,0.7349768877029419,-0.08952011913061142,0.41690704226493835,0.7023879885673523,-0.057135891169309616,0.4340094327926636,0.6995247006416321,-0.06736507266759872,0.44339054822921753,0.6977885961532593,-0.07062587141990662,0.45488613843917847,0.6981760859489441,-0.07504422217607498
36,left,0.48521888256073,0.46441054344177246,-5.969011596107521e-08,0.4391513466835022,0.4594345986843109,-0.0011393908644095063,0.3919990658760071,0.4686048626899719,-0.0073379529640078545,0.35183075070381165,0.4794142246246338,-0.012006784789264202,0.32418447732925415,0.4891521632671356,-0.018591195344924927,0.4016396701335907,0.47050952911376953,-0.028186431154608727,0.36863279342651367,0.4880410134792328,-0.037764448672533035,0.3538340628147125,0.5149193406105042,-0.041210174560546875,0.3453608453273773,0.5419561862945557,-0.04373016953468323,0.4225263297557831,0.47867271304130554,-0.033530861139297485,0.40190383791923523,0.5626868009567261,-0.045055899769067764,0.39565518498420715,0.607193648815155,-0.04881234094500542,0.39280036091804504,0.6397332549095154,-0.052366673946380615,0.4448888897895813,0.4938543140888214,-0.03707565739750862,0.4187053442001343,0.574638843536377,-0.04835047200322151,0.3992217183113098,0.6176013946533203,-0.05206369608640671,0.3828252851963043,0.6494235396385193,-0.05588577687740326,0.4655264616012573,0.5109063982963562,-0.03904430940747261,0.4475158452987671,0.5602509379386902,-0.04841066151857376,0.4422417879104614,0.5727620124816895,-0.048486627638339996,0.43766075372695923,0.5785284638404846,-0.04863538220524788
