0.739154577255249,0.7261415719985962,-0.2237568348646164,0.32147568464279175,0.683409571647644,-0.3657965362071991
0.7392278909683228,0.7215641140937805,-0.20699064433574677,0.3219214379787445,0.6839395761489868,-0.36255955696105957
0.7390960454940796,0.7217614054679871,-0.2098754346370697,0.32303375005722046,0.6844503283500671,-0.3532489836215973
0.7394208908081055,0.7232522964477539,-0.24162402749061584,0.3229702115058899,0.6847397685050964,-0.32646453380584717
0.7395702004432678,0.7237867116928101,-0.25617504119873047,0.32295387983322144,0.6861174702644348,-0.2772490680217743
0.7396801710128784,0.7274531722068787,-0.29792386293411255,0.3223184645175934,0.6892808675765991,-0.24701687693595886
0.7403900623321533,0.7311124801635742,-0.30503255128860474,0.32204872369766235,0.6943671703338623,-0.24400964379310608
0.7410092949867249,0.7325358986854553,-0.31408411264419556,0.3220154345035553,0.6981436610221863,-0.24552838504314423
0.7412378787994385,0.7340975999832153,-0.31742772459983826,0.3213370442390442,0.7006081938743591,-0.24767939746379852
0.7418614625930786,0.7349013686180115,-0.31158292293548584,0.321288526058197,0.700743556022644,-0.2405085265636444
0.7419489622116089,0.7352856397628784,-0.30615538358688354,0.3206174075603485,0.7006738781929016,-0.2439587414264679
0.7420172691345215,0.7356034517288208,-0.302855908870697,0.31960850954055786,0.6997358798980713,-0.24647238850593567
0.7421916723251343,0.7361096143722534,-0.30271202325820923,0.3194439113140106,0.6996797919273376,-0.24690791964530945
0.7422739267349243,0.7367811799049377,-0.30311840772628784,0.3195571303367615,0.6992208361625671,-0.24870851635932922
0.7423009276390076,0.7368373870849609,-0.30358320474624634,0.3198758661746979,0.6983135938644409,-0.2464442253112793
0.7425163984298706,0.7370522022247314,-0.31700944900512695,0.3200179934501648,0.6980882287025452,-0.24573194980621338
0.7427680492401123,0.737116277217865,-0.3153895139694214,0.3218469023704529,0.6975924372673035,-0.239017054438591
0.742836594581604,0.7372218370437622,-0.314139187335968,0.321739137172699,0.6973956823348999,-0.24431201815605164
0.7428778409957886,0.737540602684021,-0.3125832676887512,0.32154279947280884,0.6971210837364197,-0.24645385146141052
0.7429205179214478,0.7376024723052979,-0.30943214893341064,0.3213139772415161,0.6960096955299377,-0.24760477244853973
0.7429686784744263,0.7376155257225037,-0.3021930158138275,0.32149723172187805,0.6948209404945374,-0.2605774700641632
0.7429901957511902,0.7376419901847839,-0.296023428440094,0.3218078017234802,0.6946660280227661,-0.2687130570411682
0.7430091500282288,0.7376759648323059,-0.29629993438720703,0.32190194725990295,0.6943400502204895,-0.27134960889816284
0.7432201504707336,0.7376788258552551,-0.29623252153396606,0.3219682276248932,0.6942573189735413,-0.2709727883338928
0.7432655096054077,0.737669050693512,-0.3016163110733032,0.32186657190322876,0.6943253874778748,-0.28336212038993835
0.7432896494865417,0.7373059988021851,-0.2963065505027771,0.32175102829933167,0.6944167017936707,-0.2823132276535034
0.7434026002883911,0.7371712327003479,-0.29811838269233704,0.3216871917247772,0.69451904296875,-0.28754013776779175
0.7435792088508606,0.7370103001594543,-0.2914772629737854,0.3207383155822754,0.6950464844703674,-0.2922463119029999
0.7436234951019287,0.7367141246795654,-0.28422558307647705,0.3203379809856415,0.6956897974014282,-0.29263705015182495
0.7436507940292358,0.7362163662910461,-0.2841950058937073,0.3202609419822693,0.6958323121070862,-0.293902724981308
0.7437341213226318,0.7361063361167908,-0.2746346890926361,0.31941622495651245,0.6958954334259033,-0.293325275182724
0.7437586784362793,0.7362155318260193,-0.2721875309944153,0.31865453720092773,0.6959924697875977,-0.3018011152744293
0.7437530755996704,0.7362148761749268,-0.26369351148605347,0.31771746277809143,0.6957975625991821,-0.3046451210975647
0.7439703345298767,0.7365540266036987,-0.26519912481307983,0.3178316056728363,0.695936381816864,-0.2994442284107208
0.7442418336868286,0.7368817925453186,-0.27135607600212097,0.3175739645957947,0.6965282559394836,-0.29896852374076843
0.7444049119949341,0.7368934154510498,-0.2718035578727722,0.31756705045700073,0.6965315341949463,-0.2936432659626007
