0.7352956533432007,0.7357202172279358,-0.2963826358318329,0.2791554629802704,0.6893259882926941,-0.4688168466091156
0.735289454460144,0.7351694107055664,-0.23107580840587616,0.2803540825843811,0.689287543296814,-0.3910607099533081
0.7352978587150574,0.7351452112197876,-0.21942850947380066,0.28077244758605957,0.6893030405044556,-0.3561604619026184
0.7353144884109497,0.7353857755661011,-0.20724208652973175,0.28137868642807007,0.689464807510376,-0.31525903940200806
0.735241174697876,0.7361160516738892,-0.1772163212299347,0.2817995548248291,0.6896867156028748,-0.3239583373069763
0.7351840734481812,0.7359368205070496,-0.1649160087108612,0.2820613384246826,0.6889124512672424,-0.3222576677799225
0.7351670265197754,0.734371542930603,-0.15178009867668152,0.2824333906173706,0.6880104541778564,-0.3254724144935608
0.7352009415626526,0.7340068817138672,-0.16085366904735565,0.28283926844596863,0.6871589422225952,-0.3482665717601776
0.7352591753005981,0.7340015172958374,-0.15857911109924316,0.2830219268798828,0.6871609091758728,-0.3482963442802429
0.7352735996246338,0.7340613603591919,-0.16162583231925964,0.2832270860671997,0.6871986389160156,-0.35949838161468506
0.7351895570755005,0.7340065240859985,-0.14917722344398499,0.28334516286849976,0.6871472001075745,-0.3058069050312042
0.7351600527763367,0.734097421169281,-0.13832977414131165,0.28318411111831665,0.6876060962677002,-0.26968735456466675
0.7351595163345337,0.734228789806366,-0.13945072889328003,0.28312984108924866,0.6877724528312683,-0.2659837305545807
0.7351714968681335,0.7343491911888123,-0.1422295868396759,0.28308650851249695,0.6878141164779663,-0.2648926377296448
0.73517245054245,0.7343329191207886,-0.16141122579574585,0.2829611301422119,0.688014566898346,-0.25569039583206177
0.7351957559585571,0.734333336353302,-0.17120584845542908,0.2829282879829407,0.6876612305641174,-0.25299543142318726
0.7353411912918091,0.7344309687614441,-0.17663125693798065,0.282945454120636,0.6878736019134521,-0.24738314747810364
0.7358323335647583,0.7345952391624451,-0.17941252887248993,0.2829574644565582,0.6880884766578674,-0.25232869386672974
0.7359641790390015,0.7348226308822632,-0.17964062094688416,0.2826933264732361,0.6884769201278687,-0.2572953999042511
0.7360984683036804,0.736799955368042,-0.17448124289512634,0.28116875886917114,0.6889292001724243,-0.2551114559173584
0.7361706495285034,0.7367880940437317,-0.16658538579940796,0.2813403606414795,0.6889244914054871,-0.23680627346038818
0.7362375259399414,0.7367883920669556,-0.16456878185272217,0.2810995876789093,0.688877522945404,-0.24151146411895752
0.7362107634544373,0.7367897033691406,-0.15484726428985596,0.281025767326355,0.6888737082481384,-0.2364542931318283
0.7360061407089233,0.7363480925559998,-0.1546461284160614,0.2813258767127991,0.6887849569320679,-0.22759410738945007
0.7358529567718506,0.735916793346405,-0.14295779168605804,0.2820747494697571,0.6882489919662476,-0.22508592903614044
0.7355896234512329,0.7356610894203186,-0.10923111438751221,0.28220972418785095,0.68770831823349,-0.22822098433971405
0.7355384230613708,0.7349941730499268,-0.11536510288715363,0.28368914127349854,0.6881349086761475,-0.2300490140914917
0.7353389263153076,0.7349860668182373,-0.09211327135562897,0.28454890847206116,0.6879647374153137,-0.22885143756866455
0.7352980375289917,0.7353651523590088,-0.1011885553598404,0.28438204526901245,0.6880375146865845,-0.24503636360168457
0.7354488968849182,0.7356873154640198,-0.10282975435256958,0.28432291746139526,0.688147246837616,-0.24862447381019592
0.7354391813278198,0.7360031604766846,-0.10452461242675781,0.2842707335948944,0.6883299350738525,-0.24859178066253662
0.7353264689445496,0.735897958278656,-0.10756069421768188,0.2843378186225891,0.6885442733764648,-0.23738840222358704
0.7353620529174805,0.7360557317733765,-0.099525585770607,0.2836211323738098,0.6885525584220886,-0.25058192014694214
0.7352913022041321,0.7363044023513794,-0.11474935710430145,0.2835019528865814,0.6888140439987183,-0.25637513399124146
0.7356839179992676,0.7352574467658997,-0.16687501966953278,0.28344857692718506,0.6892921924591064,-0.2595182955265045
0.7364894151687622,0.7354533076286316,-0.17629468441009521,0.2834060788154602,0.6894081830978394,-0.2828487753868103
