0.6466177701950073,0.8695353865623474,-0.23277506232261658,0.29644304513931274,0.8524552583694458,-0.24297888576984406
0.6466296315193176,0.8700019717216492,-0.23025207221508026,0.2966342568397522,0.8513668775558472,-0.23909834027290344
0.646731436252594,0.870008111000061,-0.2423817217350006,0.29669326543807983,0.8513832092285156,-0.2897401452064514
0.6466406583786011,0.8699868321418762,-0.2389245331287384,0.29698944091796875,0.8517017960548401,-0.2844651937484741
0.6466928124427795,0.8698700070381165,-0.25396838784217834,0.2968887984752655,0.8548049926757812,-0.2746652662754059
0.6471419930458069,0.8710669875144958,-0.3197510838508606,0.29683026671409607,0.8597163558006287,-0.2958771884441376
0.6471461653709412,0.8701497912406921,-0.21952132880687714,0.3016679286956787,0.8593636751174927,-0.18627692759037018
0.6469019651412964,0.8683587312698364,-0.1690642237663269,0.30402880907058716,0.8591488599777222,-0.17969903349876404
0.646754801273346,0.8665883541107178,-0.15635038912296295,0.30531272292137146,0.8598502278327942,-0.1676217019557953
0.6471561193466187,0.8665499091148376,-0.16694167256355286,0.30639705061912537,0.8610626459121704,-0.17526699602603912
0.6471836566925049,0.8664432168006897,-0.16929712891578674,0.30647042393684387,0.8623105883598328,-0.18203268945217133
0.6465181708335876,0.8651242852210999,-0.17560473084449768,0.3065200448036194,0.8616349101066589,-0.18687452375888824
0.6464123129844666,0.8641631007194519,-0.18271836638450623,0.306966096162796,0.8616190552711487,-0.19270919263362885
0.6460028290748596,0.8640150427818298,-0.18476679921150208,0.30724042654037476,0.86125248670578,-0.19441649317741394
0.6453770995140076,0.8636968731880188,-0.19541114568710327,0.307224303483963,0.8611339926719666,-0.20016010105609894
0.6453818678855896,0.8634796142578125,-0.1963113248348236,0.30772215127944946,0.8612901568412781,-0.20730546116828918
0.6452871561050415,0.863473653793335,-0.17819559574127197,0.3075869083404541,0.8596436977386475,-0.20008809864521027
0.645309567451477,0.863463282585144,-0.17936494946479797,0.3080303370952606,0.859142005443573,-0.19687309861183167
0.6454461216926575,0.8634423017501831,-0.17750266194343567,0.30812662839889526,0.8589250445365906,-0.17963255941867828
0.6452863812446594,0.8636032342910767,-0.17875197529792786,0.3082082271575928,0.8589343428611755,-0.18263345956802368
0.6453067660331726,0.8632564544677734,-0.17957165837287903,0.3082030713558197,0.8589377999305725,-0.16792865097522736
0.6453188061714172,0.8629196286201477,-0.17262955009937286,0.3079661726951599,0.8592162728309631,-0.17185601592063904
0.6453196406364441,0.8627874851226807,-0.1712481528520584,0.30796149373054504,0.8592926859855652,-0.15206274390220642
0.6453595757484436,0.8630486130714417,-0.20736995339393616,0.30790212750434875,0.8594591021537781,-0.1616767793893814
0.6453620195388794,0.8635143041610718,-0.20427708327770233,0.3076893091201782,0.859516441822052,-0.16503575444221497
0.6453368067741394,0.8635875582695007,-0.18894585967063904,0.3076464831829071,0.8601763248443604,-0.14435628056526184
0.6454929113388062,0.863589882850647,-0.18795904517173767,0.30784934759140015,0.8632071614265442,-0.14805613458156586
0.6455110311508179,0.8638022541999817,-0.18547910451889038,0.30767959356307983,0.8633721470832825,-0.15172961354255676
0.6454459428787231,0.8638128638267517,-0.22059199213981628,0.30778318643569946,0.8637197613716125,-0.16034869849681854
0.6443813443183899,0.8626097440719604,-0.17632617056369781,0.30772489309310913,0.8634764552116394,-0.154083713889122
0.6431511640548706,0.8614782094955444,-0.16661939024925232,0.30811846256256104,0.8634552359580994,-0.1391333043575287
0.6433867812156677,0.8616577386856079,-0.16711333394050598,0.3084869980812073,0.863657534122467,-0.14038611948490143
0.6437278389930725,0.8617383241653442,-0.2159844934940338,0.30935049057006836,0.8640395998954773,-0.16989339888095856
0.6447606086730957,0.8620785474777222,-0.21597477793693542,0.30933311581611633,0.8650254011154175,-0.177312433719635
0.6460481882095337,0.8619710206985474,-0.2293725311756134,0.309081494808197,0.8659258484840393,-0.18425150215625763
0.64705890417099,0.8619368672370911,-0.22450394928455353,0.30937325954437256,0.8662403225898743,-0.18368437886238098
