1,right,0,0,0,0,0,0,0,0,0,0,0,0,0,0,0,0,0,0,0,0,0,0,0,0,0,0,0,0,0,0,0,0,0,0,0,0,0,0,0,0,0,0,0,0,0,0,0,0,0,0,0,0,0,0,0,0,0,0,0,0,0,0,0
1,left,0,0,0,0,0,0,0,0,0,0,0,0,0,0,0,0,0,0,0,0,0,0,0,0,0,0,0,0,0,0,0,0,0,0,0,0,0,0,0,0,0,0,0,0,0,0,0,0,0,0,0,0,0,0,0,0,0,0,0,0,0,0,0
2,right,0,0,0,0,0,0,0,0,0,0,0,0,0,0,0,0,0,0,0,0,0,0,0,0,0,0,0,0,0,0,0,0,0,0,0,0,0,0,0,0,0,0,0,0,0,0,0,0,0,0,0,0,0,0,0,0,0,0,0,0,0,0,0
2,left,0,0,0,0,0,0,0,0,0,0,0,0,0,0,0,0,0,0,0,0,0,0,0,0,0,0,0,0,0,0,0,0,0,0,0,0,0,0,0,0,0,0,0,0,0,0,0,0,0,0,0,0,0,0,0,0,0,0,0,0,0,0,0
3,right,0,0,0,0,0,0,0,0,0,0,0,0,0,0,0,0,0,0,0,0,0,0,0,0,0,0,0,0,0,0,0,0,0,0,0,0,0,0,0,0,0,0,0,0,0,0,0,0,0,0,0,0,0,0,0,0,0,0,0,0,0,0,0
3,left,0,0,0,0,0,0,0,0,0,0,0,0,0,0,0,0,0,0,0,0,0,0,0,0,0,0,0,0,0,0,0,0,0,0,0,0,0,0,0,0,0,0,0,0,0,0,0,0,0,0,0,0,0,0,0,0,0,0,0,0,0,0,0
4,right,0.1979106366634369,0.6030161380767822,6.039952609171451e-07,0.2492244392633438,0.5534780025482178,-0.011556404642760754,0.2897261381149292,0.5105103850364685,-0.03415883705019951,0.3308836817741394,0.49026408791542053,-0.05765729397535324,0.3658267557621002,0.4675333797931671,-0.08355239778757095,0.22485105693340302,0.45348700881004333,-0.05676128715276718,0.25621336698532104,0.37472155690193176,-0.08989711850881577,0.27672338485717773,0.32796546816825867,-0.10989455878734589,0.2954113781452179,0.2938532531261444,-0.12417886406183243,0.20493169128894806,0.47216668725013733,-0.07277948409318924,0.23662801086902618,0.38652628660202026,-0.10826432704925537,0.260008841753006,0.3359183073043823,-0.12944760918617249,0.2801942825317383,0.29890501499176025,-0.14473213255405426,0.1971951276063919,0.507365882396698,-0.08847521990537643,0.2403079718351364,0.43527349829673767,-0.12537384033203125,0.2658616900444031,0.40302032232284546,-0.14751598238945007,0.2845759689807892,0.37551024556159973,-0.1626008301973343,0.20286959409713745,0.5518176555633545,-0.10336906462907791,0.2357410043478012,0.5314646363258362,-0.13902246952056885,0.2538619637489319,0.5136969685554504,-0.15832707285881042,0.2672215402126312,0.4933355748653412,-0.1716274470090866
4,left,0.6949761509895325,0.5851236581802368,2.953239857106382e-07,0.6307027339935303,0.5320050716400146,0.016565248370170593,0.5935989618301392,0.4744426906108856,0.0063346633687615395,0.5596424341201782,0.43624627590179443,-0.013411052525043488,0.5233557224273682,0.3999079465866089,-0.03821520134806633,0.6583702564239502,0.4036887288093567,-0.01851090043783188,0.6443690657615662,0.3373458981513977,-0.04679564759135246,0.6289442181587219,0.29196494817733765,-0.06989210844039917,0.6118836402893066,0.2600821852684021,-0.08948229998350143,0.6786025762557983,0.4222222566604614,-0.05494539067149162,0.6742744445800781,0.34489989280700684,-0.09256533533334732,0.6493131518363953,0.29517287015914917,-0.12104921042919159,0.6230893731117249,0.2649269104003906,-0.14341473579406738,0.6939203143119812,0.4508044719696045,-0.09075947850942612,0.6880431175231934,0.37748560309410095,-0.1302131712436676,0.6635857820510864,0.33231475949287415,-0.15646356344223022,0.6388567090034485,0.3046339750289917,-0.17545512318611145,0.700870931148529,0.48661184310913086,-0.12409505993127823,0.6924580335617065,0.43871983885765076,-0.1627766489982605,0.672916054725647,0.4070456922054291,-0.18526583909988403,0.6543145179748535,0.3856140375137329,-0.20249421894550323
5,right,0.2619902491569519,0.526218831539154,3.5605106063485437e-07,0.3277077376842499,0.49683642387390137,-0.00564104737713933,0.36933788657188416,0.4525417685508728,-0.015040431171655655,0.4094982147216797,0.4257700443267822,-0.026695512235164642,0.44116196036338806,0.40839439630508423,-0.037789903581142426,0.3032066822052002,0.3612573742866516,-0.01132136583328247,0.3412488102912903,0.2951916456222534,-0.025600776076316833,0.3605039715766907,0.2665184736251831,-0.0366421639919281,0.375657856464386,0.24095721542835236,-0.04588189348578453,0.28806087374687195,0.37037914991378784,-0.021916314959526062,0.3403865098953247,0.3124312460422516,-0.03874896466732025,0.3663468658924103,0.2844785451889038,-0.050710149109363556,0.3874441683292389,0.26079022884368896,-0.0597272627055645,0.28491711616516113,0.3993357717990875,-0.0335967093706131,0.3418520987033844,0.3575735092163086,-0.05131106451153755,0.3701803386211395,0.3312016725540161,-0.06071699410676956,0.39236095547676086,0.3078037202358246,-0.067829430103302,0.29181748628616333,0.44156312942504883,-0.045843228697776794,0.3460950553417206,0.4297071397304535,-0.05857758969068527,0.37667879462242126,0.417263925075531,-0.0624358095228672,0.4019821286201477,0.40468829870224,-0.06620196998119354
5,left,0.6297554969787598,0.5097817182540894,-2.461604431402975e-08,0.5753583908081055,0.48553183674812317,0.0008516857051290572,0.5387490391731262,0.43557316064834595,-0.007378880400210619,0.508246898651123,0.40747177600860596,-0.016207372769713402,0.48137351870536804,0.38690856099128723,-0.026042168959975243,0.5942120552062988,0.3508283495903015,-0.028862420469522476,0.5499561429023743,0.28377464413642883,-0.04632636159658432,0.5163096189498901,0.26345741748809814,-0.055392105132341385,0.490983784198761,0.25733935832977295,-0.06051146239042282,0.609491229057312,0.36519303917884827,-0.04142757132649422,0.5563331246376038,0.2849990427494049,-0.058606602251529694,0.517328679561615,0.26240766048431396,-0.06791689991950989,0.4857684075832367,0.2528274655342102,-0.074399933218956,0.6131666898727417,0.3948710858821869,-0.05288606137037277,0.5565949082374573,0.3357186019420624,-0.07099764049053192,0.5142515897750854,0.31080517172813416,-0.08199876546859741,0.48093560338020325,0.29521769285202026,-0.08897572010755539,0.6038312315940857,0.43507152795791626,-0.06268095225095749,0.5553194284439087,0.4051983952522278,-0.07848303020000458,0.5233869552612305,0.3916265666484833,-0.08432593196630478,0.49626073241233826,0.382354736328125,-0.08815904706716537
6,right,0.2920786738395691,0.5203325748443604,6.075003398109402e-07,0.3461161255836487,0.4849841594696045,-0.008649086579680443,0.3775331974029541,0.43621328473091125,-0.01789899915456772,0.405610054731369,0.40422892570495605,-0.027514737099409103,0.42106515169143677,0.37601521611213684,-0.03561708331108093,0.3112141191959381,0.3488559424877167,-0.020774615928530693,0.37740811705589294,0.3189913034439087,-0.04060984030365944,0.4165591895580292,0.3048514425754547,-0.05352305993437767,0.4475376009941101,0.2931700348854065,-0.06190338358283043,0.30565977096557617,0.36234164237976074,-0.0276171937584877,0.3859691619873047,0.3372936248779297,-0.04766944795846939,0.428371787071228,0.329466313123703,-0.0560196153819561,0.46196290850639343,0.32295966148376465,-0.06088979169726372,0.31130334734916687,0.3907611668109894,-0.03587130829691887,0.3885529935359955,0.3737559914588928,-0.05255478248000145,0.4306007921695709,0.363326758146286,-0.05709021911025047,0.4620259404182434,0.355563223361969,-0.05891527608036995,0.32358741760253906,0.42836782336235046,-0.04536090046167374,0.38202404975891113,0.41919273138046265,-0.05575718730688095,0.4161761999130249,0.40968185663223267,-0.058124709874391556,0.442949116230011,0.40151873230934143,-0.059405308216810226
6,left,0.6215299963951111,0.5190972089767456,-4.03018134420563e-07,0.5544190406799316,0.4687437415122986,0.0009131307597272098,0.5286610722541809,0.41457951068878174,-0.006409788504242897,0.5099341869354248,0.3753058612346649,-0.0157167986035347,0.49311432242393494,0.34475237131118774,-0.02568856067955494,0.6032352447509766,0.3294142186641693,-0.009612854570150375,0.5360995531082153,0.29790371656417847,-0.026787670329213142,0.4967905580997467,0.29160556197166443,-0.04141426086425781,0.4685766100883484,0.2912401556968689,-0.05061023309826851,0.6096094846725464,0.3482537269592285,-0.0183748509734869,0.5317970514297485,0.3183410167694092,-0.03254687786102295,0.48696839809417725,0.32266438007354736,-0.0428776741027832,0.45529791712760925,0.3274651765823364,-0.05139567330479622,0.604948878288269,0.3756318986415863,-0.02756500244140625,0.5325932502746582,0.35187584161758423,-0.041259899735450745,0.49127453565597534,0.3555411696434021,-0.04627335071563721,0.462385892868042,0.35990315675735474,-0.04988504573702812,0.5906856656074524,0.4101707339286804,-0.036612287163734436,0.533800482749939,0.3957577347755432,-0.046213164925575256,0.5024170279502869,0.39291122555732727,-0.04876992106437683,0.47821831703186035,0.38865742087364197,-0.05038043111562729
7,right,0.2617105543613434,0.5503901839256287,4.5829028749722056e-07,0.32100987434387207,0.49057698249816895,-0.0025125714018940926,0.34905076026916504,0.43896448612213135,-0.009478848427534103,0.3716674745082855,0.4058328866958618,-0.01927451603114605,0.3919278383255005,0.3809319734573364,-0.027406690642237663,0.2770286798477173,0.35092973709106445,0.002890578005462885,0.34102413058280945,0.34893134236335754,-0.018197989091277122,0.38128697872161865,0.35686448216438293,-0.03781033307313919,0.41565442085266113,0.3681437373161316,-0.051271792501211166,0.26545965671539307,0.3585728108882904,-0.007198983337730169,0.3404576778411865,0.3610403835773468,-0.029691647738218307,0.3859490156173706,0.3693907558917999,-0.04404210299253464,0.4251449406147003,0.3774917423725128,-0.05234713852405548,0.26318085193634033,0.3825731873512268,-0.01957879029214382,0.34132978320121765,0.386722207069397,-0.041023705154657364,0.38638442754745483,0.39390721917152405,-0.04769090935587883,0.42194467782974243,0.39791280031204224,-0.04905678331851959,0.27012068033218384,0.4165733754634857,-0.03316862881183624,0.33438464999198914,0.41827207803726196,-0.047024160623550415,0.36686331033706665,0.4234074354171753,-0.04861341416835785,0.39201679825782776,0.42358332872390747,-0.04722973331809044
7,left,0.6551423072814941,0.5269595384597778,-6.628779942730034e-07,0.5970020294189453,0.4706771969795227,0.0031982732471078634,0.5662976503372192,0.42082178592681885,-0.003587956540286541,0.5395363569259644,0.390764981508255,-0.01472270954400301,0.5168300271034241,0.36743685603141785,-0.026778556406497955,0.6358194947242737,0.32768160104751587,0.002197402296587825,0.5699732303619385,0.32449132204055786,-0.019037527963519096,0.5304017066955566,0.34312307834625244,-0.03948581963777542,0.5031192898750305,0.3611600697040558,-0.05244671180844307,0.650439441204071,0.33801037073135376,-0.010548796504735947,0.5727331042289734,0.3296351134777069,-0.02872772514820099,0.5294267535209656,0.35388457775115967,-0.045658938586711884,0.49847546219825745,0.37541359663009644,-0.05768894776701927,0.6559563875198364,0.3601248264312744,-0.024625485762953758,0.5820897817611694,0.3509334325790405,-0.04208081588149071,0.5395684838294983,0.3682175278663635,-0.05258255824446678,0.5091356039047241,0.3846900761127472,-0.0589774064719677,0.6521145105361938,0.3908785879611969,-0.03858110308647156,0.5917823910713196,0.38779380917549133,-0.052040982991456985,0.5586602091789246,0.39439189434051514,-0.05798898637294769,0.5321967005729675,0.3996325731277466,-0.0611095167696476
8,right,0.22063608467578888,0.5352767705917358,2.5305070039394195e-07,0.2782587707042694,0.4831414818763733,-0.010736973024904728,0.30221617221832275,0.42953962087631226,-0.02161622978746891,0.3234008848667145,0.39018046855926514,-0.034354619681835175,0.33554700016975403,0.3574632406234741,-0.044742897152900696,0.23195520043373108,0.3407866656780243,-0.01137163583189249,0.29613685607910156,0.33309751749038696,-0.037688903510570526,0.3326241075992584,0.35664525628089905,-0.05737502872943878,0.3603091835975647,0.37575533986091614,-0.06970991939306259,0.2155447006225586,0.34891122579574585,-0.018043218180537224,0.2917693257331848,0.3526114523410797,-0.045784078538417816,0.33178284764289856,0.3746785521507263,-0.05900508165359497,0.3653568923473358,0.3906624913215637,-0.06609906256198883,0.2088761180639267,0.3717952370643616,-0.027698425576090813,0.2854808568954468,0.38248226046562195,-0.055031124502420425,0.3246408998966217,0.40073931217193604,-0.06237366795539856,0.35668542981147766,0.41277456283569336,-0.06349281966686249,0.21279987692832947,0.4034745991230011,-0.03890278935432434,0.27360963821411133,0.41226017475128174,-0.05805414915084839,0.3059741258621216,0.42267346382141113,-0.06292583793401718,0.33380240201950073,0.4247475266456604,-0.06362563371658325
8,left,0.6949301958084106,0.5337653756141663,-5.873451982552069e-07,0.6466253399848938,0.47617971897125244,-0.0021723539102822542,0.6206360459327698,0.42310652136802673,-0.007853616960346699,0.5988361239433289,0.39261487126350403,-0.0168155487626791,0.5832526683807373,0.3670419156551361,-0.02578442543745041,0.6850326061248779,0.33270901441574097,0.00573705742135644,0.627143144607544,0.3296965956687927,-0.015533575788140297,0.5919943451881409,0.34581729769706726,-0.03645201399922371,0.5675264000892639,0.36239972710609436,-0.049285609275102615,0.7003140449523926,0.3417772054672241,-0.0037267860025167465,0.6364414691925049,0.33657437562942505,-0.020641528069972992,0.5972616672515869,0.35787928104400635,-0.03723098710179329,0.5682553648948669,0.3741470277309418,-0.04839973524212837,0.7082395553588867,0.36488077044487,-0.015664128586649895,0.6493292450904846,0.35944175720214844,-0.03306649997830391,0.609943151473999,0.3762575685977936,-0.043913837522268295,0.5802072882652283,0.38942959904670715,-0.049727510660886765,0.707724392414093,0.39813145995140076,-0.02819918282330036,0.6574423313140869,0.4000647962093353,-0.04175889492034912,0.6274646520614624,0.4091853201389313,-0.04778919368982315,0.6030728220939636,0.41466981172561646,-0.05026840791106224
9,right,0.19675809144973755,0.5523451566696167,3.4622058819877566e-07,0.25002336502075195,0.49846237897872925,-0.005147136747837067,0.2741188704967499,0.43991315364837646,-0.01153257954865694,0.29447731375694275,0.4021298289299011,-0.019948013126850128,0.3117390275001526,0.3723222315311432,-0.02682814560830593,0.20155534148216248,0.3508848547935486,1.698958112683613e-05,0.26833683252334595,0.3446881175041199,-0.021464528515934944,0.30798038840293884,0.3566906154155731,-0.04028515890240669,0.3396693170070648,0.369280070066452,-0.052681900560855865,0.18624934554100037,0.3581150770187378,-0.008385216817259789,0.26519495248794556,0.3557983636856079,-0.03247526288032532,0.30852678418159485,0.3746175765991211,-0.04696999862790108,0.34287768602371216,0.39057186245918274,-0.054017022252082825,0.18228088319301605,0.3814244270324707,-0.01915843039751053,0.2605816423892975,0.3835763931274414,-0.04295026883482933,0.3048344552516937,0.3998100459575653,-0.05202478542923927,0.3387603759765625,0.41029101610183716,-0.05376496911048889,0.1885439157485962,0.4133765995502472,-0.03094847872853279,0.2521485984325409,0.4187743067741394,-0.04882947355508804,0.287262499332428,0.42965006828308105,-0.054643724113702774,0.314617782831192,0.4338822066783905,-0.05514124780893326
9,left,0.7177484035491943,0.53867506980896,-5.854724918208376e-07,0.6710330843925476,0.48066848516464233,-0.002057283651083708,0.6459445357322693,0.42454013228416443,-0.008257554844021797,0.6275181174278259,0.38919317722320557,-0.017614463344216347,0.6178650259971619,0.36020034551620483,-0.02644650824368,0.7108761072158813,0.3436305522918701,0.0030009648762643337,0.6526693105697632,0.3366917371749878,-0.01971561089158058,0.6185163259506226,0.35058078169822693,-0.039565637707710266,0.5922120213508606,0.3667272925376892,-0.05057969689369202,0.7280489802360535,0.35106608271598816,-0.0066374242305755615,0.659883439540863,0.34386706352233887,-0.027999913319945335,0.6200150847434998,0.36772722005844116,-0.04475495219230652,0.5921165943145752,0.3893897533416748,-0.053537074476480484,0.7368471622467041,0.37195688486099243,-0.018489377573132515,0.6743547320365906,0.36392268538475037,-0.03963194414973259,0.6337212920188904,0.38364821672439575,-0.04992297291755676,0.6051493883132935,0.4008742570877075,-0.05294370651245117,0.735162079334259,0.40228962898254395,-0.030670365318655968,0.6827638149261475,0.40237799286842346,-0.04793413728475571,0.6533617973327637,0.41163021326065063,-0.05492206662893295,0.631624698638916,0.41807815432548523,-0.056014902889728546
10,right,0.19564339518547058,0.546410322189331,2.7011765268980525e-07,0.2483653873205185,0.4946969747543335,-0.008301449939608574,0.27277645468711853,0.4396626651287079,-0.020782990381121635,0.29652124643325806,0.3980942964553833,-0.03497781604528427,0.31740692257881165,0.36719563603401184,-0.04764813557267189,0.19961673021316528,0.3539496958255768,-0.019409867003560066,0.26851004362106323,0.33528533577919006,-0.04711081087589264,0.3096826374530792,0.3560680150985718,-0.06692875921726227,0.3373953402042389,0.3781852722167969,-0.07908964902162552,0.18225634098052979,0.36427241563796997,-0.02795892208814621,0.26401984691619873,0.34765002131462097,-0.05584365501999855,0.307924747467041,0.3664948046207428,-0.06860986351966858,0.33855366706848145,0.3867417871952057,-0.07539815455675125,0.17586039006710052,0.39031320810317993,-0.038530971854925156,0.2532857358455658,0.3772522807121277,-0.06478196382522583,0.2943113446235657,0.388536661863327,-0.07160917669534683,0.3237933814525604,0.39972254633903503,-0.07326047122478485,0.17867246270179749,0.42551419138908386,-0.04997766762971878,0.2379409819841385,0.4195714592933655,-0.06939439475536346,0.27163180708885193,0.4208441972732544,-0.0746912956237793,0.299152135848999,0.4200379550457001,-0.07619728893041611
10,left,0.7183099985122681,0.5335362553596497,-5.389986768022936e-07,0.680302083492279,0.482032835483551,-0.003325728001073003,0.6599379777908325,0.4240087866783142,-0.009566003456711769,0.6520369648933411,0.385227769613266,-0.018280373886227608,0.6514961123466492,0.35679808259010315,-0.026363443583250046,0.7178587317466736,0.3445308208465576,0.0003054905100725591,0.6692426204681396,0.32683080434799194,-0.02413555234670639,0.6357871294021606,0.34068864583969116,-0.04532864689826965,0.6114945411682129,0.36204794049263,-0.05707404762506485,0.7383060455322266,0.35224446654319763,-0.009041188284754753,0.6806790828704834,0.3317660093307495,-0.030358141288161278,0.6425881385803223,0.34974193572998047,-0.045290157198905945,0.6164615154266357,0.37389639019966125,-0.0526462122797966,0.7514848709106445,0.3735000491142273,-0.021116498857736588,0.699976921081543,0.35283198952674866,-0.0420570969581604,0.6624310612678528,0.36669856309890747,-0.05096032842993736,0.635912299156189,0.3831990957260132,-0.05328788608312607,0.7547247409820557,0.40545758605003357,-0.03374215215444565,0.708486020565033,0.3991325795650482,-0.05197305604815483,0.6785624027252197,0.4038814902305603,-0.058919817209243774,0.6557977199554443,0.40713340044021606,-0.06005178764462471
11,right,0.21216042339801788,0.5217474699020386,6.623291142204835e-07,0.26055148243904114,0.48212969303131104,-0.00791564304381609,0.2924937605857849,0.4344061017036438,-0.025187170132994652,0.33053290843963623,0.4076419770717621,-0.0441235713660717,0.3692445755004883,0.3998250961303711,-0.06491652131080627,0.22626639902591705,0.35448983311653137,-0.037251293659210205,0.27364271879196167,0.3030354678630829,-0.06936059892177582,0.3035322427749634,0.26629725098609924,-0.09235768765211105,0.32884207367897034,0.2360789179801941,-0.10895892232656479,0.20836295187473297,0.36429980397224426,-0.053375132381916046,0.26516613364219666,0.2994304597377777,-0.087612584233284,0.2993745803833008,0.2615251839160919,-0.10895458608865738,0.328144907951355,0.2258480340242386,-0.12311829626560211,0.20129990577697754,0.3898441791534424,-0.06992056965827942,0.257990300655365,0.3425140678882599,-0.1033327579498291,0.2918170690536499,0.31405162811279297,-0.11905992776155472,0.31848829984664917,0.2840158939361572,-0.12840645015239716,0.20317892730236053,0.42592328786849976,-0.08652494847774506,0.24820451438426971,0.4035051763057709,-0.11418861150741577,0.2772035300731659,0.38658374547958374,-0.12492679804563522,0.30252963304519653,0.3678809404373169,-0.13174869120121002
11,left,0.7003396153450012,0.5096336603164673,2.779243288841826e-07,0.6526802182197571,0.47009187936782837,-0.011134857311844826,0.6236824989318848,0.4133409559726715,-0.027733881026506424,0.5952786803245544,0.38675087690353394,-0.045881859958171844,0.5612767934799194,0.37107139825820923,-0.06717870384454727,0.6674322485923767,0.3441932201385498,-0.029409147799015045,0.6498419642448425,0.28531551361083984,-0.0573786199092865,0.6332607269287109,0.24011853337287903,-0.08187573403120041,0.6147494912147522,0.20561550557613373,-0.0995340496301651,0.6901857852935791,0.35501715540885925,-0.04382772371172905,0.6771219372749329,0.2889896631240845,-0.07462290674448013,0.6552378535270691,0.24366672337055206,-0.09806510806083679,0.6331726908683777,0.21218089759349823,-0.11335745453834534,0.7104019522666931,0.37797480821609497,-0.05964847281575203,0.7018410563468933,0.31040334701538086,-0.08834466338157654,0.6797570586204529,0.2648305892944336,-0.10663799196481705,0.6585222482681274,0.2303048074245453,-0.11770953983068466,0.7264013886451721,0.4083416759967804,-0.07583914697170258,0.7228810787200928,0.3575992286205292,-0.09858386963605881,0.7105807662010193,0.31851035356521606,-0.10811023414134979,0.6974311470985413,0.28656119108200073,-0.11421708762645721
12,right,0.24071450531482697,0.5030895471572876,3.576893163881323e-07,0.3037634789943695,0.46686750650405884,-0.006075310055166483,0.33987894654273987,0.4198993146419525,-0.017495980486273766,0.37784579396247864,0.39714372158050537,-0.03154001757502556,0.41281548142433167,0.3882729411125183,-0.045721374452114105,0.2743739187717438,0.3255646526813507,-0.02014189586043358,0.3166712820529938,0.26659905910491943,-0.04170016571879387,0.3379458785057068,0.23071378469467163,-0.05762236937880516,0.35475340485572815,0.19801542162895203,-0.07019934058189392,0.2610800862312317,0.33289510011672974,-0.03460468351840973,0.3157329559326172,0.26581713557243347,-0.059514742344617844,0.34070029854774475,0.2293902188539505,-0.07599557936191559,0.3618350625038147,0.19446831941604614,-0.08716046810150146,0.2582506239414215,0.3612897992134094,-0.05006306245923042,0.31986817717552185,0.3184008002281189,-0.07653863728046417,0.34947431087493896,0.2907654047012329,-0.09109799563884735,0.3729006350040436,0.26157140731811523,-0.09996464103460312,0.26343607902526855,0.40384799242019653,-0.0658717080950737,0.3134702444076538,0.38655585050582886,-0.08804825693368912,0.34282341599464417,0.3715020716190338,-0.09784319996833801,0.3690139353275299,0.3550376296043396,-0.10442457348108292
12,left,0.6588767766952515,0.5047397613525391,9.958930036191305e-08,0.6058717370033264,0.46812301874160767,-0.0033714233431965113,0.5658131241798401,0.4169263243675232,-0.011965335346758366,0.5301571488380432,0.3948313891887665,-0.0238250233232975,0.49736830592155457,0.39026451110839844,-0.0368337444961071,0.602360188961029,0.3291129469871521,-0.00621133204549551,0.5846074223518372,0.2603588104248047,-0.02371356263756752,0.5716400742530823,0.2203054130077362,-0.0387091301381588,0.5609651803970337,0.18722349405288696,-0.05012449994683266,0.6189707517623901,0.33413904905319214,-0.020202642306685448,0.5988399386405945,0.2608981132507324,-0.03765581548213959,0.5803883075714111,0.21924540400505066,-0.05187349393963814,0.5639216303825378,0.18597351014614105,-0.06232215091586113,0.6344799995422363,0.35273024439811707,-0.03595197573304176,0.6129491329193115,0.28333503007888794,-0.0537576898932457,0.5915591716766357,0.2429332435131073,-0.0638091191649437,0.5727794170379639,0.21163801848888397,-0.07048153877258301,0.6452015042304993,0.382569283246994,-0.05228026956319809,0.624791145324707,0.336150586605072,-0.06747160851955414,0.604697048664093,0.3089471459388733,-0.07281144708395004,0.5861915946006775,0.2888210117816925,-0.07664809376001358
13,right,0.26940906047821045,0.4949646294116974,5.26907172115898e-07,0.3285267949104309,0.47228455543518066,-0.008241428062319756,0.365557461977005,0.4292869567871094,-0.01724429987370968,0.4027444124221802,0.4040127396583557,-0.027635691687464714,0.4336956739425659,0.38958215713500977,-0.03740140423178673,0.3021145462989807,0.33394110202789307,-0.01396143063902855,0.3590199947357178,0.2962820529937744,-0.03270880877971649,0.39146026968955994,0.27256807684898376,-0.0470619797706604,0.41567274928092957,0.25217363238334656,-0.05746528506278992,0.2919780910015106,0.3357316553592682,-0.023441128432750702,0.36021238565444946,0.2858203649520874,-0.04440517723560333,0.3941676616668701,0.2542584538459778,-0.058362800627946854,0.42107075452804565,0.22550244629383087,-0.06713023036718369,0.2943214476108551,0.3587372899055481,-0.034403182566165924,0.3644862174987793,0.32407888770103455,-0.05592281371355057,0.4017266035079956,0.3014744520187378,-0.06767389923334122,0.4309523403644562,0.2799164950847626,-0.0741930678486824,0.3048456311225891,0.3959755599498749,-0.046046800911426544,0.362445592880249,0.3852986991405487,-0.06345907598733902,0.39396825432777405,0.3721519708633423,-0.07066676765680313,0.4210689961910248,0.3574240207672119,-0.07493816316127777
13,left,0.6285475492477417,0.49016615748405457,-4.6974363954177534e-08,0.5725210905075073,0.469775915145874,-0.0017285837093368173,0.5336923599243164,0.4220501780509949,-0.009784415364265442,0.5018637180328369,0.39744263887405396,-0.018663905560970306,0.47354942560195923,0.38385772705078125,-0.02833198383450508,0.5966636538505554,0.32622087001800537,-0.02105669677257538,0.5462273955345154,0.27399036288261414,-0.03656909614801407,0.5082986354827881,0.25544148683547974,-0.04627131670713425,0.4770582616329193,0.2506563663482666,-0.05255093052983284,0.6071176528930664,0.3346388638019562,-0.0315769761800766,0.5440515875816345,0.27286797761917114,-0.048752233386039734,0.5007819533348083,0.2563785910606384,-0.05901138111948967,0.46519139409065247,0.2517642378807068,-0.06547515839338303,0.6083495020866394,0.3562470078468323,-0.041570086032152176,0.5464069843292236,0.30078428983688354,-0.05775938555598259,0.5028960108757019,0.27969151735305786,-0.06605105847120285,0.46834796667099,0.2670013904571533,-0.07075273990631104,0.5989217758178711,0.38836997747421265,-0.05091632902622223,0.5494998693466187,0.35660484433174133,-0.06403825432062149,0.5191275477409363,0.3403083384037018,-0.06835681945085526,0.49339085817337036,0.3272687792778015,-0.07078894227743149
14,right,0.2593304514884949,0.5332885980606079,6.009035473653057e-07,0.32931527495384216,0.48046860098838806,-0.002127054613083601,0.3603658080101013,0.4233405888080597,-0.006876737345010042,0.3836175501346588,0.3833004832267761,-0.014149091206490993,0.4025838375091553,0.3522492051124573,-0.01995876431465149,0.2872943878173828,0.3307349681854248,0.008356854319572449,0.35830676555633545,0.3235456049442291,-0.005597095470875502,0.401082307100296,0.3174603581428528,-0.020371172577142715,0.43428418040275574,0.3131771981716156,-0.031242625787854195,0.2780826985836029,0.3368208110332489,-0.0005309057305566967,0.36476871371269226,0.325635701417923,-0.01244671456515789,0.40849387645721436,0.3215593099594116,-0.02092878520488739,0.4466022253036499,0.31440427899360657,-0.026833370327949524,0.2799108624458313,0.35862165689468384,-0.011819925159215927,0.3661622703075409,0.3513738214969635,-0.023548675701022148,0.41028931736946106,0.34540364146232605,-0.02609950862824917,0.4464327394962311,0.3355697691440582,-0.02702319249510765,0.29102784395217896,0.3943522572517395,-0.024612348526716232,0.36033931374549866,0.3893822133541107,-0.030815718695521355,0.3931906819343567,0.38545989990234375,-0.029065104201436043,0.41893887519836426,0.37806305289268494,-0.027171572670340538
14,left,0.6304033398628235,0.504348635673523,-4.955120971317228e-07,0.5669416785240173,0.45698681473731995,0.0019965381361544132,0.5347597002983093,0.40381526947021484,-0.005502162966877222,0.5098288655281067,0.3674642741680145,-0.01599385403096676,0.49277016520500183,0.34019389748573303,-0.027024075388908386,0.6158997416496277,0.3156455159187317,-0.004513194318860769,0.5495273470878601,0.2940655052661896,-0.023819809779524803,0.507369339466095,0.30110740661621094,-0.040745191276073456,0.4804243743419647,0.31265583634376526,-0.0520319826900959,0.6255509853363037,0.325341135263443,-0.016807857900857925,0.5503728985786438,0.2934648394584656,-0.03332356736063957,0.5073778629302979,0.3074789047241211,-0.04650005325675011,0.47852906584739685,0.3180692493915558,-0.05653165653347969,0.6247386932373047,0.3479948341846466,-0.02994660660624504,0.5515716075897217,0.3114965856075287,-0.04819232225418091,0.5087471604347229,0.3224104642868042,-0.05511314794421196,0.4787321388721466,0.3301379084587097,-0.05935495346784592,0.6115614175796509,0.38200390338897705,-0.04253234341740608,0.5471461415290833,0.36796221137046814,-0.05964101478457451,0.5128800272941589,0.3682289719581604,-0.06538332253694534,0.48763135075569153,0.36457374691963196,-0.06803254783153534
15,right,0.23113080859184265,0.556648850440979,4.6577935108871316e-07,0.2885822653770447,0.4934927225112915,-0.00351572479121387,0.3123971223831177,0.43356403708457947,-0.008121024817228317,0.3290386199951172,0.39334824681282043,-0.015433697029948235,0.34244775772094727,0.36562228202819824,-0.021332206204533577,0.24522659182548523,0.3543085753917694,0.004368687979876995,0.30985358357429504,0.34632253646850586,-0.01470149401575327,0.3523706793785095,0.3510102927684784,-0.03229818120598793,0.38507717847824097,0.35862207412719727,-0.044096462428569794,0.2323109209537506,0.3606225252151489,-0.0036531025543808937,0.30660510063171387,0.35969600081443787,-0.02272433042526245,0.35297390818595886,0.3662816286087036,-0.034857966005802155,0.38971924781799316,0.3711259663105011,-0.04220400005578995,0.22921642661094666,0.3822316527366638,-0.014307469129562378,0.3053995668888092,0.3829170763492584,-0.0337594710290432,0.3490681052207947,0.3896716237068176,-0.04039420932531357,0.38251304626464844,0.39376288652420044,-0.041993170976638794,0.23490357398986816,0.41144853830337524,-0.026251621544361115,0.295376718044281,0.4100007712841034,-0.040060341358184814,0.32701823115348816,0.4146188199520111,-0.0430467389523983,0.35170260071754456,0.41473114490509033,-0.042550183832645416
15,left,0.6715240478515625,0.5302737951278687,-6.520574515889166e-07,0.6164751648902893,0.4797291159629822,-0.0033162576146423817,0.5833378434181213,0.4258730709552765,-0.010659527033567429,0.5571900606155396,0.39684778451919556,-0.020858831703662872,0.5398106575012207,0.3737797141075134,-0.03185911104083061,0.655850350856781,0.33261752128601074,-0.00293726846575737,0.592039167881012,0.3279514014720917,-0.025654077529907227,0.552375853061676,0.346710205078125,-0.04784126952290535,0.525592565536499,0.36501452326774597,-0.06264117360115051,0.6700849533081055,0.34119290113449097,-0.01338479295372963,0.5980855226516724,0.3295195996761322,-0.034097567200660706,0.5546790361404419,0.3538665771484375,-0.05309346690773964,0.5246211290359497,0.3744761645793915,-0.06635340303182602,0.675230085849762,0.364145964384079,-0.025801293551921844,0.6093807816505432,0.3503042161464691,-0.04741194471716881,0.5650528073310852,0.367158979177475,-0.06104779988527298,0.5333614945411682,0.3831607699394226,-0.0689181387424469,0.6722586750984192,0.3979151248931885,-0.03838548809289932,0.6191406846046448,0.3928822875022888,-0.05677010864019394,0.5853455066680908,0.4004631042480469,-0.0653778687119484,0.5581433773040771,0.40575918555259705,-0.06984370946884155
16,right,0.19394174218177795,0.5664585828781128,3.907086636445456e-07,0.24858281016349792,0.5066949129104614,-0.00413033552467823,0.2738536596298218,0.4460931122303009,-0.0091655058786273,0.29560598731040955,0.41011956334114075,-0.016599269583821297,0.31153208017349243,0.3816314935684204,-0.022587595507502556,0.20432083308696747,0.3616601824760437,0.0024051065556705,0.2682517170906067,0.3532058596611023,-0.0183145459741354,0.3072980046272278,0.36387646198272705,-0.03696804866194725,0.3394645154476166,0.37441718578338623,-0.049543462693691254,0.18759216368198395,0.36845457553863525,-0.005940529052168131,0.26346835494041443,0.36537644267082214,-0.02912401407957077,0.3057991862297058,0.3823859393596649,-0.0434047169983387,0.3406620919704437,0.39531630277633667,-0.05076906085014343,0.18169015645980835,0.39086291193962097,-0.016745198518037796,0.2574654221534729,0.39313384890556335,-0.03907657787203789,0.29963019490242004,0.4085407853126526,-0.0476544089615345,0.3329795300960541,0.4182071387767792,-0.0494694858789444,0.1852310746908188,0.4210725724697113,-0.02871686778962612,0.24643388390541077,0.4258296489715576,-0.04500193148851395,0.28010454773902893,0.43673503398895264,-0.05036918818950653,0.3072701394557953,0.4402000606060028,-0.050835054367780685
16,left,0.7136558890342712,0.5645623803138733,-6.370244136633119e-07,0.6638277769088745,0.5091382265090942,-0.0035363389179110527,0.6369825005531311,0.45593729615211487,-0.01036304235458374,0.6172177791595459,0.42407330870628357,-0.020268278196454048,0.6059821248054504,0.39963284134864807,-0.030277056619524956,0.7014153599739075,0.3644545078277588,0.0018265105318278074,0.6504495143890381,0.3616757094860077,-0.021866921335458755,0.6171303987503052,0.3781491219997406,-0.04478335380554199,0.5909202098846436,0.39835360646247864,-0.05908973887562752,0.7199501395225525,0.3741509020328522,-0.008805809542536736,0.661801278591156,0.3695533275604248,-0.03098938800394535,0.6228634715080261,0.3945551812648773,-0.050580982118844986,0.5949755907058716,0.41742879152297974,-0.06254564970731735,0.7308263778686523,0.39874622225761414,-0.021852051839232445,0.6800767779350281,0.3924381732940674,-0.04437053203582764,0.641126811504364,0.41269126534461975,-0.05673385038971901,0.6131817102432251,0.4314933717250824,-0.062073107808828354,0.7328346967697144,0.43438270688056946,-0.035480208694934845,0.6889649629592896,0.4355885684490204,-0.05446973815560341,0.6600306630134583,0.4444265365600586,-0.062133777886629105,0.6378069519996643,0.44976067543029785,-0.06452867388725281
17,right,0.17550954222679138,0.5779643058776855,3.5284918453726277e-07,0.2315625697374344,0.5155977010726929,-0.0015844553709030151,0.2557581067085266,0.4557466506958008,-0.0067093586549162865,0.2777709662914276,0.417854905128479,-0.01479679811745882,0.29729631543159485,0.38683927059173584,-0.021388426423072815,0.1828223317861557,0.3691485822200775,0.004238603170961142,0.253168523311615,0.35894399881362915,-0.015597246587276459,0.295073002576828,0.36873406171798706,-0.033865027129650116,0.3275911211967468,0.3800291419029236,-0.0459207221865654,0.16703438758850098,0.3775891661643982,-0.005396881140768528,0.2500589191913605,0.37558072805404663,-0.028278358280658722,0.2958362102508545,0.3925304710865021,-0.04287045821547508,0.33196189999580383,0.4072777032852173,-0.05006404593586922,0.1638696789741516,0.40136855840682983,-0.01708742044866085,0.24514780938625336,0.40270617604255676,-0.039066921919584274,0.29108840227127075,0.4165756106376648,-0.048357993364334106,0.3266500234603882,0.42573368549346924,-0.050473734736442566,0.17020264267921448,0.43308234214782715,-0.02956319972872734,0.23428449034690857,0.43508708477020264,-0.04585809260606766,0.26989176869392395,0.44399893283843994,-0.05153070390224457,0.2989358901977539,0.44726017117500305,-0.051984190940856934
17,left,0.7302660346031189,0.5654863119125366,-5.544401346924133e-07,0.6841156482696533,0.5049749612808228,-0.0026878530625253916,0.6614770293235779,0.45041826367378235,-0.01062287949025631,0.645972490310669,0.41867583990097046,-0.021442286670207977,0.6408563256263733,0.39137718081474304,-0.03226599842309952,0.7290284633636475,0.3689466714859009,0.0004103335668332875,0.6721050143241882,0.36113616824150085,-0.023880448192358017,0.6364743113517761,0.375271201133728,-0.046371664851903915,0.6097267866134644,0.3922550678253174,-0.05970790237188339,0.7471840381622314,0.37724030017852783,-0.009802778251469135,0.6815237998962402,0.36669376492500305,-0.03153246268630028,0.6426108479499817,0.3895910978317261,-0.0497698113322258,0.6153913140296936,0.41163015365600586,-0.06023719906806946,0.7564972639083862,0.3995059132575989,-0.022226205095648766,0.6997126340866089,0.387542724609375,-0.0439840704202652,0.6595709323883057,0.40594926476478577,-0.05573035404086113,0.6298744678497314,0.4232543110847473,-0.06031467020511627,0.7545170187950134,0.43203750252723694,-0.03496232256293297,0.7027303576469421,0.4345630407333374,-0.05431418493390083,0.6725791692733765,0.4443507492542267,-0.06292447447776794,0.6491863131523132,0.44987252354621887,-0.0653720498085022
18,right,0.18073780834674835,0.5694934129714966,4.6510891138495936e-07,0.2308151125907898,0.5211362242698669,-0.00751238688826561,0.26084280014038086,0.463273286819458,-0.018354669213294983,0.29260554909706116,0.42830729484558105,-0.03058849461376667,0.3260551393032074,0.4138966202735901,-0.04203568771481514,0.18398581445217133,0.3736940324306488,-0.012992838397622108,0.24665597081184387,0.3490608036518097,-0.03435266762971878,0.28373268246650696,0.3419654071331024,-0.05138079822063446,0.3145127296447754,0.3392985463142395,-0.06401565670967102,0.1674858033657074,0.3846000134944916,-0.0225822851061821,0.24453216791152954,0.35566335916519165,-0.045502301305532455,0.2842983305454254,0.35237154364585876,-0.057643208652734756,0.3173998296260834,0.34835273027420044,-0.06529853492975235,0.16254478693008423,0.4112311899662018,-0.03415035083889961,0.23643189668655396,0.38680577278137207,-0.05634066462516785,0.27477699518203735,0.37643858790397644,-0.06398852169513702,0.30553993582725525,0.362917423248291,-0.06793086230754852,0.16803725063800812,0.44958144426345825,-0.04683459550142288,0.2243049442768097,0.4351745843887329,-0.06406120955944061,0.25462478399276733,0.42590034008026123,-0.06973224878311157,0.28015249967575073,0.41211801767349243,-0.07285774499177933
18,left,0.7227727770805359,0.546456515789032,-4.4606531446333975e-07,0.6925912499427795,0.49596408009529114,-0.0026229890063405037,0.675542950630188,0.43626150488853455,-0.008085213601589203,0.6578924059867859,0.3997810482978821,-0.016295548528432846,0.6376903057098389,0.3728504776954651,-0.023962751030921936,0.737639307975769,0.3644971251487732,0.004562025424093008,0.6944140791893005,0.33660194277763367,-0.017262613400816917,0.6643696427345276,0.34655821323394775,-0.036284737288951874,0.643854558467865,0.36359524726867676,-0.0470692478120327,0.755732536315918,0.374908447265625,-0.005158076528459787,0.7065985798835754,0.3431393504142761,-0.02574283629655838,0.6723130345344543,0.3628498315811157,-0.0393209345638752,0.652313768863678,0.3863341808319092,-0.04519041255116463,0.7660404443740845,0.39914193749427795,-0.017626890912652016,0.725693941116333,0.3661597669124603,-0.03829018026590347,0.691936194896698,0.37867265939712524,-0.04550100862979889,0.670853853225708,0.39360836148262024,-0.04618078097701073,0.7671972513198853,0.4333092272281647,-0.03049418516457081,0.7314563989639282,0.4205054044723511,-0.048566289246082306,0.7041494250297546,0.42287740111351013,-0.05438002943992615,0.6859804391860962,0.4240974485874176,-0.0544857382774353
19,right,0.2046450972557068,0.5365346670150757,6.429943937291682e-07,0.2509016990661621,0.4947461485862732,-0.011152338236570358,0.28410568833351135,0.4416728615760803,-0.026577414944767952,0.32488885521888733,0.41289934515953064,-0.04252304136753082,0.3654545843601227,0.40201476216316223,-0.0590684600174427,0.21370282769203186,0.36129316687583923,-0.02863815613090992,0.25911447405815125,0.30740058422088623,-0.05364967882633209,0.2856404781341553,0.2668677866458893,-0.07185330241918564,0.30613818764686584,0.23359344899654388,-0.0851920023560524,0.19771161675453186,0.3700627386569977,-0.03977392613887787,0.25297144055366516,0.30406221747398376,-0.06623664498329163,0.2837088704109192,0.26094403862953186,-0.08340519666671753,0.3086814880371094,0.22089919447898865,-0.09455380588769913,0.19259652495384216,0.3953353464603424,-0.05191913619637489,0.24725346267223358,0.34243544936180115,-0.07810165733098984,0.2770996391773224,0.30818721652030945,-0.09241185337305069,0.30064457654953003,0.27473723888397217,-0.1009720116853714,0.197580486536026,0.43373826146125793,-0.06461149454116821,0.24072851240634918,0.40841370820999146,-0.08676862716674805,0.2661725580692291,0.38832831382751465,-0.09669622778892517,0.2881944179534912,0.3672504127025604,-0.10280880331993103
19,left,0.693608820438385,0.5216010212898254,2.772152640773129e-07,0.6567797064781189,0.4828518033027649,-0.01126654352992773,0.6333898901939392,0.4215356409549713,-0.01970268040895462,0.6076469421386719,0.39134928584098816,-0.029189424589276314,0.5771193504333496,0.3790957033634186,-0.03938489407300949,0.6722629070281982,0.3499811291694641,-0.002899449085816741,0.668954610824585,0.2956341505050659,-0.014203321188688278,0.6624630689620972,0.2567724585533142,-0.027341647073626518,0.6542655825614929,0.22407245635986328,-0.03771835193037987,0.6924925446510315,0.35609492659568787,-0.009237621910870075,0.691383957862854,0.2994147539138794,-0.018637510016560555,0.6851460933685303,0.2607825994491577,-0.03002086654305458,0.6770288348197937,0.22836969792842865,-0.03820069506764412,0.7121202349662781,0.374726802110672,-0.018095465376973152,0.7124451398849487,0.3195449709892273,-0.02675863727927208,0.7061008214950562,0.28263962268829346,-0.03364214673638344,0.6984529495239258,0.24867253005504608,-0.03857991471886635,0.7295714616775513,0.4048493802547455,-0.02884555049240589,0.7328913807868958,0.3623773157596588,-0.035079989582300186,0.7282669544219971,0.3325992822647095,-0.03636220842599869,0.7216525077819824,0.30604445934295654,-0.03722662478685379
20,right,0.2345077246427536,0.5149416327476501,4.824506731893052e-07,0.2952152192592621,0.47708094120025635,-0.006057574413716793,0.3307662904262543,0.4288259744644165,-0.01764712668955326,0.36724400520324707,0.4029860198497772,-0.03143695369362831,0.3993454873561859,0.3882739841938019,-0.04557531699538231,0.2666980028152466,0.33699163794517517,-0.020928766578435898,0.3116651475429535,0.2780841290950775,-0.043311454355716705,0.336063027381897,0.23642805218696594,-0.06014765053987503,0.3552047610282898,0.19897125661373138,-0.0730665922164917,0.2533755898475647,0.3454456925392151,-0.03434279188513756,0.3102284371852875,0.27830764651298523,-0.05875817686319351,0.34042850136756897,0.23937666416168213,-0.07547201961278915,0.3662950098514557,0.20266403257846832,-0.08682433515787125,0.25039228796958923,0.3720877766609192,-0.04857257381081581,0.30818864703178406,0.321059912443161,-0.07341212779283524,0.3396548926830292,0.2906899154186249,-0.08736840635538101,0.364093542098999,0.2609327733516693,-0.09586796909570694,0.2557240128517151,0.4119586944580078,-0.0631953701376915,0.301077663898468,0.3856045603752136,-0.08426618576049805,0.3288130462169647,0.36718443036079407,-0.09380084276199341,0.3538314998149872,0.3492298126220703,-0.09988896548748016
20,left,0.6493158340454102,0.4973575472831726,1.5651029627861135e-07,0.6050083041191101,0.4593260884284973,-0.0064756134524941444,0.5695318579673767,0.4091079533100128,-0.017569776624441147,0.5342786908149719,0.3877153694629669,-0.031068947166204453,0.5002429485321045,0.3833428621292114,-0.04574934393167496,0.6082621812820435,0.31958648562431335,-0.013549278490245342,0.594767153263092,0.24773834645748138,-0.03278529644012451,0.578646183013916,0.20719493925571442,-0.04927273467183113,0.5623717308044434,0.1760990470647812,-0.06199906766414642,0.6236217021942139,0.32580024003982544,-0.026610147207975388,0.6139615178108215,0.24556857347488403,-0.0464400053024292,0.596625566482544,0.19908654689788818,-0.06185317412018776,0.5789587497711182,0.1630856692790985,-0.0732969120144844,0.6380555033683777,0.3463566303253174,-0.04123047739267349,0.629094123840332,0.26917457580566406,-0.060706086456775665,0.612424910068512,0.22622370719909668,-0.07159548997879028,0.5958448052406311,0.19496440887451172,-0.07900068163871765,0.6486929059028625,0.3784821331501007,-0.05654159560799599,0.6390063762664795,0.32748717069625854,-0.07276793569326401,0.623306155204773,0.2979770302772522,-0.0788315087556839,0.607400119304657,0.27645987272262573,-0.083404541015625
21,right,0.2746792435646057,0.488977313041687,4.846199317398714e-07,0.34158164262771606,0.46516209840774536,-0.006374625489115715,0.38024553656578064,0.41670021414756775,-0.016279498115181923,0.4153200685977936,0.38779735565185547,-0.0283973328769207,0.44816040992736816,0.3787030279636383,-0.04071260988712311,0.3190687596797943,0.3189283013343811,-0.018260620534420013,0.37658214569091797,0.2772095501422882,-0.04042049124836922,0.4095754623413086,0.25418931245803833,-0.05651945620775223,0.4371281564235687,0.2331906259059906,-0.06867115944623947,0.30320262908935547,0.3236519992351532,-0.030808450654149055,0.3781331777572632,0.2791779935359955,-0.055833667516708374,0.4154125452041626,0.2547053396701813,-0.07031703740358353,0.44739261269569397,0.23120149970054626,-0.07936768978834152,0.29857969284057617,0.3496416211128235,-0.044722821563482285,0.373233824968338,0.31518036127090454,-0.06964369118213654,0.4111344516277313,0.29408347606658936,-0.08113731443881989,0.4421935975551605,0.27347826957702637,-0.08758482336997986,0.30129382014274597,0.3897111713886261,-0.05920836329460144,0.35738351941108704,0.38015419244766235,-0.0788930207490921,0.3889411985874176,0.3680139482021332,-0.08632329851388931,0.41612982749938965,0.35509178042411804,-0.09108423441648483
21,left,0.6272191405296326,0.4930781126022339,-2.2373382080331794e-07,0.5773174166679382,0.4662853479385376,-0.0005940853734500706,0.543200671672821,0.4141879081726074,-0.010128477588295937,0.5129550099372864,0.3890703618526459,-0.02171805128455162,0.48124703764915466,0.38436979055404663,-0.033880412578582764,0.6004495620727539,0.3162960112094879,-0.019370699301362038,0.5648418664932251,0.24360987544059753,-0.0447821170091629,0.5200053453445435,0.2300117015838623,-0.06214379519224167,0.48694899678230286,0.2390342652797699,-0.07156054675579071,0.6129052042961121,0.3210735023021698,-0.03253062814474106,0.5630160570144653,0.2464672327041626,-0.05398188531398773,0.5140016078948975,0.2408738136291504,-0.06379595398902893,0.48051244020462036,0.25477176904678345,-0.0689956471323967,0.6174230575561523,0.3415754437446594,-0.04649992287158966,0.564092218875885,0.27535295486450195,-0.06397108733654022,0.5194960832595825,0.2666166126728058,-0.06770597398281097,0.48799723386764526,0.27189159393310547,-0.06884291768074036,0.6123854517936707,0.37565839290618896,-0.0604923777282238,0.5690861940383911,0.33617836236953735,-0.0743444561958313,0.5388615727424622,0.31949421763420105,-0.07715439051389694,0.514837384223938,0.30929961800575256,-0.07791193574666977
22,right,0.2669859826564789,0.5211365222930908,4.902971113551757e-07,0.3407641053199768,0.47440001368522644,-0.0005414820625446737,0.37316957116127014,0.42054980993270874,-0.004995022434741259,0.39721783995628357,0.38492804765701294,-0.012722796760499477,0.4192487895488739,0.35787180066108704,-0.01910177804529667,0.30701518058776855,0.32106536626815796,0.010339617729187012,0.3792984187602997,0.3233448266983032,-0.0020194121170789003,0.4222831726074219,0.3296874463558197,-0.0166328027844429,0.4548843801021576,0.3380993902683258,-0.02796822227537632,0.2995651960372925,0.32719486951828003,0.0008788455161266029,0.3833734095096588,0.327248215675354,-0.010002038441598415,0.4274459481239319,0.3311643898487091,-0.019426874816417694,0.46520352363586426,0.3352956175804138,-0.026592010632157326,0.3014681339263916,0.3498743176460266,-0.01060109306126833,0.38498958945274353,0.34815484285354614,-0.020585261285305023,0.4284989833831787,0.3490762412548065,-0.023017408326268196,0.4636725187301636,0.3469173014163971,-0.024519985541701317,0.312427818775177,0.38630548119544983,-0.02345941588282585,0.3793802559375763,0.38466063141822815,-0.027877338230609894,0.41217052936553955,0.38331741094589233,-0.025226444005966187,0.4379982352256775,0.379162460565567,-0.023107022047042847
22,left,0.6309065222740173,0.5155855417251587,-6.655181437054125e-07,0.5669247508049011,0.45526549220085144,0.008816839195787907,0.5401431322097778,0.39876922965049744,0.004982308484613895,0.5182052254676819,0.359747052192688,-0.0039189402014017105,0.500256359577179,0.3267512619495392,-0.013791375793516636,0.6142179369926453,0.3140881657600403,0.004303462337702513,0.5403645634651184,0.29945820569992065,-0.013238640502095222,0.5032597780227661,0.32169702649116516,-0.02945682406425476,0.48397403955459595,0.3400903046131134,-0.03983461111783981,0.6245962381362915,0.3261755108833313,-0.00941484421491623,0.5400753021240234,0.3077971935272217,-0.025957081466913223,0.49982011318206787,0.3335821032524109,-0.03975435718894005,0.4764675498008728,0.35651928186416626,-0.0497862845659256,0.6246118545532227,0.3488597571849823,-0.023543555289506912,0.5447133779525757,0.33053624629974365,-0.03939126804471016,0.5041055083274841,0.35143932700157166,-0.04683217033743858,0.47905683517456055,0.36897844076156616,-0.051431406289339066,0.6141149997711182,0.3792017698287964,-0.03696555644273758,0.5532389283180237,0.36754515767097473,-0.04878665506839752,0.5202370882034302,0.374920129776001,-0.0530988983809948,0.4957825839519501,0.38113507628440857,-0.05518472567200661
23,right,0.24097372591495514,0.5449455380439758,5.031025693824631e-07,0.3024784028530121,0.49043214321136475,-0.00399693613871932,0.32961592078208923,0.43020302057266235,-0.008137274533510208,0.3497844934463501,0.39047369360923767,-0.014522897079586983,0.36533334851264954,0.3621022701263428,-0.018999183550477028,0.2620446979999542,0.34060361981391907,0.006825021933764219,0.32669705152511597,0.33883634209632874,-0.009945590049028397,0.3673610985279083,0.3453114330768585,-0.02631138265132904,0.39938440918922424,0.35386016964912415,-0.037777576595544815,0.24948617815971375,0.3453354239463806,-0.0007499469211325049,0.3252871334552765,0.34513986110687256,-0.017502732574939728,0.3694134056568146,0.3522881269454956,-0.028192006051540375,0.4058963358402252,0.3579261898994446,-0.03469415009021759,0.24635495245456696,0.36683207750320435,-0.01115480251610279,0.323541522026062,0.36935722827911377,-0.028380144387483597,0.36759254336357117,0.37379562854766846,-0.033965714275836945,0.402817964553833,0.37568163871765137,-0.03536272048950195,0.2526046633720398,0.39903706312179565,-0.023007972165942192,0.31569501757621765,0.4003920555114746,-0.0350416861474514,0.3480285108089447,0.4045076072216034,-0.03720654174685478,0.3736477792263031,0.40415123105049133,-0.03672460466623306
23,left,0.664341926574707,0.5366010665893555,-6.668138894383446e-07,0.61321622133255,0.4791252911090851,0.004211959894746542,0.5841544270515442,0.41973966360092163,0.0008687290246598423,0.5609748959541321,0.38552722334861755,-0.007410023361444473,0.5434179306030273,0.36038294434547424,-0.01634189859032631,0.6557106375694275,0.33621248602867126,0.010445332154631615,0.5939164757728577,0.324657142162323,-0.009118491783738136,0.5543293952941895,0.34024208784103394,-0.029091328382492065,0.527397871017456,0.35819149017333984,-0.04175378009676933,0.669490396976471,0.3445216119289398,-0.0024206603411585093,0.5969491600990295,0.32941561937332153,-0.019004754722118378,0.55205237865448,0.349030077457428,-0.03600676357746124,0.5203647613525391,0.3686525523662567,-0.047864045947790146,0.6747753620147705,0.36368995904922485,-0.017254721373319626,0.6054245829582214,0.3464224934577942,-0.03470730781555176,0.5597414970397949,0.36218056082725525,-0.04601026698946953,0.5282232165336609,0.37885797023773193,-0.05249548330903053,0.6715624332427979,0.39168116450309753,-0.03199201077222824,0.6155656576156616,0.3783700466156006,-0.04627033323049545,0.5803983211517334,0.3876018822193146,-0.05233388394117355,0.5539441108703613,0.39822983741760254,-0.05512409284710884
24,right,0.20532631874084473,0.5343279242515564,2.572707273884589e-07,0.2629762291908264,0.4870976507663727,-0.010269703343510628,0.28558191657066345,0.42735233902931213,-0.019181497395038605,0.3047996163368225,0.3843555748462677,-0.029101962223649025,0.32147762179374695,0.35094818472862244,-0.03731702268123627,0.21721263229846954,0.33604365587234497,-0.013765951618552208,0.28861457109451294,0.335536926984787,-0.03683493658900261,0.32835865020751953,0.35597553849220276,-0.05406565964221954,0.358624666929245,0.3719733953475952,-0.06572340428829193,0.20125210285186768,0.3424611985683441,-0.020060747861862183,0.28656139969825745,0.35175377130508423,-0.04402737691998482,0.3304712474346161,0.3722342550754547,-0.055381111800670624,0.3666340708732605,0.38713935017585754,-0.06219083070755005,0.1950235366821289,0.3664461374282837,-0.02883390709757805,0.2797395884990692,0.3787851333618164,-0.054542385041713715,0.32374662160873413,0.3969464898109436,-0.06212623789906502,0.35966774821281433,0.40819573402404785,-0.06431124359369278,0.1985163390636444,0.4004249572753906,-0.03882880508899689,0.2640532851219177,0.4105856716632843,-0.05892898142337799,0.29912012815475464,0.42123353481292725,-0.0649140328168869,0.3291341960430145,0.42429524660110474,-0.06680669635534286
24,left,0.6969603300094604,0.5505359172821045,-6.25310747182084e-07,0.6526152491569519,0.49093496799468994,0.0015369975008070469,0.6323682069778442,0.42536860704421997,-0.0007540429360233247,0.6195388436317444,0.38308584690093994,-0.007173422258347273,0.6129334568977356,0.3517105281352997,-0.013821511529386044,0.6929561495780945,0.3500106632709503,0.010440456680953503,0.6384267210960388,0.33816757798194885,-0.01013130135834217,0.6049720644950867,0.3513818681240082,-0.02939554862678051,0.5794134140014648,0.36884257197380066,-0.04032155126333237,0.7099249362945557,0.35657206177711487,-0.0004389362584333867,0.6484560966491699,0.3422922194004059,-0.018972057849168777,0.6080743074417114,0.3621014356613159,-0.03569312393665314,0.5796858072280884,0.3827277421951294,-0.045721154659986496,0.7199920415878296,0.3740672171115875,-0.01381264440715313,0.6617935299873352,0.3579173982143402,-0.03437969461083412,0.6199454665184021,0.37785571813583374,-0.04637495055794716,0.5925652384757996,0.39874154329299927,-0.05153530091047287,0.7211236953735352,0.4004308879375458,-0.027204617857933044,0.6735681295394897,0.3842073678970337,-0.04432537034153938,0.643181562423706,0.3997541666030884,-0.05090124532580376,0.6218767166137695,0.4163002371788025,-0.052683476358652115
25,right,0.1856268048286438,0.5513311624526978,3.4809195881280175e-07,0.24190360307693481,0.5009809732437134,-0.0057683722116053104,0.2690433859825134,0.44114893674850464,-0.012288263998925686,0.2921880781650543,0.4018133580684662,-0.02025425434112549,0.31176868081092834,0.37170523405075073,-0.0265178382396698,0.1969367265701294,0.34766602516174316,-0.002482961630448699,0.2669864296913147,0.3426070511341095,-0.023199740797281265,0.3091483414173126,0.3546973466873169,-0.04116638004779816,0.34191930294036865,0.3660627603530884,-0.05309636518359184,0.18155157566070557,0.35503631830215454,-0.010269483551383018,0.2647446393966675,0.35631293058395386,-0.033811118453741074,0.31121593713760376,0.376512348651886,-0.04709813371300697,0.34647560119628906,0.39167869091033936,-0.05335274711251259,0.17820002138614655,0.3793829083442688,-0.020238207653164864,0.2595669627189636,0.383762001991272,-0.04393211007118225,0.3060621917247772,0.4005447328090668,-0.052207205444574356,0.3406193256378174,0.40998101234436035,-0.05330530181527138,0.1844460368156433,0.413322776556015,-0.031166475266218185,0.24984952807426453,0.41878747940063477,-0.04934549704194069,0.28595292568206787,0.42906293272972107,-0.05498268082737923,0.3136330246925354,0.43280330300331116,-0.05512665584683418
25,left,0.7168852686882019,0.5555018186569214,-5.999467589390406e-07,0.6746739745140076,0.49549463391304016,0.0015779086388647556,0.6538861989974976,0.43129128217697144,-0.001605555065907538,0.6430287957191467,0.3888409733772278,-0.008959096856415272,0.6387275457382202,0.35779744386672974,-0.016192985698580742,0.7145228981971741,0.35894304513931274,0.00941446516662836,0.6632773280143738,0.3456695079803467,-0.01222189236432314,0.6307567358016968,0.35693398118019104,-0.03195609524846077,0.6046428084373474,0.37383055686950684,-0.04277219623327255,0.7335545420646667,0.365426242351532,-0.0019504264928400517,0.6721984148025513,0.35333251953125,-0.022182278335094452,0.6332198977470398,0.3730727732181549,-0.0386417917907238,0.6058528423309326,0.39609017968177795,-0.047151416540145874,0.7452184557914734,0.3844234347343445,-0.01576533541083336,0.6877617835998535,0.36841267347335815,-0.03767242282629013,0.6470538973808289,0.38717615604400635,-0.04815620183944702,0.6202012896537781,0.4078792333602905,-0.05081063508987427,0.7467172145843506,0.41244059801101685,-0.02960527502000332,0.7004656195640564,0.3954012393951416,-0.04846414178609848,0.6701812744140625,0.40810930728912354,-0.054736584424972534,0.6488479375839233,0.423988938331604,-0.054884012788534164
26,right,0.18353083729743958,0.5400128364562988,3.478318433280947e-07,0.2353469580411911,0.496696799993515,-0.006775072775781155,0.261787086725235,0.4418392479419708,-0.01631409488618374,0.28632599115371704,0.40581515431404114,-0.026850126683712006,0.3087424039840698,0.3810032308101654,-0.035868383944034576,0.19274140894412994,0.34136465191841125,-0.012806382030248642,0.26329147815704346,0.33176544308662415,-0.03429396077990532,0.30417829751968384,0.3420131206512451,-0.05161375552415848,0.3346569836139679,0.3534988462924957,-0.06347450613975525,0.1750895380973816,0.3507157266139984,-0.020892849192023277,0.25885847210884094,0.3379357159137726,-0.043085336685180664,0.30217376351356506,0.3505440354347229,-0.05449800565838814,0.3355500102043152,0.36192286014556885,-0.06120153144001961,0.16901078820228577,0.376679390668869,-0.030775200575590134,0.24992577731609344,0.36761996150016785,-0.052135176956653595,0.29389461874961853,0.3746432662010193,-0.059267230331897736,0.3266988694667816,0.3791314363479614,-0.06199272349476814,0.17326173186302185,0.4135531783103943,-0.04156732186675072,0.234251007437706,0.4066430628299713,-0.05847177654504776,0.26811087131500244,0.40619367361068726,-0.06407026201486588,0.2959352731704712,0.4024878144264221,-0.06608085334300995
26,left,0.7357082962989807,0.5549193620681763,-5.416571866589948e-07,0.6969028115272522,0.5023365020751953,-0.0019121338846161962,0.6788278222084045,0.4378988444805145,-0.006164945662021637,0.676246702671051,0.397645503282547,-0.013546034693717957,0.6793142557144165,0.37055954337120056,-0.02028503827750683,0.7302864789962769,0.3591606616973877,0.006425029132515192,0.6869996190071106,0.3402233421802521,-0.016734031960368156,0.6550657749176025,0.3530867099761963,-0.03802318871021271,0.630357027053833,0.37329816818237305,-0.04996877908706665,0.7500196099281311,0.3660794198513031,-0.003756510792300105,0.6988074779510498,0.34632131457328796,-0.02423870377242565,0.6619083285331726,0.3643147349357605,-0.03961864858865738,0.6363725662231445,0.38831689953804016,-0.0470968559384346,0.76393061876297,0.38746434450149536,-0.01702890917658806,0.7227721214294434,0.3646669387817383,-0.03779268264770508,0.6845179796218872,0.37606364488601685,-0.04754270613193512,0.657319962978363,0.39150652289390564,-0.05028920620679855,0.7704582214355469,0.4199885427951813,-0.030833406373858452,0.7352509498596191,0.4040689766407013,-0.048374541103839874,0.7047611474990845,0.40816789865493774,-0.05447762459516525,0.6812121272087097,0.4128127098083496,-0.055130645632743835
27,right,0.20268121361732483,0.517896831035614,6.561800205417967e-07,0.25468748807907104,0.4781763553619385,-0.008255946449935436,0.29001832008361816,0.4254057705402374,-0.02151503786444664,0.3289967179298401,0.3970274329185486,-0.03578075021505356,0.3688509464263916,0.3849254250526428,-0.05055125057697296,0.21909309923648834,0.3365372121334076,-0.022903654724359512,0.27987879514694214,0.30437612533569336,-0.04829396307468414,0.3157658576965332,0.2746783196926117,-0.06752757728099823,0.3452266454696655,0.2507466971874237,-0.0817234143614769,0.20487767457962036,0.3424258232116699,-0.03490190580487251,0.2801077961921692,0.3008008599281311,-0.06162809580564499,0.3203531503677368,0.27175432443618774,-0.07819811999797821,0.3539486825466156,0.24321648478507996,-0.08899512141942978,0.20068863034248352,0.365974098443985,-0.04825471714138985,0.2713252902030945,0.32751592993736267,-0.07435350865125656,0.31002381443977356,0.29961898922920227,-0.08732370287179947,0.3417321443557739,0.2698996663093567,-0.09502224624156952,0.20387578010559082,0.4029029607772827,-0.06212992966175079,0.2556057572364807,0.3851694166660309,-0.08453335613012314,0.2859748303890228,0.3686518669128418,-0.09422895312309265,0.31315508484840393,0.3503479063510895,-0.10003858059644699
27,left,0.7277196049690247,0.5286372900009155,1.5434287092830346e-07,0.672906756401062,0.4822594225406647,0.0021452195942401886,0.6467174291610718,0.4244014620780945,-0.009564206935465336,0.6149812340736389,0.3976549506187439,-0.027300657704472542,0.5771490335464478,0.38455793261528015,-0.04900152608752251,0.6878727078437805,0.3565424680709839,-0.009487075731158257,0.6679564118385315,0.3047230839729309,-0.0336698554456234,0.6486025452613831,0.2733840346336365,-0.05561429262161255,0.6265971660614014,0.25103724002838135,-0.07243725657463074,0.7112327814102173,0.367895245552063,-0.03311613202095032,0.6985745429992676,0.3026107847690582,-0.061610180884599686,0.6751298904418945,0.2676171064376831,-0.08557260781526566,0.6490312218666077,0.2470790594816208,-0.10297131538391113,0.7305302023887634,0.3887644112110138,-0.05889347940683365,0.7257896065711975,0.32761406898498535,-0.08733882755041122,0.7018898725509644,0.2916185259819031,-0.1093289703130722,0.677567183971405,0.268406480550766,-0.1244194433093071,0.7439383268356323,0.4156261086463928,-0.08442836254835129,0.7417131662368774,0.3690289556980133,-0.1098589301109314,0.7288986444473267,0.33669570088386536,-0.12651489675045013,0.7137080430984497,0.3142322897911072,-0.13960503041744232
28,right,0.23530328273773193,0.4935486316680908,4.683143117745203e-07,0.2961517572402954,0.45935186743736267,-0.006630398333072662,0.3326610326766968,0.41058430075645447,-0.01673913560807705,0.3719330430030823,0.3849477171897888,-0.02869747392833233,0.4085370600223541,0.3750030994415283,-0.04003247991204262,0.2667964696884155,0.31390345096588135,-0.015494654886424541,0.3275977671146393,0.27634093165397644,-0.034824591130018234,0.3600088655948639,0.2536843717098236,-0.0494559109210968,0.38547056913375854,0.23143863677978516,-0.06096494942903519,0.2520257234573364,0.31916341185569763,-0.026475926861166954,0.3249797821044922,0.2757111191749573,-0.0485624298453331,0.36130353808403015,0.24923604726791382,-0.06194184720516205,0.39250507950782776,0.22209832072257996,-0.07109217345714569,0.24765416979789734,0.34136632084846497,-0.03893587738275528,0.32121676206588745,0.31724339723587036,-0.06147095561027527,0.35915112495422363,0.2993549108505249,-0.07227718085050583,0.38922467827796936,0.27992212772369385,-0.07862471044063568,0.25067687034606934,0.37685373425483704,-0.05217692255973816,0.30832356214523315,0.36668917536735535,-0.0701017901301384,0.33928540349006653,0.35590094327926636,-0.07766063511371613,0.36554524302482605,0.34269943833351135,-0.08270975947380066
28,left,0.677721381187439,0.5022926330566406,1.1689438395023899e-07,0.6281003355979919,0.4648790955543518,-0.0047596110962331295,0.5926205515861511,0.4122663736343384,-0.016495347023010254,0.5587160587310791,0.38771694898605347,-0.03136482089757919,0.5216520428657532,0.3793516457080841,-0.04743450507521629,0.6428073048591614,0.3271905183792114,-0.009312010370194912,0.6150509715080261,0.26987385749816895,-0.031660668551921844,0.588351845741272,0.23772460222244263,-0.0509246326982975,0.5625021457672119,0.2171352356672287,-0.06579086184501648,0.6593886017799377,0.3308682143688202,-0.025122124701738358,0.626505434513092,0.2682325541973114,-0.050398293882608414,0.595545768737793,0.2354038506746292,-0.07039788365364075,0.5654919147491455,0.21185721457004547,-0.08429893851280212,0.6721975207328796,0.34937480092048645,-0.04283949360251427,0.636783242225647,0.28610193729400635,-0.06879813224077225,0.6079780459403992,0.25323793292045593,-0.08291489630937576,0.5811708569526672,0.22531025111675262,-0.09171491116285324,0.6775496602058411,0.38129159808158875,-0.06074034422636032,0.6524270176887512,0.34297269582748413,-0.08394627273082733,0.6320794820785522,0.3163073658943176,-0.09433478116989136,0.6131678819656372,0.2898823618888855,-0.10130617767572403
29,right,0.27334529161453247,0.4775081276893616,4.4784658825847146e-07,0.3351626396179199,0.455469012260437,-0.00730588473379612,0.3722476661205292,0.40702152252197266,-0.015327716246247292,0.4063737988471985,0.3771762549877167,-0.02525879442691803,0.43835800886154175,0.3665369749069214,-0.03514605388045311,0.3169934153556824,0.3113117814064026,-0.01385494414716959,0.37118133902549744,0.27288445830345154,-0.03330421447753906,0.40163466334342957,0.2519288957118988,-0.047863397747278214,0.4267966151237488,0.23125433921813965,-0.0592813603579998,0.30129069089889526,0.31394779682159424,-0.024497905746102333,0.36963310837745667,0.27529582381248474,-0.04723690450191498,0.4037975072860718,0.25220099091529846,-0.06145288422703743,0.43403464555740356,0.2276887446641922,-0.07075386494398117,0.2957175076007843,0.33782505989074707,-0.03679632768034935,0.36500903964042664,0.3134218454360962,-0.06016400828957558,0.40027788281440735,0.2943514883518219,-0.07192341983318329,0.4301071763038635,0.27355656027793884,-0.07871038466691971,0.2960352301597595,0.3750230371952057,-0.049845051020383835,0.3513471484184265,0.36962348222732544,-0.06904476135969162,0.38362252712249756,0.359180212020874,-0.07734425365924835,0.41264259815216064,0.3464345335960388,-0.08278041332960129
29,left,0.649692714214325,0.49564430117607117,-1.3310200586147403e-07,0.591825008392334,0.46102890372276306,-0.0011664243647828698,0.555978536605835,0.4089863896369934,-0.007851047441363335,0.5213943123817444,0.3835776448249817,-0.016959233209490776,0.48783668875694275,0.3833908438682556,-0.02668783627450466,0.6193227767944336,0.3162735104560852,-0.0036454242654144764,0.5715062022209167,0.27535581588745117,-0.015559500083327293,0.5420724749565125,0.25349950790405273,-0.02580832876265049,0.5179691314697266,0.23451335728168488,-0.03467746078968048,0.6305615305900574,0.3201121389865875,-0.014818382449448109,0.5690622329711914,0.27246177196502686,-0.029347233474254608,0.5380512475967407,0.2508081793785095,-0.040973491966724396,0.5120143890380859,0.22899681329727173,-0.04975176230072975,0.6336946487426758,0.3397231698036194,-0.026566585525870323,0.5735577940940857,0.2945740818977356,-0.041993577033281326,0.5419606566429138,0.2711009383201599,-0.048724159598350525,0.5171579122543335,0.2473694533109665,-0.05288386717438698,0.6264085173606873,0.37114670872688293,-0.03837534040212631,0.5818995833396912,0.3448241949081421,-0.05092331022024155,0.5562990307807922,0.3277733027935028,-0.05466097965836525,0.5353982448577881,0.3087972402572632,-0.0574038065969944
30,right,0.2618774473667145,0.5144018530845642,5.814110295432329e-07,0.33432143926620483,0.4684516489505768,-0.00158377131447196,0.370577335357666,0.416710764169693,-0.006572704762220383,0.3964557349681854,0.3819624185562134,-0.014035998843610287,0.4167076647281647,0.35284408926963806,-0.020277252420783043,0.3017897605895996,0.31541961431503296,0.008373314514756203,0.37012022733688354,0.30946382880210876,-0.0051865652203559875,0.4122646152973175,0.3019868731498718,-0.02018335461616516,0.44583240151405334,0.2953234910964966,-0.03169962391257286,0.29206931591033936,0.32100000977516174,-0.0013635715004056692,0.3771785795688629,0.31075406074523926,-0.013673017732799053,0.42040392756462097,0.30603519082069397,-0.023145724087953568,0.4585881233215332,0.2994796335697174,-0.029804108664393425,0.2922910153865814,0.34271669387817383,-0.013251788914203644,0.376748651266098,0.3368326425552368,-0.025193898007273674,0.4201107621192932,0.3319176435470581,-0.02772156149148941,0.45628592371940613,0.3231220841407776,-0.02877729758620262,0.30175602436065674,0.38050705194473267,-0.026563310995697975,0.3695487678050995,0.37710079550743103,-0.03310856223106384,0.4024205207824707,0.37410444021224976,-0.03128103166818619,0.42876967787742615,0.3671915531158447,-0.02945672906935215
30,left,0.6327106952667236,0.5018712282180786,-4.248711036325403e-07,0.5762344598770142,0.45548054575920105,0.0022504599764943123,0.5430741310119629,0.4053909182548523,-0.003904124489054084,0.5157569646835327,0.37601983547210693,-0.01394820399582386,0.489105224609375,0.3557177782058716,-0.024404039606451988,0.6055448055267334,0.3101820945739746,0.005248643457889557,0.5430088043212891,0.29870718717575073,-0.011885161511600018,0.5057377219200134,0.297206312417984,-0.029408378526568413,0.47971102595329285,0.29216843843460083,-0.04190785437822342,0.6179793477058411,0.31670403480529785,-0.006452127825468779,0.5445885062217712,0.30663204193115234,-0.019912613555788994,0.5063031315803528,0.305553138256073,-0.03238605707883835,0.477292537689209,0.2939523458480835,-0.04244202375411987,0.6227824687957764,0.3364143967628479,-0.019989313557744026,0.5471917390823364,0.3308493494987488,-0.032295942306518555,0.5099865198135376,0.3267216086387634,-0.03659569099545479,0.48165130615234375,0.31134381890296936,-0.04036793112754822,0.6181074976921082,0.3664906919002533,-0.03449522331357002,0.5589105486869812,0.3674887418746948,-0.044235728681087494,0.5263024568557739,0.366166353225708,-0.046925727277994156,0.49964162707328796,0.357491672039032,-0.04865017160773277
31,right,0.26375383138656616,0.4964017868041992,3.7828809240636474e-07,0.31663089990615845,0.460403174161911,-0.012824421748518944,0.34391123056411743,0.41234615445137024,-0.02358793467283249,0.371297687292099,0.37654727697372437,-0.034477755427360535,0.3905501961708069,0.35304367542266846,-0.042925722897052765,0.2785688042640686,0.31232795119285583,-0.012458771467208862,0.3457016944885254,0.3196388781070709,-0.03355901688337326,0.3820168375968933,0.33958134055137634,-0.04978116974234581,0.410604864358902,0.35768383741378784,-0.06088675931096077,0.26579201221466064,0.3178592026233673,-0.016366466879844666,0.34353914856910706,0.3306826055049896,-0.037744566798210144,0.3833578824996948,0.3484953045845032,-0.04751551151275635,0.4181452691555023,0.36137789487838745,-0.05375422164797783,0.2615761458873749,0.3387851417064667,-0.022964410483837128,0.340246319770813,0.35557234287261963,-0.04430809244513512,0.3795926570892334,0.3691357970237732,-0.04861484467983246,0.41306832432746887,0.37673845887184143,-0.04960991069674492,0.26639121770858765,0.3722192347049713,-0.0312897153198719,0.3270038366317749,0.3878204822540283,-0.04620471969246864,0.36001697182655334,0.39306095242500305,-0.04922047257423401,0.389587938785553,0.3905923664569855,-0.05002540722489357
31,left,0.6671234369277954,0.5086819529533386,-6.542135793097259e-07,0.6099967956542969,0.45947521924972534,0.0021217861212790012,0.5755388736724854,0.40816837549209595,-0.002879615407437086,0.548708975315094,0.37834522128105164,-0.011562678962945938,0.5278058052062988,0.35467544198036194,-0.02070731297135353,0.64125657081604,0.3119296729564667,0.0032619438134133816,0.5755661129951477,0.3178539574146271,-0.015711059793829918,0.5386095643043518,0.33815741539001465,-0.03406653553247452,0.513643741607666,0.35306110978126526,-0.0457904227077961,0.6566373109817505,0.31943845748901367,-0.007721312344074249,0.5778315663337708,0.3275117874145508,-0.0228075310587883,0.5368297696113586,0.3508071005344391,-0.037245385348796844,0.5066530108451843,0.3650090992450714,-0.04784940928220749,0.6636596322059631,0.34090110659599304,-0.020233992487192154,0.5864666700363159,0.35024428367614746,-0.03448282927274704,0.5467208027839661,0.3648054301738739,-0.04286368936300278,0.5167526006698608,0.37117302417755127,-0.04856528341770172,0.6622309684753418,0.3724730908870697,-0.03299332037568092,0.6014026999473572,0.38139835000038147,-0.04393511265516281,0.5697841644287109,0.38919761776924133,-0.048664603382349014,0.5437221527099609,0.39100977778434753,-0.05111859738826752
32,right,0.23251302540302277,0.5261132121086121,3.150643408389442e-07,0.27635276317596436,0.4836302399635315,-0.007843557745218277,0.3008352220058441,0.42820772528648376,-0.014455133117735386,0.31852832436561584,0.39100226759910583,-0.022134875878691673,0.3301825523376465,0.3639332056045532,-0.02796165645122528,0.24588221311569214,0.34323209524154663,-0.003126436611637473,0.2975431978702545,0.33879002928733826,-0.026958905160427094,0.33503031730651855,0.34970006346702576,-0.046212337911129,0.36826539039611816,0.36087268590927124,-0.0586387999355793,0.23264651000499725,0.3494625687599182,-0.00990536529570818,0.2956877052783966,0.3501635491847992,-0.03645680472254753,0.3382350206375122,0.3652702867984772,-0.05123969167470932,0.37380897998809814,0.37654930353164673,-0.05852647125720978,0.22856789827346802,0.3699343204498291,-0.019426962360739708,0.29231610894203186,0.3738577663898468,-0.0453711599111557,0.3346174359321594,0.38684019446372986,-0.05387427657842636,0.3671756982803345,0.39466631412506104,-0.055354975163936615,0.2318594753742218,0.3997882008552551,-0.030180953443050385,0.28502118587493896,0.40402457118034363,-0.04954880103468895,0.31639155745506287,0.4149181842803955,-0.05550079047679901,0.3416641652584076,0.41843509674072266,-0.056193236261606216
32,left,0.7101220488548279,0.5351352095603943,-5.995104856992839e-07,0.6629654765129089,0.48828592896461487,-0.003482106840237975,0.6302050948143005,0.4359200596809387,-0.009829379618167877,0.5992662310600281,0.4107339084148407,-0.01881764829158783,0.5750908255577087,0.3921475410461426,-0.02773554064333439,0.6900237202644348,0.3370281159877777,0.0028535411693155766,0.6277759075164795,0.34295374155044556,-0.017059357836842537,0.5928550362586975,0.36055290699005127,-0.0372551791369915,0.5701720118522644,0.3747682571411133,-0.05069463327527046,0.7048373222351074,0.34362444281578064,-0.0062313685193657875,0.6354368925094604,0.3530227839946747,-0.021660303696990013,0.5981172919273376,0.37272322177886963,-0.037407033145427704,0.5705453157424927,0.38355493545532227,-0.049241021275520325,0.7139952182769775,0.366518497467041,-0.017733288928866386,0.64720618724823,0.375963419675827,-0.032362647354602814,0.609052836894989,0.38615790009498596,-0.041614629328250885,0.5805379152297974,0.3886650800704956,-0.048118021339178085,0.7163773775100708,0.4001358151435852,-0.030310168862342834,0.6648319363594055,0.40867310762405396,-0.041307322680950165,0.6339000463485718,0.4164791703224182,-0.04603863134980202,0.6090757250785828,0.4198715090751648,-0.048843637108802795
33,right,0.18939310312271118,0.5423470139503479,3.1332876915257657e-07,0.2394791841506958,0.49901098012924194,-0.005738376174122095,0.2687129080295563,0.4400651454925537,-0.011381418444216251,0.2922808825969696,0.40360817313194275,-0.018921272829174995,0.3111589550971985,0.3756150007247925,-0.025572532787919044,0.2151392698287964,0.35073038935661316,0.0002366805711062625,0.2691808342933655,0.34473782777786255,-0.02141665481030941,0.30522289872169495,0.35611432790756226,-0.04031015932559967,0.3349490463733673,0.36797526478767395,-0.05292562395334244,0.1976655125617981,0.35525351762771606,-0.007657538168132305,0.264400839805603,0.35771358013153076,-0.03140905126929283,0.30591025948524475,0.37468528747558594,-0.04622728377580643,0.3386278450489044,0.3889100253582001,-0.05410725995898247,0.1893174648284912,0.3764544129371643,-0.01822817511856556,0.257110595703125,0.38313600420951843,-0.04242324456572533,0.2992890179157257,0.3986155688762665,-0.052175119519233704,0.3322426676750183,0.4095005691051483,-0.054947420954704285,0.1888125091791153,0.40782278776168823,-0.029826493933796883,0.2450452744960785,0.4178045094013214,-0.04939468204975128,0.27970582246780396,0.43060848116874695,-0.0568840317428112,0.3084956109523773,0.435683935880661,-0.05870714783668518
33,left,0.7422020435333252,0.5541737079620361,-6.848604812148551e-07,0.6932672262191772,0.5050640106201172,-0.004654523450881243,0.6643372774124146,0.4479158818721771,-0.009560560807585716,0.6453590989112854,0.41170409321784973,-0.01623448356986046,0.6339766383171082,0.38197052478790283,-0.0223984494805336,0.7197849750518799,0.3505004346370697,-0.0013228228781372309,0.6640357971191406,0.3593727648258209,-0.02198304608464241,0.6330947279930115,0.38246220350265503,-0.0409335121512413,0.6096720099449158,0.4012942612171173,-0.05235294997692108,0.7412417531013489,0.3571583926677704,-0.008633662015199661,0.6741098165512085,0.37345266342163086,-0.0275829266756773,0.6389195919036865,0.40416982769966125,-0.043905679136514664,0.6130510568618774,0.4253856837749481,-0.05405515059828758,0.7551053762435913,0.3793008625507355,-0.018001865595579147,0.690277636051178,0.39644718170166016,-0.03714224323630333,0.6534063220024109,0.4208519458770752,-0.04842459782958031,0.6247771978378296,0.4374734163284302,-0.05379536747932434,0.7609677910804749,0.41236186027526855,-0.027891214936971664,0.7094454765319824,0.42752110958099365,-0.042721860110759735,0.680051326751709,0.44221726059913635,-0.04962223023176193,0.654391884803772,0.45049870014190674,-0.05214252322912216
34,right,0.16633576154708862,0.5546605587005615,4.044676416015136e-07,0.22378453612327576,0.502163290977478,-0.004617711529135704,0.252439945936203,0.44413742423057556,-0.011604554951190948,0.277291476726532,0.40884438157081604,-0.02063671499490738,0.29999449849128723,0.3814672529697418,-0.027866816148161888,0.181584894657135,0.345969557762146,-0.0006243776879273355,0.25176236033439636,0.3456118404865265,-0.02297087386250496,0.29225900769233704,0.36091557145118713,-0.04273977503180504,0.3250653147697449,0.3765169084072113,-0.05573909357190132,0.16392973065376282,0.3538382649421692,-0.009724392555654049,0.24647486209869385,0.36118772625923157,-0.03582243248820305,0.2909846901893616,0.3854897916316986,-0.051435686647892,0.32645294070243835,0.4051802158355713,-0.0588284395635128,0.15836219489574432,0.37898269295692444,-0.021017547696828842,0.23820702731609344,0.3892221748828888,-0.04586433246731758,0.2842772901058197,0.41035622358322144,-0.05524938181042671,0.3197167217731476,0.4241754114627838,-0.05688558518886566,0.1628589630126953,0.4134742319583893,-0.03329453989863396,0.22743025422096252,0.4227277934551239,-0.05150313302874565,0.26304495334625244,0.4363618791103363,-0.05735062062740326,0.29125386476516724,0.44216033816337585,-0.05772045999765396
34,left,0.7609918713569641,0.5542935729026794,-5.94886728322308e-07,0.7106594443321228,0.5010366439819336,-0.0037428494542837143,0.682841420173645,0.4471990168094635,-0.009533695876598358,0.6628059148788452,0.4114561080932617,-0.017573237419128418,0.6497037410736084,0.3815094828605652,-0.025346335023641586,0.7405720353126526,0.3517271876335144,0.0005497417296282947,0.6835607290267944,0.35599973797798157,-0.02087595872581005,0.6525529623031616,0.37714165449142456,-0.04035293683409691,0.630720317363739,0.39812153577804565,-0.05165833234786987,0.7623381018638611,0.358664870262146,-0.007426772732287645,0.6947100162506104,0.3683615028858185,-0.027166815474629402,0.659148097038269,0.3959820866584778,-0.043739527463912964,0.6334154605865479,0.4199043810367584,-0.05329277366399765,0.7758942246437073,0.38085633516311646,-0.017610546201467514,0.7103164792060852,0.39219772815704346,-0.03780176863074303,0.6724674105644226,0.4143065810203552,-0.04920632019639015,0.6444309949874878,0.4310508966445923,-0.053925830870866776,0.7789627909660339,0.41429969668388367,-0.028236204758286476,0.7272106409072876,0.42646390199661255,-0.04481251537799835,0.6993658542633057,0.43989548087120056,-0.05253554880619049,0.6763232946395874,0.448381632566452,-0.055003296583890915
35,right,0.1819930076599121,0.5279736518859863,5.990102067698899e-07,0.23046278953552246,0.49313268065452576,-0.010334908030927181,0.26719436049461365,0.4399159848690033,-0.022019408643245697,0.3066646158695221,0.41353362798690796,-0.03401898965239525,0.34456053376197815,0.40843668580055237,-0.0453491173684597,0.19749537110328674,0.34752076864242554,-0.014905552379786968,0.25404632091522217,0.32847726345062256,-0.03720182925462723,0.2909623980522156,0.3132781386375427,-0.055397503077983856,0.3241029381752014,0.30120283365249634,-0.06868766993284225,0.18074223399162292,0.35325750708580017,-0.022965973243117332,0.2533836364746094,0.32772296667099,-0.04535717889666557,0.2910339832305908,0.31547117233276367,-0.0580981969833374,0.3250918686389923,0.3004646897315979,-0.06639249622821808,0.1739172488451004,0.37619203329086304,-0.033252011984586716,0.24385811388492584,0.35799676179885864,-0.05502955988049507,0.2813952565193176,0.34617334604263306,-0.06336286664009094,0.3134792745113373,0.3309480547904968,-0.06773243844509125,0.1757173240184784,0.41320163011550903,-0.044901903718709946,0.22902703285217285,0.40526434779167175,-0.06240963935852051,0.2593778371810913,0.3977939188480377,-0.06907051801681519,0.2861502766609192,0.3863023817539215,-0.07288600504398346
35,left,0.7418619394302368,0.5286564230918884,-1.6499241439760226e-07,0.6979411840438843,0.4886726140975952,-0.010114826261997223,0.6631621718406677,0.4370124340057373,-0.023321831598877907,0.6281933784484863,0.41546502709388733,-0.03804915025830269,0.5925070643424988,0.4145002067089081,-0.05260566622018814,0.7151486277580261,0.3479997217655182,-0.008974647149443626,0.6829947233200073,0.3127474784851074,-0.033079396933317184,0.6604454517364502,0.32065320014953613,-0.05442016199231148,0.6440218687057495,0.3376891016960144,-0.06725620478391647,0.7398389577865601,0.35444164276123047,-0.016512705013155937,0.7004331946372986,0.3229065239429474,-0.03795355185866356,0.6742889285087585,0.3370414078235626,-0.0528043694794178,0.6590042114257812,0.35579732060432434,-0.06083976849913597,0.7606016993522644,0.3774730861186981,-0.026822278276085854,0.7242143750190735,0.3516204059123993,-0.04488344490528107,0.6970580816268921,0.3636564016342163,-0.05036570504307747,0.6814540028572083,0.37753504514694214,-0.05151713266968727,0.7752126455307007,0.41168349981307983,-0.03852107748389244,0.7464753985404968,0.39461949467658997,-0.05113512650132179,0.7247034311294556,0.3969029188156128,-0.05300034582614899,0.7118070721626282,0.4018476605415344,-0.052169110625982285
36,right,0.21164122223854065,0.49960607290267944,6.168283448459988e-07,0.2690505385398865,0.4680294990539551,-0.0069055152125656605,0.3085762560367584,0.4228653907775879,-0.021697524935007095,0.3505190908908844,0.4052745997905731,-0.038423385471105576,0.38887497782707214,0.3986338675022125,-0.0563332736492157,0.249298557639122,0.3262891173362732,-0.02988748624920845,0.3028557300567627,0.28177347779273987,-0.05744494870305061,0.33421820402145386,0.2461698353290558,-0.07784862816333771,0.3588906526565552,0.2165495753288269,-0.09326531738042831,0.23275664448738098,0.3342573046684265,-0.0458158403635025,0.2965001165866852,0.2757914066314697,-0.07607364654541016,0.3340899348258972,0.23954340815544128,-0.09680146723985672,0.3650987446308136,0.2066832184791565,-0.11045228689908981,0.22595150768756866,0.3606926202774048,-0.06220697611570358,0.28825071454048157,0.3103707730770111,-0.09261039644479752,0.3238354027271271,0.2803378999233246,-0.11000251024961472,0.35293111205101013,0.24990932643413544,-0.12069358676671982,0.22787955403327942,0.4006304442882538,-0.07859236001968384,0.27432575821876526,0.3869745433330536,-0.10555858165025711,0.303398072719574,0.37203216552734375,-0.1181648001074791,0.33038216829299927,0.3559815287590027,-0.12607240676879883
36,left,0.7117379307746887,0.5050047636032104,3.7923805962236656e-07,0.6591205596923828,0.48291265964508057,-0.015771565958857536,0.6174126863479614,0.44202205538749695,-0.032209064811468124,0.5808382034301758,0.42865678668022156,-0.04818578436970711,0.5467798113822937,0.4258827269077301,-0.0660598874092102,0.6550715565681458,0.33893612027168274,-0.02945294976234436,0.6387844681739807,0.274803102016449,-0.048418235033750534,0.6215680241584778,0.23027800023555756,-0.06576821208000183,0.6071289777755737,0.19467288255691528,-0.07844196259975433,0.6800950765609741,0.33978286385536194,-0.03581135720014572,0.6678234934806824,0.2701234817504883,-0.050984643399715424,0.6485729217529297,0.22224880754947662,-0.06374052166938782,0.6344190835952759,0.18830806016921997,-0.07343706488609314,0.7025552988052368,0.3580889105796814,-0.043444402515888214,0.6923893690109253,0.28842324018478394,-0.055475033819675446,0.6718318462371826,0.24185898900032043,-0.06452284753322601,0.6575906276702881,0.20934738218784332,-0.07186122983694077,0.7200344800949097,0.3898731768131256,-0.0527220293879509,0.7089815139770508,0.33930402994155884,-0.06435570865869522,0.690812349319458,0.30147919058799744,-0.06860227882862091,0.6768125295639038,0.27240416407585144,-0.07118652760982513
