1,right,0,0,0,0,0,0,0,0,0,0,0,0,0,0,0,0,0,0,0,0,0,0,0,0,0,0,0,0,0,0,0,0,0,0,0,0,0,0,0,0,0,0,0,0,0,0,0,0,0,0,0,0,0,0,0,0,0,0,0,0,0,0,0
1,left,0,0,0,0,0,0,0,0,0,0,0,0,0,0,0,0,0,0,0,0,0,0,0,0,0,0,0,0,0,0,0,0,0,0,0,0,0,0,0,0,0,0,0,0,0,0,0,0,0,0,0,0,0,0,0,0,0,0,0,0,0,0,0
2,right,0,0,0,0,0,0,0,0,0,0,0,0,0,0,0,0,0,0,0,0,0,0,0,0,0,0,0,0,0,0,0,0,0,0,0,0,0,0,0,0,0,0,0,0,0,0,0,0,0,0,0,0,0,0,0,0,0,0,0,0,0,0,0
2,left,0,0,0,0,0,0,0,0,0,0,0,0,0,0,0,0,0,0,0,0,0,0,0,0,0,0,0,0,0,0,0,0,0,0,0,0,0,0,0,0,0,0,0,0,0,0,0,0,0,0,0,0,0,0,0,0,0,0,0,0,0,0,0
3,right,0,0,0,0,0,0,0,0,0,0,0,0,0,0,0,0,0,0,0,0,0,0,0,0,0,0,0,0,0,0,0,0,0,0,0,0,0,0,0,0,0,0,0,0,0,0,0,0,0,0,0,0,0,0,0,0,0,0,0,0,0,0,0
3,left,0,0,0,0,0,0,0,0,0,0,0,0,0,0,0,0,0,0,0,0,0,0,0,0,0,0,0,0,0,0,0,0,0,0,0,0,0,0,0,0,0,0,0,0,0,0,0,0,0,0,0,0,0,0,0,0,0,0,0,0,0,0,0
4,right,0,0,0,0,0,0,0,0,0,0,0,0,0,0,0,0,0,0,0,0,0,0,0,0,0,0,0,0,0,0,0,0,0,0,0,0,0,0,0,0,0,0,0,0,0,0,0,0,0,0,0,0,0,0,0,0,0,0,0,0,0,0,0
4,left,0,0,0,0,0,0,0,0,0,0,0,0,0,0,0,0,0,0,0,0,0,0,0,0,0,0,0,0,0,0,0,0,0,0,0,0,0,0,0,0,0,0,0,0,0,0,0,0,0,0,0,0,0,0,0,0,0,0,0,0,0,0,0
5,right,0,0,0,0,0,0,0,0,0,0,0,0,0,0,0,0,0,0,0,0,0,0,0,0,0,0,0,0,0,0,0,0,0,0,0,0,0,0,0,0,0,0,0,0,0,0,0,0,0,0,0,0,0,0,0,0,0,0,0,0,0,0,0
5,left,0,0,0,0,0,0,0,0,0,0,0,0,0,0,0,0,0,0,0,0,0,0,0,0,0,0,0,0,0,0,0,0,0,0,0,0,0,0,0,0,0,0,0,0,0,0,0,0,0,0,0,0,0,0,0,0,0,0,0,0,0,0,0
6,right,0,0,0,0,0,0,0,0,0,0,0,0,0,0,0,0,0,0,0,0,0,0,0,0,0,0,0,0,0,0,0,0,0,0,0,0,0,0,0,0,0,0,0,0,0,0,0,0,0,0,0,0,0,0,0,0,0,0,0,0,0,0,0
6,left,0.6733901500701904,1.0404947996139526,3.4028632689420135e-10,0.6351603865623474,0.9875196218490601,-0.010948113165795803,0.6171181201934814,0.9131976962089539,-0.009847763925790787,0.6057246923446655,0.8520655632019043,-0.007847967557609081,0.5874667167663574,0.8058698177337646,-0.0034224779810756445,0.65996253490448,0.8633227944374084,0.021921290084719658,0.6397074460983276,0.7959945797920227,0.026636488735675812,0.6217004656791687,0.7741336822509766,0.024825332686305046,0.6119287610054016,0.7642852067947388,0.024062098935246468,0.6717994809150696,0.8684150576591492,0.027277352288365364,0.6484865546226501,0.8010281324386597,0.037443071603775024,0.6300671696662903,0.7797466516494751,0.03545036539435387,0.6192483901977539,0.7680167555809021,0.03273129090666771,0.6758548021316528,0.8774468898773193,0.029337730258703232,0.6541801691055298,0.8146819472312927,0.03735099360346794,0.6347767114639282,0.7929928302764893,0.03893488645553589,0.6220167875289917,0.7819396257400513,0.03883917257189751,0.674928605556488,0.889520525932312,0.029751693829894066,0.6554703712463379,0.8337733745574951,0.03732043132185936,0.6410229802131653,0.8089699745178223,0.042974647134542465,0.6307889223098755,0.7939693927764893,0.04678308591246605
7,right,0.38356950879096985,1.0060946941375732,6.992607382017013e-08,0.42904406785964966,0.9171912670135498,0.009408952668309212,0.4483104646205902,0.8310176730155945,0.006098043639212847,0.4426746368408203,0.7774124145507812,-0.0025857959408313036,0.4345207214355469,0.7431913614273071,-0.011709092184901237,0.459009051322937,0.745032787322998,-0.0009172455174848437,0.496825635433197,0.6555249094963074,-0.014391007833182812,0.5163731575012207,0.6255460381507874,-0.02637258730828762,0.5267595648765564,0.6067426204681396,-0.03532068803906441,0.4462200105190277,0.7823935747146606,-0.019669130444526672,0.4859392046928406,0.6988580226898193,-0.029430588707327843,0.5055205821990967,0.6630321145057678,-0.041234370321035385,0.5186459422111511,0.6335008144378662,-0.05202246457338333,0.4342426359653473,0.8345616459846497,-0.038572266697883606,0.47462621331214905,0.7853575944900513,-0.048316773027181625,0.5015553832054138,0.7556059956550598,-0.05720191448926926,0.5220653414726257,0.7260648608207703,-0.06652320176362991,0.42887312173843384,0.8972120881080627,-0.05689476802945137,0.46525323390960693,0.882404088973999,-0.0632624626159668,0.48870164155960083,0.8689204454421997,-0.06288839876651764,0.5068338513374329,0.856216311454773,-0.0642145425081253
7,left,0.6553289294242859,0.9662923216819763,2.126760136889061e-07,0.609063982963562,0.8929085731506348,0.002034053672105074,0.5958343148231506,0.8160003423690796,-0.009061694145202637,0.5837429761886597,0.7628985643386841,-0.02176300622522831,0.5644475817680359,0.7211759686470032,-0.03767208382487297,0.6301521062850952,0.7869298458099365,-0.04694310575723648,0.6149624586105347,0.7060399055480957,-0.07457610219717026,0.6036961674690247,0.662451446056366,-0.09129247814416885,0.5956854820251465,0.6268523931503296,-0.10381615906953812,0.6433184146881104,0.8164265751838684,-0.06616707891225815,0.6286347508430481,0.7339122295379639,-0.0955541804432869,0.6121980547904968,0.6903983354568481,-0.11316534131765366,0.5978069305419922,0.6543669104576111,-0.12781915068626404,0.6557046175003052,0.8606685996055603,-0.08311820775270462,0.6469343304634094,0.8064433336257935,-0.11119575053453445,0.6295003890991211,0.7682734727859497,-0.12739762663841248,0.6119222044944763,0.7350114583969116,-0.14094102382659912,0.662367045879364,0.9136006236076355,-0.09832437336444855,0.6567440629005432,0.8984775543212891,-0.12307935208082199,0.642397940158844,0.885346531867981,-0.1343836933374405,0.6260250210762024,0.8695732355117798,-0.14443346858024597
8,right,0.38524770736694336,0.9751789569854736,1.6919041456731065e-07,0.4365960359573364,0.9072288274765015,0.015747947618365288,0.4529916048049927,0.8384626507759094,0.01833273284137249,0.4539066553115845,0.7988762259483337,0.014095171354711056,0.4575456976890564,0.7662073969841003,0.008800063282251358,0.44689273834228516,0.7612906098365784,0.006584219168871641,0.48027434945106506,0.6792956590652466,-0.004503306932747364,0.49672654271125793,0.6352998614311218,-0.013435048051178455,0.5077705979347229,0.5983842015266418,-0.02166936546564102,0.4406502842903137,0.7801113128662109,-0.015253763645887375,0.47851359844207764,0.6913362741470337,-0.029096707701683044,0.49554896354675293,0.6435995697975159,-0.04339049383997917,0.5091108083724976,0.6013569235801697,-0.05480143427848816,0.44043299555778503,0.8156118988990784,-0.03689965978264809,0.4794227182865143,0.7577542066574097,-0.054778747260570526,0.5057222247123718,0.7237485647201538,-0.07286476343870163,0.5265814661979675,0.6892117857933044,-0.08700327575206757,0.4483143389225006,0.8623356223106384,-0.056795161217451096,0.47646597027778625,0.8480139970779419,-0.07405243068933487,0.49478796124458313,0.8370078802108765,-0.08494502305984497,0.5126153826713562,0.8245779275894165,-0.09395992010831833
8,left,0.6564777493476868,0.945442795753479,1.4686959559639945e-07,0.6033124327659607,0.8795257210731506,-0.0030038703698664904,0.5856055617332458,0.8009250164031982,-0.014470070600509644,0.5735758543014526,0.7436768412590027,-0.0272687841206789,0.5526779890060425,0.6983509063720703,-0.042907100170850754,0.6141397356987,0.7669232487678528,-0.04120533913373947,0.600432813167572,0.6855915188789368,-0.06697715073823929,0.5896166563034058,0.6459150314331055,-0.08373803645372391,0.5821682214736938,0.6123497486114502,-0.09635080397129059,0.6294428706169128,0.7939538955688477,-0.057404469698667526,0.6144415140151978,0.7130930423736572,-0.08194078505039215,0.5959467887878418,0.6703506112098694,-0.09747761487960815,0.5809783935546875,0.6337344646453857,-0.11100360751152039,0.6432526707649231,0.8388069868087769,-0.07283235341310501,0.6329886317253113,0.7827780842781067,-0.09709247201681137,0.6113505959510803,0.7446476221084595,-0.11184465885162354,0.591367781162262,0.7094431519508362,-0.12479404360055923,0.6507781147956848,0.8942139148712158,-0.08741432428359985,0.6416056156158447,0.8751287460327148,-0.11102218180894852,0.6238656044006348,0.8584111928939819,-0.121839739382267,0.6059064865112305,0.8387646675109863,-0.1311815083026886
9,right,0.3957095146179199,0.9408013820648193,2.6563481014818535e-07,0.43638861179351807,0.8700255751609802,0.016829989850521088,0.46278631687164307,0.8055912852287292,0.0154325682669878,0.4849492907524109,0.7718997001647949,0.008068706840276718,0.49986693263053894,0.7484710812568665,-0.001371215796098113,0.45318588614463806,0.7558067440986633,-0.014573837630450726,0.48607128858566284,0.6694461107254028,-0.033785056322813034,0.5057297945022583,0.6197686791419983,-0.04636121913790703,0.5196966528892517,0.5792399644851685,-0.05546537786722183,0.45119231939315796,0.7751203775405884,-0.03838203102350235,0.487154096364975,0.6823059320449829,-0.05891804397106171,0.5061894059181213,0.6287791728973389,-0.0737990140914917,0.518284261226654,0.5835950970649719,-0.08416526019573212,0.4536769986152649,0.8117979168891907,-0.05993873253464699,0.48733317852020264,0.7412823438644409,-0.08121467381715775,0.512179970741272,0.7076380252838135,-0.09568388015031815,0.5300597548484802,0.6781993508338928,-0.10562017560005188,0.4632520079612732,0.861035943031311,-0.07935939729213715,0.48971685767173767,0.8324001431465149,-0.09776680916547775,0.5084376335144043,0.814268171787262,-0.10527218133211136,0.5263783931732178,0.7977663278579712,-0.110585056245327
9,left,0.6417434215545654,0.9456371068954468,3.417308676034736e-07,0.5803930759429932,0.8885829448699951,0.0002863921399693936,0.559446394443512,0.809471845626831,-0.006614036858081818,0.5537837147712708,0.7492138147354126,-0.013898709788918495,0.5431574583053589,0.7015443444252014,-0.023287929594516754,0.5886381268501282,0.7645098567008972,-0.03229082003235817,0.5768553614616394,0.6860309839248657,-0.05292028561234474,0.5630383491516113,0.6379266977310181,-0.06721179187297821,0.5514300465583801,0.5946559906005859,-0.07917563617229462,0.609706461429596,0.7781164050102234,-0.04829554632306099,0.5866101384162903,0.6935131549835205,-0.0668400302529335,0.5693535208702087,0.6422022581100464,-0.07998204231262207,0.5559633374214172,0.5975015163421631,-0.0919497013092041,0.6214485764503479,0.8143870234489441,-0.06329560279846191,0.5996342301368713,0.7413045763969421,-0.0845676064491272,0.5796995162963867,0.7035205960273743,-0.09865310043096542,0.5635819435119629,0.6697726249694824,-0.11098317056894302,0.6210736036300659,0.8683189153671265,-0.07706959545612335,0.6026743650436401,0.8412418961524963,-0.10253574699163437,0.5839200019836426,0.8217647075653076,-0.1154574379324913,0.56724613904953,0.7993077635765076,-0.12545940279960632
10,right,0.4027540981769562,0.9296307563781738,2.284859306200815e-07,0.44181376695632935,0.8616411685943604,0.012636077590286732,0.47120270133018494,0.7960748672485352,0.01007193885743618,0.49509453773498535,0.7587806582450867,0.002739093266427517,0.5105034112930298,0.7309229373931885,-0.0065717753022909164,0.4647722840309143,0.757453441619873,-0.021021965891122818,0.4936593770980835,0.670957088470459,-0.04275789484381676,0.5107132792472839,0.6191798448562622,-0.05653476342558861,0.5217824578285217,0.577362596988678,-0.0657162293791771,0.4620234966278076,0.7755935192108154,-0.04300940781831741,0.49431389570236206,0.6840032935142517,-0.06605725735425949,0.513799250125885,0.6279079914093018,-0.0818871483206749,0.526692807674408,0.5830174684524536,-0.09212346374988556,0.46392694115638733,0.8115708231925964,-0.06292108446359634,0.49533453583717346,0.7376790046691895,-0.08639398962259293,0.520487368106842,0.6969839334487915,-0.10237150639295578,0.54005366563797,0.6631356477737427,-0.11262434720993042,0.4724397659301758,0.8595879673957825,-0.08092363178730011,0.5001197457313538,0.8278921246528625,-0.10238879919052124,0.521737277507782,0.8073875308036804,-0.11195337027311325,0.5433034896850586,0.7914913296699524,-0.11788534373044968
10,left,0.6368842720985413,0.9575244188308716,2.6593255597617826e-07,0.5732368230819702,0.8947715759277344,0.0034970969427376986,0.5512220859527588,0.8207433223724365,-0.002710326574742794,0.5475192666053772,0.7670401334762573,-0.010335718281567097,0.5414255857467651,0.7227582931518555,-0.020518377423286438,0.5816551446914673,0.7687118649482727,-0.02506382204592228,0.5650209784507751,0.6978065371513367,-0.046244531869888306,0.5487135052680969,0.6512359380722046,-0.06255454570055008,0.535487711429596,0.6076667904853821,-0.07628346979618073,0.6007615923881531,0.7803276181221008,-0.041646067053079605,0.5751457214355469,0.7068973779678345,-0.05928664654493332,0.5573955178260803,0.657921552658081,-0.07261918485164642,0.5443140268325806,0.6100472807884216,-0.08532631397247314,0.6103659868240356,0.8152500987052917,-0.057752642780542374,0.5869882702827454,0.7471430897712708,-0.07860230654478073,0.5707064867019653,0.7053002715110779,-0.09307116270065308,0.559154212474823,0.6662273406982422,-0.10586593300104141,0.6087566614151001,0.8688669204711914,-0.072554811835289,0.589600682258606,0.844756543636322,-0.09802533686161041,0.5712808966636658,0.8250778913497925,-0.11191617697477341,0.5557703971862793,0.8020530939102173,-0.12286340445280075
11,right,0.40388911962509155,0.9292024374008179,2.2577330582862487e-07,0.44287362694740295,0.8582630157470703,0.009690491482615471,0.4734914302825928,0.7914851903915405,0.005634810775518417,0.49842169880867004,0.7487336993217468,-0.0022877196315675974,0.5157910585403442,0.7141967415809631,-0.012159288860857487,0.4653794467449188,0.7618752121925354,-0.026953106746077538,0.493206262588501,0.6763992309570312,-0.05157264322042465,0.510212779045105,0.6225161552429199,-0.06666877120733261,0.5230017304420471,0.5781513452529907,-0.07651646435260773,0.4626985192298889,0.7804024815559387,-0.047620613127946854,0.49489039182662964,0.6906224489212036,-0.07357471436262131,0.5159933567047119,0.6360958218574524,-0.0902734324336052,0.5320155024528503,0.5937039852142334,-0.10101442784070969,0.4650575816631317,0.8163682222366333,-0.06623882800340652,0.496119886636734,0.7435945272445679,-0.09204652905464172,0.5215784907341003,0.7016914486885071,-0.10813100636005402,0.5424116849899292,0.6682349443435669,-0.11820007860660553,0.47385165095329285,0.8633582592010498,-0.08313855528831482,0.5011597871780396,0.831177294254303,-0.10670117288827896,0.5245257616043091,0.8120892643928528,-0.11733217537403107,0.5477275252342224,0.7985811829566956,-0.12381307035684586
11,left,0.625342607498169,0.9020835757255554,1.409265451002284e-07,0.6041435599327087,0.8236504793167114,0.006466214079409838,0.5851631760597229,0.7503114342689514,0.0019891136325895786,0.5728199481964111,0.6958923935890198,-0.003424412105232477,0.5563645362854004,0.6547038555145264,-0.012430066242814064,0.5904641151428223,0.7401505708694458,-0.03575095906853676,0.5641331672668457,0.6656778454780579,-0.056118156760931015,0.5470096468925476,0.6262601613998413,-0.06847876310348511,0.535805344581604,0.5896031260490417,-0.0792035460472107,0.5979506373405457,0.7644089460372925,-0.05310528352856636,0.5701066255569458,0.6915110349655151,-0.07366538792848587,0.5520526766777039,0.646873950958252,-0.08736807107925415,0.539936363697052,0.6027980446815491,-0.1002584844827652,0.6007512211799622,0.8086212873458862,-0.06834986060857773,0.579646646976471,0.7481104135513306,-0.09257778525352478,0.5668284893035889,0.7066404223442078,-0.1110835000872612,0.5601761937141418,0.6660329699516296,-0.1267549842596054,0.5973518490791321,0.8639874458312988,-0.08101146668195724,0.5797290802001953,0.8533998131752014,-0.1108269989490509,0.5670851469039917,0.8326759338378906,-0.12921366095542908,0.5576798915863037,0.8064777255058289,-0.14352145791053772
12,right,0.4054751396179199,0.9244931936264038,2.2612260863752454e-07,0.44337034225463867,0.8567084074020386,0.009586662985384464,0.4743635952472687,0.7913462519645691,0.006498860195279121,0.4991075396537781,0.7489717602729797,-0.00048734029405750334,0.5154092311859131,0.7152734994888306,-0.009253117255866528,0.46772539615631104,0.760820746421814,-0.023539910092949867,0.4962941110134125,0.677590012550354,-0.046907227486371994,0.5130218267440796,0.6236173510551453,-0.06137499958276749,0.5253525972366333,0.5789816379547119,-0.07076684385538101,0.46585240960121155,0.777769923210144,-0.043536536395549774,0.49840405583381653,0.689540684223175,-0.06782082468271255,0.5189204216003418,0.6337433457374573,-0.08379370719194412,0.5342563986778259,0.5900633335113525,-0.09373916685581207,0.4687620997428894,0.812970757484436,-0.06168311834335327,0.500347375869751,0.7409143447875977,-0.08608050644397736,0.5244829654693604,0.7000999450683594,-0.10179342329502106,0.5442631840705872,0.667344331741333,-0.11137857288122177,0.4779614806175232,0.8593577742576599,-0.07821916043758392,0.5052072405815125,0.8287175297737122,-0.10041917860507965,0.5267218351364136,0.8098242878913879,-0.11047720909118652,0.5486692190170288,0.7962468266487122,-0.11634770780801773
12,left,0.628150224685669,0.9485037922859192,2.8103667659706844e-07,0.5676242709159851,0.8904157876968384,0.0024420779664069414,0.5508129000663757,0.815833330154419,-0.003603200428187847,0.5485533475875854,0.7621356844902039,-0.010297713801264763,0.5420714020729065,0.717542827129364,-0.020190007984638214,0.5823450088500977,0.7749478816986084,-0.031833723187446594,0.5672543048858643,0.7003619074821472,-0.05273638293147087,0.5501681566238403,0.6505556106567383,-0.06743097305297852,0.5361409783363342,0.6051879525184631,-0.0796891376376152,0.6007790565490723,0.7876390218734741,-0.048106517642736435,0.5744581818580627,0.7072398662567139,-0.06577734649181366,0.5553564429283142,0.6519622206687927,-0.07972955703735352,0.5412057042121887,0.5977234840393066,-0.09250809997320175,0.611490786075592,0.8247517347335815,-0.06297820806503296,0.5860557556152344,0.7508146166801453,-0.08415605127811432,0.5700590014457703,0.7026997208595276,-0.0999913364648819,0.5594254732131958,0.6592508554458618,-0.11334409564733505,0.6104099154472351,0.878899872303009,-0.07630737870931625,0.591435968875885,0.850993275642395,-0.10215838998556137,0.5746185183525085,0.8294003009796143,-0.11610491573810577,0.5609930753707886,0.80615234375,-0.12681522965431213
13,right,0.41065406799316406,0.9226492047309875,2.2526039344938908e-07,0.4489271640777588,0.8542875051498413,0.009333076886832714,0.4793910086154938,0.7883706092834473,0.006371267605572939,0.5024945139884949,0.7434194684028625,-0.000545226619578898,0.5181351900100708,0.7085695266723633,-0.009063124656677246,0.46908828616142273,0.7585132122039795,-0.021176891401410103,0.49775442481040955,0.6755431890487671,-0.044392261654138565,0.5151864886283875,0.6225738525390625,-0.058901797980070114,0.5285583734512329,0.5786147713661194,-0.06839706003665924,0.46723121404647827,0.7755221724510193,-0.0406576432287693,0.49985820055007935,0.6886942386627197,-0.06437145918607712,0.5211238861083984,0.6351091265678406,-0.07990357279777527,0.5376628041267395,0.5924903750419617,-0.0897316187620163,0.47048747539520264,0.8106606006622314,-0.05863456428050995,0.5037096738815308,0.7396979331970215,-0.08262502402067184,0.5282416939735413,0.7007754445075989,-0.09776777774095535,0.5481182932853699,0.6691805720329285,-0.10697063058614731,0.47983115911483765,0.8571874499320984,-0.07508578896522522,0.5066564679145813,0.8263099789619446,-0.09685888141393661,0.5278847217559814,0.8067763447761536,-0.10693258792161942,0.5494164824485779,0.7918199896812439,-0.11295342445373535
13,left,0.638131320476532,0.9543361067771912,2.9006687896071526e-07,0.5707187652587891,0.9010072350502014,0.001756220473907888,0.5492449402809143,0.8371413946151733,-0.004470868036150932,0.5469776391983032,0.792201817035675,-0.011710217222571373,0.5401250720024109,0.7542698383331299,-0.021832171827554703,0.5792173743247986,0.7735030055046082,-0.024521388113498688,0.5677770376205444,0.7031834125518799,-0.04538850113749504,0.5550907850265503,0.6553192138671875,-0.06229700148105621,0.5457387566566467,0.61163330078125,-0.07633112370967865,0.5983994603157043,0.7842137813568115,-0.039442580193281174,0.5776677131652832,0.7113650441169739,-0.058553874492645264,0.5628336668014526,0.6616508364677429,-0.07396454364061356,0.5529401898384094,0.6135015487670898,-0.08758137375116348,0.609036922454834,0.8172877430915833,-0.05382711440324783,0.5863878130912781,0.7502319812774658,-0.07620089501142502,0.5723720788955688,0.7105620503425598,-0.09245942533016205,0.5649007558822632,0.6743782758712769,-0.10570213198661804,0.6076849102973938,0.8662652373313904,-0.06685391068458557,0.5862239003181458,0.8415839076042175,-0.09377896785736084,0.5710375308990479,0.8229477405548096,-0.10902272164821625,0.5608103275299072,0.801731288433075,-0.12039277702569962
14,right,0.41621434688568115,0.920099139213562,2.542679453654273e-07,0.45687970519065857,0.8502472043037415,0.006228350102901459,0.48583805561065674,0.7825776934623718,0.0013222842244431376,0.5084335803985596,0.7346652746200562,-0.006945954170078039,0.5238745212554932,0.6963475942611694,-0.016925960779190063,0.47392016649246216,0.7547626495361328,-0.026567446067929268,0.5003089308738708,0.6728343367576599,-0.052003391087055206,0.5165098309516907,0.6194356679916382,-0.06777350604534149,0.5292783379554749,0.5743724703788757,-0.07820013165473938,0.4708324074745178,0.7726010680198669,-0.045436661690473557,0.501888632774353,0.6873297691345215,-0.07224343717098236,0.5226957201957703,0.6324241161346436,-0.08913265913724899,0.5391597747802734,0.5884140729904175,-0.09981127083301544,0.47243690490722656,0.8088815212249756,-0.06290784478187561,0.503196120262146,0.738588273525238,-0.08960022032260895,0.5273116230964661,0.6974381804466248,-0.10548169910907745,0.5473455786705017,0.6642188429832458,-0.11496688425540924,0.480200856924057,0.8566188812255859,-0.0790368914604187,0.5051828622817993,0.8245431780815125,-0.10353358834981918,0.5256308317184448,0.8015636801719666,-0.11499451100826263,0.546522319316864,0.7826182246208191,-0.12186217308044434
14,left,0.6441245675086975,0.9510843753814697,3.342009620155295e-07,0.5742123126983643,0.889796793460846,0.005873757880181074,0.5509111285209656,0.8216829299926758,-0.00016510924615431577,0.5495763421058655,0.7732742428779602,-0.007911493070423603,0.5464897155761719,0.7334365844726562,-0.018704593181610107,0.5858302116394043,0.7665719389915466,-0.025037212297320366,0.568666398525238,0.6949445009231567,-0.046893879771232605,0.5520629286766052,0.6468817591667175,-0.0633123442530632,0.5400737524032593,0.6016544699668884,-0.07637904584407806,0.6041853427886963,0.7781075239181519,-0.04122981056571007,0.5798321962356567,0.7031561732292175,-0.06094454601407051,0.5608060956001282,0.650319516658783,-0.0756659284234047,0.5477961301803589,0.5995377898216248,-0.08864253759384155,0.6126654744148254,0.811439037322998,-0.056258704513311386,0.5896803736686707,0.7409629821777344,-0.07808089256286621,0.5712791681289673,0.6978827118873596,-0.09331319481134415,0.5599648356437683,0.6612504124641418,-0.10555586218833923,0.6090461611747742,0.8623754382133484,-0.06952264159917831,0.5872266292572021,0.8318554162979126,-0.09515122324228287,0.5686166882514954,0.8091197609901428,-0.10948128998279572,0.5544379353523254,0.7857941389083862,-0.11994074285030365
15,right,0.41514110565185547,0.920201301574707,2.411832440429862e-07,0.4572621285915375,0.8543292284011841,0.008394327946007252,0.4873243570327759,0.7888398170471191,0.004022624809294939,0.5122001767158508,0.7454535365104675,-0.00400928221642971,0.5289232730865479,0.7089515328407288,-0.013763541355729103,0.4730459153652191,0.7558270692825317,-0.026239903643727303,0.49980154633522034,0.6733484864234924,-0.05071721971035004,0.5161018371582031,0.6192386150360107,-0.06561757624149323,0.5286100506782532,0.5736180543899536,-0.07547222077846527,0.4688326418399811,0.77271568775177,-0.046036336570978165,0.5005908012390137,0.6857832670211792,-0.07199333608150482,0.5220617055892944,0.6299691200256348,-0.08845734596252441,0.538947343826294,0.5852841734886169,-0.09899123758077621,0.470358669757843,0.8079685568809509,-0.0639607161283493,0.5025884509086609,0.7358126640319824,-0.08899300545454025,0.527711808681488,0.6948189735412598,-0.1034676805138588,0.548601508140564,0.6619375944137573,-0.11229031533002853,0.4787883758544922,0.8544419407844543,-0.0804351195693016,0.5042574405670166,0.8196213245391846,-0.10299883037805557,0.5253504514694214,0.7954462170600891,-0.11297280341386795,0.5470251441001892,0.7755119800567627,-0.11901656538248062
15,left,0.6389611959457397,0.9239634275436401,2.2039040459276293e-07,0.5946608185768127,0.8492030501365662,0.005472139455378056,0.5807264447212219,0.7752290964126587,0.00021099657169543207,0.5796836614608765,0.7209909558296204,-0.0063321772031486034,0.5697620511054993,0.6807188987731934,-0.01591366156935692,0.5941767692565918,0.7486587166786194,-0.029115548357367516,0.572364091873169,0.674277663230896,-0.05053235962986946,0.5544964671134949,0.6305162906646729,-0.06368225067853928,0.5430651903152466,0.5900883078575134,-0.07414034754037857,0.6101556420326233,0.7651755213737488,-0.046043526381254196,0.5807105898857117,0.689188539981842,-0.06640275567770004,0.5614920258522034,0.639995276927948,-0.08017627894878387,0.5497291684150696,0.5950841307640076,-0.09231439977884293,0.6176336407661438,0.803318202495575,-0.06160033494234085,0.5876617431640625,0.7368435859680176,-0.08464989811182022,0.5688549876213074,0.6945052742958069,-0.10038644075393677,0.5580520629882812,0.6562235355377197,-0.11312276124954224,0.6139829158782959,0.8552396297454834,-0.07525552809238434,0.587929904460907,0.8328486680984497,-0.10113207995891571,0.5678669214248657,0.8106553554534912,-0.11568185687065125,0.5527548789978027,0.7847618460655212,-0.12668921053409576
16,right,0.42024070024490356,0.9247606992721558,2.2416027434246644e-07,0.45913222432136536,0.8605223894119263,0.007639026269316673,0.4871370792388916,0.7954500317573547,0.004079170059412718,0.5102759599685669,0.7534466981887817,-0.0032405464444309473,0.5257211327552795,0.7190892100334167,-0.012356280349195004,0.4726150929927826,0.7608522176742554,-0.02213466167449951,0.4991987347602844,0.6768221259117126,-0.04480171948671341,0.5157140493392944,0.6226107478141785,-0.05906212702393532,0.5280990600585938,0.5778508186340332,-0.06836815923452377,0.47060343623161316,0.777925431728363,-0.040993861854076385,0.5019226670265198,0.6898261308670044,-0.06385936588048935,0.5224751830101013,0.6325135231018066,-0.07918128371238708,0.5389528870582581,0.5863652229309082,-0.08894415944814682,0.4737754464149475,0.8125545978546143,-0.05839737504720688,0.5066822171211243,0.7377027273178101,-0.08096019923686981,0.5304049253463745,0.695772647857666,-0.09497521817684174,0.5502301454544067,0.6618995070457458,-0.10361498594284058,0.48287075757980347,0.8582614064216614,-0.07455773651599884,0.5058937072753906,0.8214980363845825,-0.09562012553215027,0.5255577564239502,0.7968860864639282,-0.10482519865036011,0.5467659831047058,0.7775683999061584,-0.11018340289592743
16,left,0.6364172697067261,0.9478889107704163,2.83529402622662e-07,0.577446699142456,0.8820787072181702,0.0031081922352313995,0.5600971579551697,0.8104590773582458,-0.003780921222642064,0.5625209808349609,0.7593610286712646,-0.011481729336082935,0.5597164034843445,0.7181950211524963,-0.021922780200839043,0.5887320041656494,0.7611901760101318,-0.02871551550924778,0.5718932151794434,0.6946903467178345,-0.05081544071435928,0.5556642413139343,0.6497642993927002,-0.06753665208816528,0.5442435145378113,0.6067310571670532,-0.08121078461408615,0.6044225096702576,0.7752916812896729,-0.04451603814959526,0.580619752407074,0.7028964757919312,-0.06561697274446487,0.5627008676528931,0.6525996327400208,-0.08122304826974869,0.5508179664611816,0.6043139696121216,-0.0951356366276741,0.6102383732795715,0.8109881281852722,-0.059265896677970886,0.5888380408287048,0.7423546314239502,-0.08157744258642197,0.5705857872962952,0.69987952709198,-0.09738905727863312,0.5592082142829895,0.6626728773117065,-0.11069700121879578,0.6042028069496155,0.8617775440216064,-0.07255927473306656,0.5858243107795715,0.8305116295814514,-0.0982927605509758,0.5696943402290344,0.8076989650726318,-0.11309290677309036,0.5570511221885681,0.7820729613304138,-0.12453067302703857
17,right,0.4257999062538147,0.9244266748428345,2.23579732505641e-07,0.4639265835285187,0.8583676815032959,0.00796664971858263,0.49161019921302795,0.7921962141990662,0.005256521515548229,0.514035165309906,0.7497384548187256,-0.0013520425418391824,0.5281751751899719,0.7154889702796936,-0.009662763215601444,0.47821691632270813,0.7600032687187195,-0.019116129726171494,0.5039675235748291,0.677221417427063,-0.040572259575128555,0.5200693607330322,0.6248460412025452,-0.05408313870429993,0.5323209762573242,0.5809847116470337,-0.06303243339061737,0.476057231426239,0.7774190306663513,-0.03791734203696251,0.5048993229866028,0.6909245252609253,-0.06008550897240639,0.5241475105285645,0.6342167258262634,-0.07497898489236832,0.5396462678909302,0.5870780348777771,-0.08434382826089859,0.4788671135902405,0.8125330209732056,-0.05548078194260597,0.5097401738166809,0.7400123476982117,-0.07821612805128098,0.5318872332572937,0.6980510950088501,-0.09221325814723969,0.5503563284873962,0.6622397303581238,-0.10049479454755783,0.48786741495132446,0.8590543866157532,-0.07175284624099731,0.5097018480300903,0.8219522833824158,-0.09313029795885086,0.5275222063064575,0.7963132262229919,-0.10235410183668137,0.5470232963562012,0.7743123173713684,-0.1075577437877655
17,left,0.6336942911148071,0.9488433599472046,2.9009444801886275e-07,0.5757116675376892,0.8878829479217529,0.0010850841645151377,0.557960033416748,0.8161609768867493,-0.0056756846606731415,0.5572922825813293,0.7630593180656433,-0.013125442899763584,0.5553858280181885,0.7223715782165527,-0.02305172197520733,0.5960695147514343,0.7626728415489197,-0.02361362613737583,0.5744249820709229,0.6909409165382385,-0.04460019990801811,0.5574483275413513,0.6436465382575989,-0.06124274060130119,0.5454036593437195,0.599777340888977,-0.07511859387159348,0.6099345684051514,0.7756369113922119,-0.03804721683263779,0.5786526203155518,0.6969313621520996,-0.056501202285289764,0.5613425374031067,0.6473944187164307,-0.07030975073575974,0.5493360757827759,0.5983732342720032,-0.0829286277294159,0.6121988892555237,0.8091596961021423,-0.05237909033894539,0.5844849944114685,0.7363065481185913,-0.07275180518627167,0.5697038769721985,0.6960445046424866,-0.08701320737600327,0.5609481334686279,0.6595889925956726,-0.09929453581571579,0.6026197671890259,0.8590006232261658,-0.0658390149474144,0.5855303406715393,0.8259192705154419,-0.09197735041379929,0.5708674192428589,0.8026178479194641,-0.107610322535038,0.5589408874511719,0.7760233283042908,-0.1194901242852211
18,right,0.432831346988678,0.9289023876190186,2.0319018290138047e-07,0.47447702288627625,0.8601665496826172,0.0088553037494421,0.4973814785480499,0.7924122214317322,0.0065727136097848415,0.5159042477607727,0.7467991709709167,-0.00012132558913435787,0.528107225894928,0.7086960077285767,-0.008796174079179764,0.4830551743507385,0.7606284022331238,-0.017148396000266075,0.5048480033874512,0.6782065629959106,-0.039611440151929855,0.5186867713928223,0.6237982511520386,-0.0543183796107769,0.5295571684837341,0.5778698325157166,-0.06430709362030029,0.48027488589286804,0.7766664028167725,-0.03676605969667435,0.5058608651161194,0.6918017864227295,-0.060506243258714676,0.5239263772964478,0.6338286399841309,-0.07675936818122864,0.5391757488250732,0.5848367810249329,-0.08741128444671631,0.4821717143058777,0.8100831508636475,-0.055369794368743896,0.5095837116241455,0.7367128133773804,-0.0791698470711708,0.5313614010810852,0.6931096911430359,-0.09390100836753845,0.5499429702758789,0.6562322378158569,-0.1029517725110054,0.48990175127983093,0.8547197580337524,-0.07273860275745392,0.5098108649253845,0.8152369856834412,-0.0951465517282486,0.5278933048248291,0.7874096035957336,-0.10560891777276993,0.5476681590080261,0.7640565633773804,-0.11196286231279373
18,left,0.6190887689590454,0.9032668471336365,6.322416368220729e-08,0.5922737717628479,0.8242664933204651,0.009537816047668457,0.575835108757019,0.7464261651039124,0.006751200649887323,0.5659340023994446,0.6866157650947571,0.0021769360173493624,0.5509881973266602,0.642485499382019,-0.00626195827499032,0.5891162753105164,0.7228010892868042,-0.025171328336000443,0.5635288953781128,0.6504839658737183,-0.044733453541994095,0.5470253229141235,0.6158945560455322,-0.05811512842774391,0.5380882024765015,0.5826733112335205,-0.06948797404766083,0.5964382290840149,0.7469387054443359,-0.04306940361857414,0.5696555376052856,0.6729910969734192,-0.0622921958565712,0.5535660982131958,0.6340155005455017,-0.07497870177030563,0.5458967089653015,0.5950158834457397,-0.08708348870277405,0.6002889275550842,0.7911871671676636,-0.05932417884469032,0.5774073600769043,0.7313187122344971,-0.07959378510713577,0.5616016387939453,0.695389449596405,-0.0929841622710228,0.555522084236145,0.6601440906524658,-0.10548432171344757,0.5982276201248169,0.8466649651527405,-0.07341069728136063,0.5804324746131897,0.8276779055595398,-0.09961044788360596,0.5666500329971313,0.8047451376914978,-0.11482630670070648,0.5571736693382263,0.7759574055671692,-0.1268998384475708
19,right,0.43050265312194824,0.9268448948860168,2.2283080625129514e-07,0.46346139907836914,0.8573057055473328,0.009047097526490688,0.4867972731590271,0.7877340316772461,0.006055615376681089,0.5072149038314819,0.7398236989974976,-0.0009159202454611659,0.5188173055648804,0.6996442675590515,-0.010126449167728424,0.47961533069610596,0.7615059018135071,-0.021948600187897682,0.503152072429657,0.6776109337806702,-0.044592373073101044,0.5174936056137085,0.6226637363433838,-0.05842040851712227,0.528882622718811,0.5768457651138306,-0.06766846030950546,0.47846704721450806,0.7788221836090088,-0.04139188677072525,0.5045995712280273,0.6905820369720459,-0.06509798765182495,0.5228312611579895,0.6311079263687134,-0.08024164289236069,0.5380308628082275,0.5808961391448975,-0.09014509618282318,0.48166224360466003,0.812846839427948,-0.05933261290192604,0.509455144405365,0.7356176376342773,-0.0827396959066391,0.5305275321006775,0.6900617480278015,-0.09647855162620544,0.5482757091522217,0.650865375995636,-0.10507042706012726,0.4901370108127594,0.858197033405304,-0.0758390799164772,0.5100268721580505,0.8177593350410461,-0.09855178743600845,0.5273821353912354,0.787764310836792,-0.10898082703351974,0.5464340448379517,0.7612724304199219,-0.115300752222538
19,left,0.6266286373138428,0.9444578886032104,2.27547971576314e-07,0.5729238390922546,0.8774583339691162,-1.1170558536832687e-05,0.5570059418678284,0.8036866188049316,-0.006193926557898521,0.5575605630874634,0.7472443580627441,-0.012419496662914753,0.5554086565971375,0.7039150595664978,-0.02087683230638504,0.5921486616134644,0.7640157341957092,-0.02635818161070347,0.5745072960853577,0.6902252435684204,-0.047203633934259415,0.5592250227928162,0.6439140439033508,-0.06302376836538315,0.5487943887710571,0.5998448133468628,-0.07603763788938522,0.6046923995018005,0.7784110903739929,-0.03983132913708687,0.5768696665763855,0.6939263343811035,-0.05866618826985359,0.5595515370368958,0.6416094899177551,-0.07206812500953674,0.5488064885139465,0.5908905267715454,-0.08421311527490616,0.6064285635948181,0.8114820122718811,-0.05304571986198425,0.5804445147514343,0.7322220802307129,-0.07281388342380524,0.5636535882949829,0.6877944469451904,-0.08692184090614319,0.5545265078544617,0.6484320759773254,-0.09911292046308517,0.596238911151886,0.8576549887657166,-0.06548385322093964,0.5811744332313538,0.8231601119041443,-0.09030897915363312,0.5676885843276978,0.7960917353630066,-0.10586411505937576,0.5573895573616028,0.7650317549705505,-0.1178768202662468
20,right,0.435105562210083,0.9215788841247559,2.064411717128678e-07,0.466709703207016,0.8513472080230713,0.009954827837646008,0.48751765489578247,0.7832295298576355,0.007923797704279423,0.5055717825889587,0.7367091774940491,0.0015457714907824993,0.517715334892273,0.7000319957733154,-0.006993979215621948,0.4804697632789612,0.7545359134674072,-0.01701042614877224,0.5028426051139832,0.6727602481842041,-0.03853380307555199,0.5162160992622375,0.6195866465568542,-0.05228627845644951,0.5269478559494019,0.5748069286346436,-0.06172175705432892,0.47975456714630127,0.7706412076950073,-0.03662384673953056,0.5038395524024963,0.6841650009155273,-0.05895164981484413,0.521475076675415,0.6270031332969666,-0.07417517900466919,0.5360713601112366,0.5781915783882141,-0.08427982032299042,0.4829421937465668,0.8040432333946228,-0.05501042306423187,0.5088399052619934,0.7282382845878601,-0.0779280737042427,0.5291968584060669,0.6849842071533203,-0.09240327030420303,0.5462157726287842,0.646614670753479,-0.10153323411941528,0.49134141206741333,0.8493034243583679,-0.07192008197307587,0.5097241401672363,0.8107778429985046,-0.09438173472881317,0.5258266925811768,0.7831660509109497,-0.10506227612495422,0.5437834858894348,0.7584571838378906,-0.1115880161523819
20,left,0,0,0,0,0,0,0,0,0,0,0,0,0,0,0,0,0,0,0,0,0,0,0,0,0,0,0,0,0,0,0,0,0,0,0,0,0,0,0,0,0,0,0,0,0,0,0,0,0,0,0,0,0,0,0,0,0,0,0,0,0,0,0
21,right,0.4343893527984619,0.9227991104125977,2.200089852522069e-07,0.4639923870563507,0.8504271507263184,0.008436102420091629,0.48490893840789795,0.7810370326042175,0.006129721645265818,0.503675103187561,0.732567548751831,-3.5312909858475905e-06,0.5151740312576294,0.6933757662773132,-0.007930750958621502,0.4815305173397064,0.7579209208488464,-0.0187895018607378,0.5036245584487915,0.6745414137840271,-0.040193572640419006,0.5171194672584534,0.6203203201293945,-0.05323472246527672,0.5275970697402954,0.5752093195915222,-0.06190053001046181,0.4800373911857605,0.7736075520515442,-0.03728513419628143,0.5035680532455444,0.6862804889678955,-0.060155756771564484,0.5204695463180542,0.6267157196998596,-0.07497197389602661,0.534579336643219,0.5765981078147888,-0.08445940911769867,0.4828808009624481,0.8064481019973755,-0.05448385328054428,0.5085915923118591,0.7300873398780823,-0.07712717354297638,0.5288435220718384,0.686082661151886,-0.0905497595667839,0.5463486909866333,0.6485490202903748,-0.09866199642419815,0.49098488688468933,0.8508976697921753,-0.07040300965309143,0.509643018245697,0.811455488204956,-0.0924118310213089,0.5261537432670593,0.7822536826133728,-0.10261012613773346,0.5444982051849365,0.7560150623321533,-0.10854016244411469
21,left,0,0,0,0,0,0,0,0,0,0,0,0,0,0,0,0,0,0,0,0,0,0,0,0,0,0,0,0,0,0,0,0,0,0,0,0,0,0,0,0,0,0,0,0,0,0,0,0,0,0,0,0,0,0,0,0,0,0,0,0,0,0,0
22,right,0.4343108534812927,0.9261294603347778,2.0085836638372712e-07,0.46262797713279724,0.8546207547187805,0.00980232935398817,0.48386722803115845,0.7861289381980896,0.008496704511344433,0.5030832290649414,0.738398551940918,0.0030555138364434242,0.5144777297973633,0.6997336149215698,-0.004220672883093357,0.47993093729019165,0.7612611651420593,-0.015678036957979202,0.502124547958374,0.6769652366638184,-0.035538576543331146,0.5154584646224976,0.6222836375236511,-0.04757073521614075,0.525815486907959,0.5772466659545898,-0.05555989593267441,0.47965723276138306,0.7760722637176514,-0.034409742802381516,0.5041858553886414,0.6875747442245483,-0.05488838255405426,0.5208399295806885,0.6282557249069214,-0.06833972036838531,0.5347817540168762,0.5784769654273987,-0.07701270282268524,0.48349279165267944,0.8075680732727051,-0.05189792439341545,0.5100589394569397,0.7298767566680908,-0.07242748886346817,0.5296671986579895,0.6851286292076111,-0.08501593768596649,0.5464380979537964,0.647092342376709,-0.09294209629297256,0.49239030480384827,0.850501298904419,-0.0680953860282898,0.5107074975967407,0.8112080097198486,-0.08839195221662521,0.5261818170547485,0.7826487421989441,-0.09772796928882599,0.5437723398208618,0.757310688495636,-0.10325594246387482
22,left,0,0,0,0,0,0,0,0,0,0,0,0,0,0,0,0,0,0,0,0,0,0,0,0,0,0,0,0,0,0,0,0,0,0,0,0,0,0,0,0,0,0,0,0,0,0,0,0,0,0,0,0,0,0,0,0,0,0,0,0,0,0,0
23,right,0.43318837881088257,0.9232032895088196,2.245404289169528e-07,0.46618661284446716,0.85188227891922,0.008703718893229961,0.48791787028312683,0.7820782661437988,0.005673296749591827,0.5056830644607544,0.7330617904663086,-0.0011765577364712954,0.5161141753196716,0.6922827363014221,-0.010222969576716423,0.4813079237937927,0.7587020993232727,-0.0228225477039814,0.5028448104858398,0.6756669282913208,-0.045528657734394073,0.5163578391075134,0.6215851306915283,-0.059322066605091095,0.5277536511421204,0.5765290260314941,-0.06858435273170471,0.4793489873409271,0.7757829427719116,-0.042041976004838943,0.5028427243232727,0.6882389187812805,-0.06599098443984985,0.5200701355934143,0.6290463209152222,-0.08123812824487686,0.5350344777107239,0.5789012312889099,-0.09130799025297165,0.48188668489456177,0.8095889687538147,-0.059740353375673294,0.5077030658721924,0.7330906391143799,-0.08345602452754974,0.527936577796936,0.688141942024231,-0.09740963578224182,0.545367956161499,0.6493862867355347,-0.10614804178476334,0.49009716510772705,0.8546547889709473,-0.07601191103458405,0.5081775188446045,0.814075767993927,-0.09929179400205612,0.5246706008911133,0.7838127017021179,-0.11025311797857285,0.5430192947387695,0.7570878863334656,-0.11691975593566895
23,left,0,0,0,0,0,0,0,0,0,0,0,0,0,0,0,0,0,0,0,0,0,0,0,0,0,0,0,0,0,0,0,0,0,0,0,0,0,0,0,0,0,0,0,0,0,0,0,0,0,0,0,0,0,0,0,0,0,0,0,0,0,0,0
24,right,0.43498367071151733,0.9245856404304504,2.0320045734933956e-07,0.469139963388443,0.8560730814933777,0.008776339702308178,0.49041667580604553,0.7889283299446106,0.006605253554880619,0.5080551505088806,0.7423868179321289,0.00041625156882219017,0.5186938047409058,0.7046235799789429,-0.007704690098762512,0.48107171058654785,0.7596732974052429,-0.018147941678762436,0.5029245615005493,0.6762721538543701,-0.03910283371806145,0.5161831378936768,0.6220351457595825,-0.052059102803468704,0.526928186416626,0.5768895149230957,-0.06079213321208954,0.47992298007011414,0.7760488390922546,-0.036919090896844864,0.5039988160133362,0.6884742975234985,-0.05894337594509125,0.5211133360862732,0.6298418641090393,-0.07347599416971207,0.5357163548469543,0.5804181694984436,-0.08290881663560867,0.48324713110923767,0.8095309138298035,-0.05443371459841728,0.5092725157737732,0.7329079508781433,-0.07649575173854828,0.5291459560394287,0.6886152029037476,-0.08971128612756729,0.5460724234580994,0.6506034135818481,-0.0978858545422554,0.4919537901878357,0.8540706634521484,-0.07066480815410614,0.5085160732269287,0.8137537240982056,-0.09218767285346985,0.5242317914962769,0.7841756939888,-0.10198824852705002,0.5421851873397827,0.7581822872161865,-0.10777855664491653
24,left,0,0,0,0,0,0,0,0,0,0,0,0,0,0,0,0,0,0,0,0,0,0,0,0,0,0,0,0,0,0,0,0,0,0,0,0,0,0,0,0,0,0,0,0,0,0,0,0,0,0,0,0,0,0,0,0,0,0,0,0,0,0,0
25,right,0.433662086725235,0.9271862506866455,2.0077504814253189e-07,0.4644879698753357,0.8557121753692627,0.007859477773308754,0.4865471124649048,0.7862474322319031,0.0054658218286931515,0.5050233602523804,0.7371692061424255,-0.0007584147970192134,0.5167397856712341,0.6977033615112305,-0.008728873915970325,0.4815960228443146,0.7633691430091858,-0.017872191965579987,0.5033029913902283,0.680154025554657,-0.038983553647994995,0.5170921087265015,0.625895082950592,-0.05203261971473694,0.5279857516288757,0.5809792280197144,-0.0606139600276947,0.48077720403671265,0.7789713144302368,-0.03584437444806099,0.5040927529335022,0.6921023726463318,-0.0577409453690052,0.5212997198104858,0.6335465312004089,-0.07177145034074783,0.5358071327209473,0.5847314596176147,-0.08067498356103897,0.4844230115413666,0.8116416335105896,-0.052733100950717926,0.5096256136894226,0.7367219924926758,-0.07445869594812393,0.5298449397087097,0.6932834386825562,-0.08702042698860168,0.5467819571495056,0.6566399335861206,-0.09453384578227997,0.49346473813056946,0.8557762503623962,-0.06849892437458038,0.5106425285339355,0.8149780035018921,-0.0893317237496376,0.5264371037483215,0.7851663827896118,-0.09861724823713303,0.5441278219223022,0.7589259147644043,-0.10392318665981293
25,left,0,0,0,0,0,0,0,0,0,0,0,0,0,0,0,0,0,0,0,0,0,0,0,0,0,0,0,0,0,0,0,0,0,0,0,0,0,0,0,0,0,0,0,0,0,0,0,0,0,0,0,0,0,0,0,0,0,0,0,0,0,0,0
26,right,0.4313460886478424,0.9320074319839478,2.2261326648731483e-07,0.4686321020126343,0.8614499568939209,0.006643981207162142,0.49355071783065796,0.7917594909667969,0.002763340948149562,0.5136613249778748,0.7428242564201355,-0.004741146694868803,0.5252400636672974,0.7021490931510925,-0.014165930449962616,0.4815037250518799,0.7676538228988647,-0.023970969021320343,0.5046200752258301,0.6853163242340088,-0.047959767282009125,0.5193281769752502,0.630924642086029,-0.06264803558588028,0.5313676595687866,0.585271954536438,-0.07228977978229523,0.47866058349609375,0.7854354977607727,-0.04270350933074951,0.5040341019630432,0.6985897421836853,-0.06821123510599136,0.5226046442985535,0.6398601531982422,-0.08405238389968872,0.5390236973762512,0.5909383296966553,-0.09392080456018448,0.48133355379104614,0.8204476833343506,-0.06020817533135414,0.5074147582054138,0.7462278008460999,-0.08543988317251205,0.5288636088371277,0.7007862329483032,-0.09967374801635742,0.5480302572250366,0.6626889705657959,-0.1078735888004303,0.4904366731643677,0.8666740655899048,-0.07652361690998077,0.5083727836608887,0.8245193958282471,-0.10031979531049728,0.5258046984672546,0.7953583002090454,-0.11088799685239792,0.545703649520874,0.7708473205566406,-0.1168714389204979
26,left,0,0,0,0,0,0,0,0,0,0,0,0,0,0,0,0,0,0,0,0,0,0,0,0,0,0,0,0,0,0,0,0,0,0,0,0,0,0,0,0,0,0,0,0,0,0,0,0,0,0,0,0,0,0,0,0,0,0,0,0,0,0,0
27,right,0.4302295744419098,0.9342467784881592,2.2954316136747366e-07,0.4667014181613922,0.8656845092773438,0.006196464411914349,0.4920162260532379,0.7976049780845642,0.002130146138370037,0.5127021074295044,0.7507694959640503,-0.005434151738882065,0.5252465009689331,0.7125632762908936,-0.014861746691167355,0.4805251955986023,0.7714662551879883,-0.024267615750432014,0.5039708614349365,0.6882592439651489,-0.04818151146173477,0.5191265344619751,0.6341039538383484,-0.06310522556304932,0.5314944982528687,0.5888298153877258,-0.07292421907186508,0.47839075326919556,0.7887908816337585,-0.04268290847539902,0.5051995515823364,0.7019269466400146,-0.067987360060215,0.5238314270973206,0.6432754397392273,-0.08413904160261154,0.539944052696228,0.5946351289749146,-0.09423938393592834,0.48158127069473267,0.8231193423271179,-0.059836044907569885,0.5085707902908325,0.7500975728034973,-0.08465741574764252,0.5293967723846436,0.7050557136535645,-0.09913630783557892,0.5475825071334839,0.6673295497894287,-0.10766955465078354,0.4909226596355438,0.8686054944992065,-0.0758495107293129,0.5095342993736267,0.8288412690162659,-0.09920381754636765,0.5269763469696045,0.8016043901443481,-0.10964507609605789,0.5469680428504944,0.7789430022239685,-0.11561300605535507
27,left,0,0,0,0,0,0,0,0,0,0,0,0,0,0,0,0,0,0,0,0,0,0,0,0,0,0,0,0,0,0,0,0,0,0,0,0,0,0,0,0,0,0,0,0,0,0,0,0,0,0,0,0,0,0,0,0,0,0,0,0,0,0,0
28,right,0.4260508418083191,0.9358333945274353,2.3643917756999144e-07,0.4655292332172394,0.8677866458892822,0.0054503558203577995,0.49224770069122314,0.8005568981170654,0.0008437105570919812,0.5132023692131042,0.753393828868866,-0.006965458858758211,0.526195764541626,0.7141159772872925,-0.016596408560872078,0.47957494854927063,0.7749523520469666,-0.026651110500097275,0.5030779242515564,0.690792441368103,-0.05117389187216759,0.5176604390144348,0.6359995007514954,-0.06625881046056747,0.5291603803634644,0.5901665687561035,-0.07599839568138123,0.47631144523620605,0.7935357689857483,-0.04494008794426918,0.5040377974510193,0.7043579816818237,-0.07019723951816559,0.522663950920105,0.6465229392051697,-0.08570461720228195,0.5381317138671875,0.5996342897415161,-0.09514329582452774,0.4786672592163086,0.8292378783226013,-0.0618835873901844,0.5070555210113525,0.754481315612793,-0.08651789277791977,0.5284765958786011,0.7107996344566345,-0.10027599334716797,0.5468897819519043,0.6748867630958557,-0.10821183770895004,0.48719730973243713,0.8757919669151306,-0.07772941142320633,0.5072969794273376,0.8380973935127258,-0.10043074190616608,0.5248535871505737,0.8107953071594238,-0.11008815467357635,0.5444268584251404,0.7881309986114502,-0.1154676005244255
28,left,0,0,0,0,0,0,0,0,0,0,0,0,0,0,0,0,0,0,0,0,0,0,0,0,0,0,0,0,0,0,0,0,0,0,0,0,0,0,0,0,0,0,0,0,0,0,0,0,0,0,0,0,0,0,0,0,0,0,0,0,0,0,0
29,right,0.42995357513427734,0.9373977184295654,2.2764768914385058e-07,0.4677024185657501,0.8696571588516235,0.006739540491253138,0.4920468330383301,0.8022953271865845,0.0025644772686064243,0.511228621006012,0.7548586130142212,-0.004928505048155785,0.5228840112686157,0.7159225940704346,-0.01420600526034832,0.47932589054107666,0.7738603949546814,-0.025648215785622597,0.5015270709991455,0.6892815828323364,-0.05019582062959671,0.5162214636802673,0.6350980997085571,-0.06550617516040802,0.5283468961715698,0.5895389318466187,-0.07556623220443726,0.47622811794281006,0.7920944690704346,-0.04425295069813728,0.5036889910697937,0.7029810547828674,-0.07025369256734848,0.5222035050392151,0.6456561088562012,-0.08654960244894028,0.5372474789619446,0.5992358326911926,-0.0966929942369461,0.4785516560077667,0.82729172706604,-0.061344798654317856,0.506188690662384,0.7549786567687988,-0.0865410640835762,0.5268580317497253,0.7103832960128784,-0.10120458900928497,0.5444210767745972,0.6734386086463928,-0.10989836603403091,0.48718446493148804,0.8727579116821289,-0.07718182355165482,0.5079029202461243,0.8354430198669434,-0.10076059401035309,0.525795042514801,0.8088903427124023,-0.11140038073062897,0.5453680753707886,0.7862113118171692,-0.11757031828165054
29,left,0,0,0,0,0,0,0,0,0,0,0,0,0,0,0,0,0,0,0,0,0,0,0,0,0,0,0,0,0,0,0,0,0,0,0,0,0,0,0,0,0,0,0,0,0,0,0,0,0,0,0,0,0,0,0,0,0,0,0,0,0,0,0
30,right,0.42745792865753174,0.9363334774971008,2.496335582691245e-07,0.4655967652797699,0.8689603805541992,0.005183196160942316,0.4921634793281555,0.801693320274353,-0.0005494210054166615,0.5133092999458313,0.7553610801696777,-0.00924394465982914,0.526098370552063,0.718120813369751,-0.019751183688640594,0.47732505202293396,0.7757800817489624,-0.03069373220205307,0.5005701184272766,0.6909396648406982,-0.056081097573041916,0.5149523615837097,0.6367515325546265,-0.07146453857421875,0.5262378454208374,0.5917360186576843,-0.08145473897457123,0.4735785722732544,0.7953948378562927,-0.04924824461340904,0.5010904669761658,0.7057260274887085,-0.07612337917089462,0.5197574496269226,0.6484546661376953,-0.09222047030925751,0.5349406599998474,0.602689802646637,-0.10210836678743362,0.4760034680366516,0.8315574526786804,-0.06615211069583893,0.5032837390899658,0.7587356567382812,-0.09177114814519882,0.5248507857322693,0.7151030898094177,-0.10591325163841248,0.543189287185669,0.6788222193717957,-0.11422578990459442,0.4851525127887726,0.8778789639472961,-0.0818820521235466,0.5059975385665894,0.8401787281036377,-0.10470554977655411,0.523847222328186,0.8130086660385132,-0.11439122259616852,0.5434026122093201,0.7901918292045593,-0.12009698152542114
30,left,0,0,0,0,0,0,0,0,0,0,0,0,0,0,0,0,0,0,0,0,0,0,0,0,0,0,0,0,0,0,0,0,0,0,0,0,0,0,0,0,0,0,0,0,0,0,0,0,0,0,0,0,0,0,0,0,0,0,0,0,0,0,0
31,right,0.42315301299095154,0.9384046792984009,2.3543398697256634e-07,0.45829394459724426,0.8662064075469971,0.004587871488183737,0.4842665493488312,0.7957093715667725,-0.0012091071112081409,0.5036575198173523,0.7437886595726013,-0.009754559025168419,0.5152033567428589,0.7018238306045532,-0.02018740586936474,0.4732019007205963,0.778508186340332,-0.032054707407951355,0.49593451619148254,0.6927736401557922,-0.058544717729091644,0.5099441409111023,0.6367722749710083,-0.07435982674360275,0.5206024646759033,0.5896591544151306,-0.08454940468072891,0.47071701288223267,0.7984824180603027,-0.0502815768122673,0.4998122751712799,0.7092289924621582,-0.07784166187047958,0.5182177424430847,0.6518683433532715,-0.09340675175189972,0.5328563451766968,0.6058443188667297,-0.10276173800230026,0.4739631116390228,0.8351243138313293,-0.06708815693855286,0.503319501876831,0.7621477842330933,-0.09343525022268295,0.5247665047645569,0.7166061401367188,-0.10757911950349808,0.542840301990509,0.6792882680892944,-0.11569703370332718,0.4834788739681244,0.8821738362312317,-0.08277839422225952,0.5052035450935364,0.8432521224021912,-0.10716463625431061,0.5235435366630554,0.8146306276321411,-0.11804796755313873,0.543397843837738,0.7907623052597046,-0.12431127578020096
31,left,0.6050263047218323,0.8775818943977356,3.0759458979900955e-08,0.5942065119743347,0.7916074991226196,0.005382288247346878,0.5782855749130249,0.7086589932441711,0.003351545426994562,0.5672780871391296,0.6446303725242615,0.000668658351060003,0.5555563569068909,0.5988188982009888,-0.00572147686034441,0.5814018249511719,0.708282470703125,-0.02656332589685917,0.5551257133483887,0.6447901129722595,-0.042815618216991425,0.5398675799369812,0.6182659268379211,-0.053885068744421005,0.5311210751533508,0.5912194848060608,-0.06361870467662811,0.5874707698822021,0.7401321530342102,-0.041013892740011215,0.5636579394340515,0.6769251823425293,-0.05517533794045448,0.5483923554420471,0.6429623961448669,-0.06697485595941544,0.5399739742279053,0.6051633954048157,-0.07944561541080475,0.5929486155509949,0.7877976298332214,-0.0537601076066494,0.5729773044586182,0.745097815990448,-0.07158897072076797,0.5579528212547302,0.7113072872161865,-0.08607824891805649,0.5508538484573364,0.6726053357124329,-0.099946528673172,0.5945069789886475,0.8429275155067444,-0.0644240528345108,0.5760256052017212,0.8413357734680176,-0.08711718767881393,0.564027726650238,0.8262442946434021,-0.1002296656370163,0.5561401844024658,0.8026117086410522,-0.11162073165178299
32,right,0.4210689067840576,0.9407999515533447,2.3471496035654127e-07,0.45104992389678955,0.8704888820648193,0.0060205962508916855,0.4771886169910431,0.7992804050445557,0.00042270333506166935,0.49875882267951965,0.7480558753013611,-0.008090876042842865,0.512635350227356,0.7100921273231506,-0.018719537183642387,0.4673605263233185,0.7813432216644287,-0.03476317971944809,0.49094149470329285,0.6923182010650635,-0.06144799292087555,0.5065370202064514,0.6360377669334412,-0.07664728909730911,0.5183983445167542,0.589028537273407,-0.08623939752578735,0.4674912691116333,0.8022764921188354,-0.05366784334182739,0.496984601020813,0.7112403512001038,-0.08204786479473114,0.5171030759811401,0.6534767150878906,-0.09815352410078049,0.5327267050743103,0.6074447631835938,-0.10760937631130219,0.4738079309463501,0.8400365114212036,-0.07060342282056808,0.5046937465667725,0.7651749849319458,-0.09842116385698318,0.526836633682251,0.7189447283744812,-0.11416038125753403,0.5447428226470947,0.6806289553642273,-0.12293407320976257,0.48663952946662903,0.8873933553695679,-0.08591388911008835,0.5109847784042358,0.8477073907852173,-0.11124147474765778,0.5302073955535889,0.8193578124046326,-0.1227893978357315,0.5506018400192261,0.7957843542098999,-0.1292528510093689
32,left,0.5969261527061462,0.9357309341430664,9.065786343853688e-08,0.5514159798622131,0.8766467571258545,-0.0008254608255811036,0.5360524654388428,0.8044303059577942,-0.007374112959951162,0.5311012268066406,0.7522692680358887,-0.014228863641619682,0.5225900411605835,0.7066277861595154,-0.02383515238761902,0.5787110924720764,0.7562305927276611,-0.030942058190703392,0.5630541443824768,0.6916085481643677,-0.05218975991010666,0.547516942024231,0.6502627730369568,-0.06750709563493729,0.5361462831497192,0.611413300037384,-0.0800742357969284,0.597823441028595,0.7739543318748474,-0.045674730092287064,0.574002742767334,0.7051479816436768,-0.06326743960380554,0.5581607818603516,0.6588106751441956,-0.07569234818220139,0.5475210547447205,0.613386869430542,-0.08683475106954575,0.6085507273674011,0.8146911859512329,-0.060029782354831696,0.5850163102149963,0.7521698474884033,-0.08244217187166214,0.5681121945381165,0.7074474096298218,-0.09722889214754105,0.5570168495178223,0.667086660861969,-0.10881658643484116,0.6094544529914856,0.8695946335792542,-0.07315340638160706,0.5895540714263916,0.8433664441108704,-0.10033747553825378,0.5719276070594788,0.820334792137146,-0.11362429708242416,0.5582445859909058,0.7960799336433411,-0.12292075902223587
33,right,0.42209911346435547,0.9406431913375854,2.665041165528237e-07,0.4479883909225464,0.864305317401886,0.003807409666478634,0.474038302898407,0.7893387079238892,-0.0028882697224617004,0.49511396884918213,0.7337372899055481,-0.01161216851323843,0.5084229111671448,0.6921325922012329,-0.022396279498934746,0.4665029048919678,0.7787697315216064,-0.039672914892435074,0.4901374578475952,0.6889721751213074,-0.06692918390035629,0.5072119832038879,0.6340999007225037,-0.08229059725999832,0.520582377910614,0.5881220698356628,-0.09203018993139267,0.4676855802536011,0.8027350902557373,-0.05712326243519783,0.4988764226436615,0.7150287628173828,-0.0856478363275528,0.5200202465057373,0.6596295237541199,-0.1013045534491539,0.5366551876068115,0.6157512068748474,-0.11088865250349045,0.47458040714263916,0.8425434231758118,-0.07253282517194748,0.507574737071991,0.7694321870803833,-0.09973383694887161,0.5302870869636536,0.7211014628410339,-0.11529771983623505,0.5485708713531494,0.6814966201782227,-0.12459342181682587,0.48727935552597046,0.8915112614631653,-0.08643864095211029,0.5149972438812256,0.851114809513092,-0.11183711141347885,0.5356917381286621,0.8220049738883972,-0.12390293926000595,0.5569769740104675,0.798435389995575,-0.13098588585853577
33,left,0.6157646179199219,0.9617165327072144,4.8688669096463855e-08,0.563397228717804,0.9108209013938904,-0.002275740262120962,0.5399749875068665,0.8480978012084961,-0.006755957845598459,0.5288994312286377,0.8030009269714355,-0.012230657041072845,0.5182220339775085,0.7625192999839783,-0.01918873004615307,0.5811007618904114,0.77764892578125,-0.014617091976106167,0.5719351768493652,0.7182438373565674,-0.03078898973762989,0.5613093972206116,0.6767988204956055,-0.04524439573287964,0.5520327091217041,0.6412500739097595,-0.057609353214502335,0.5986698865890503,0.7898585796356201,-0.027884744107723236,0.5821656584739685,0.7189862728118896,-0.04175928980112076,0.5692771077156067,0.671973466873169,-0.054776180535554886,0.5585830807685852,0.6313871741294861,-0.06565367430448532,0.6098723411560059,0.8237762451171875,-0.041940052062273026,0.593451738357544,0.7560339570045471,-0.06035773456096649,0.5805541276931763,0.7137561440467834,-0.07536617666482925,0.570966899394989,0.6779217720031738,-0.08688604831695557,0.6124273538589478,0.8722550272941589,-0.05560610070824623,0.5953560471534729,0.8434152603149414,-0.08022122085094452,0.5780165195465088,0.8182122707366943,-0.0940183475613594,0.5642585754394531,0.793648362159729,-0.10317093878984451
34,right,0.42178842425346375,0.9389808773994446,2.568233412603149e-07,0.45208945870399475,0.8654624223709106,0.004750009626150131,0.4800642430782318,0.7941604852676392,-0.0018354366766288877,0.5030756592750549,0.7430380582809448,-0.01098701823502779,0.5173315405845642,0.7048124074935913,-0.022012785077095032,0.47057202458381653,0.7786226272583008,-0.03641385957598686,0.4943695068359375,0.6909672617912292,-0.06330098956823349,0.5113102793693542,0.6372102499008179,-0.07871481031179428,0.5244698524475098,0.592632532119751,-0.08836480230093002,0.4704085886478424,0.8010421991348267,-0.05466996505856514,0.5000603199005127,0.7120947241783142,-0.08266132324934006,0.5219809412956238,0.6569201946258545,-0.09865405410528183,0.5394691228866577,0.6136794090270996,-0.10822990536689758,0.4766864478588104,0.839529275894165,-0.07101280242204666,0.5067582130432129,0.7678601741790771,-0.09842100739479065,0.5299075841903687,0.7228068709373474,-0.11415813863277435,0.5487476587295532,0.6858678460121155,-0.12310165911912918,0.48970696330070496,0.887686014175415,-0.0858364924788475,0.5157371759414673,0.8498920798301697,-0.11025025695562363,0.5350517630577087,0.8228015899658203,-0.121296726167202,0.5549362897872925,0.8005883693695068,-0.12760049104690552
34,left,0.6123710870742798,0.8983939290046692,-7.066391560783813e-08,0.6009793877601624,0.8074828386306763,0.0033001028932631016,0.5885136127471924,0.7239180207252502,-0.002078932709991932,0.5794084072113037,0.6619303226470947,-0.008724717423319817,0.5643003582954407,0.6155555844306946,-0.018655870109796524,0.5957396626472473,0.7169920802116394,-0.031083768233656883,0.5649230480194092,0.6518704891204834,-0.052931737154722214,0.5459395051002502,0.6239835619926453,-0.0681459903717041,0.53422611951828,0.5950008630752563,-0.08077319711446762,0.6021305918693542,0.749050498008728,-0.04809756204485893,0.5723572969436646,0.6877316832542419,-0.06847652047872543,0.5530760884284973,0.653559148311615,-0.08171138912439346,0.5409281253814697,0.6169302463531494,-0.09426677972078323,0.6061051487922668,0.7992449402809143,-0.06434498727321625,0.5840429067611694,0.7514411807060242,-0.08798763155937195,0.5657249093055725,0.7158306837081909,-0.10316891223192215,0.554194450378418,0.6778656244277954,-0.11655314266681671,0.6063977479934692,0.8583383560180664,-0.07896990329027176,0.5887019038200378,0.8491388559341431,-0.10731907188892365,0.5712887644767761,0.8293238878250122,-0.12226304411888123,0.5570276975631714,0.8029778599739075,-0.13408362865447998
35,right,0.42474067211151123,0.9367020130157471,2.6413530918034667e-07,0.45949622988700867,0.8665972948074341,0.004874465987086296,0.4855821430683136,0.7977805733680725,-0.00015087699284777045,0.5069155097007751,0.74831622838974,-0.008234829641878605,0.5207298398017883,0.7083874940872192,-0.017900733277201653,0.47525647282600403,0.7736282348632812,-0.026258129626512527,0.5002526044845581,0.6907778382301331,-0.051481056958436966,0.5161188840866089,0.6366698741912842,-0.06728240847587585,0.5285860896110535,0.5908918380737305,-0.07762492448091507,0.47248679399490356,0.7912627458572388,-0.0439612939953804,0.5009966492652893,0.7051475644111633,-0.07034331560134888,0.5208451747894287,0.648777961730957,-0.08669687807559967,0.5367476344108582,0.6028231978416443,-0.09680777788162231,0.4749118685722351,0.8266855478286743,-0.06037912890315056,0.5034163594245911,0.7558884620666504,-0.08603210002183914,0.5270411372184753,0.7138082981109619,-0.10026834160089493,0.5470377206802368,0.6788134574890137,-0.10844876617193222,0.483512282371521,0.8736895322799683,-0.07572386413812637,0.5067408680915833,0.838976263999939,-0.09927485138177872,0.5266014933586121,0.813702404499054,-0.10950975865125656,0.5473118424415588,0.7916794419288635,-0.11526250094175339
35,left,0.616438090801239,0.9518371820449829,8.111574345548433e-08,0.5650866031646729,0.8852987289428711,-0.00043558076140470803,0.55244380235672,0.8108483552932739,-0.006931652314960957,0.5521705150604248,0.7579711675643921,-0.013814294710755348,0.5486972332000732,0.7166016101837158,-0.023368269205093384,0.5935526490211487,0.7653259038925171,-0.030235065147280693,0.5763997435569763,0.6984427571296692,-0.04991273581981659,0.5591557621955872,0.6547773480415344,-0.06476113945245743,0.5440682172775269,0.6147729158401489,-0.07732261717319489,0.6088222861289978,0.7849181294441223,-0.04550647363066673,0.5849001407623291,0.709356427192688,-0.06299042701721191,0.5657363533973694,0.6594883799552917,-0.07674326002597809,0.5493192076683044,0.6148020029067993,-0.08936093747615814,0.6140411496162415,0.8251193165779114,-0.06003144755959511,0.5906120538711548,0.7547334432601929,-0.08054744452238083,0.5746408700942993,0.7102864980697632,-0.09592035412788391,0.5627703070640564,0.6710667610168457,-0.10888338834047318,0.607043981552124,0.8786993026733398,-0.07351633161306381,0.5861241221427917,0.8482576012611389,-0.09810137003660202,0.5693281888961792,0.8250369429588318,-0.11110546439886093,0.5557000637054443,0.8014100193977356,-0.1210128664970398
36,right,0.42745518684387207,0.930542528629303,2.710592355015251e-07,0.46280255913734436,0.8626978993415833,0.007214502431452274,0.48916131258010864,0.798893392086029,0.002605350222438574,0.5121323466300964,0.7564797401428223,-0.00581652345135808,0.5261873602867126,0.7230167984962463,-0.016001438722014427,0.4765346050262451,0.7695034742355347,-0.022724252194166183,0.5025321245193481,0.6879506707191467,-0.046564873307943344,0.5193930864334106,0.6363417506217957,-0.061790551990270615,0.5334213972091675,0.5939794182777405,-0.07188163697719574,0.4735533595085144,0.7867096662521362,-0.04183318838477135,0.5012508034706116,0.700326144695282,-0.06662965565919876,0.5217880606651306,0.6442064642906189,-0.08291001617908478,0.5391204357147217,0.5988451242446899,-0.09320121258497238,0.4765526056289673,0.8209141492843628,-0.05961401015520096,0.5028027296066284,0.7499899864196777,-0.08414164930582047,0.5250107645988464,0.7082045078277588,-0.09898556023836136,0.5441969037055969,0.6734729409217834,-0.10798655450344086,0.48678502440452576,0.8664671182632446,-0.07614560425281525,0.5063759684562683,0.8323559761047363,-0.09847880899906158,0.522585928440094,0.807686984539032,-0.10828368365764618,0.5405926704406738,0.7864869236946106,-0.11414503306150436
36,left,0.618232250213623,0.9135016202926636,3.762814060337405e-08,0.596759557723999,0.8205072283744812,0.003449311712756753,0.5801247358322144,0.7320494055747986,-0.004466618411242962,0.5716533660888672,0.6644247770309448,-0.013192002661526203,0.558495819568634,0.6131666302680969,-0.025981193408370018,0.6003623008728027,0.7353249192237854,-0.04226933419704437,0.5720855593681335,0.6631683707237244,-0.06600678712129593,0.5547336339950562,0.6266396641731262,-0.08168692886829376,0.5428204536437988,0.5900048613548279,-0.09485884755849838,0.6068238019943237,0.7663967609405518,-0.05972917750477791,0.5783611536026001,0.6997694373130798,-0.08491715043783188,0.5604944229125977,0.6604844331741333,-0.1014576256275177,0.5480313301086426,0.6195470690727234,-0.11722105741500854,0.6053865551948547,0.8138656616210938,-0.07513953000307083,0.582236647605896,0.7551215887069702,-0.10086820274591446,0.56423020362854,0.7143735885620117,-0.11912994086742401,0.5526543259620667,0.675049901008606,-0.1353491097688675,0.5962601900100708,0.8715798854827881,-0.08845440298318863,0.5788401365280151,0.8480511903762817,-0.11640296131372452,0.5638022422790527,0.8237245678901672,-0.13352961838245392,0.5505166053771973,0.795941948890686,-0.14805017411708832
