1,right,0.329711377620697,1.0638010501861572,5.518763828149531e-07,0.3707456588745117,1.0074970722198486,-0.008856887929141521,0.3954070508480072,0.9492366909980774,-0.024137411266565323,0.41555556654930115,0.9110274314880371,-0.04040922597050667,0.4334569573402405,0.8808886408805847,-0.05784085392951965,0.33501675724983215,0.9050008058547974,-0.04563186690211296,0.36764076352119446,0.8571398258209229,-0.08188923448324203,0.3996705710887909,0.8363028168678284,-0.10607104748487473,0.428477019071579,0.8253055214881897,-0.12134970724582672,0.31797006726264954,0.926916241645813,-0.059858907014131546,0.34744346141815186,0.8648473024368286,-0.09819411486387253,0.38440683484077454,0.8455005288124084,-0.11905799806118011,0.4185180068016052,0.8392062187194824,-0.13163404166698456,0.31304603815078735,0.9644449949264526,-0.07412385195493698,0.34631961584091187,0.9229340553283691,-0.1140114814043045,0.38787004351615906,0.9127193689346313,-0.1292773187160492,0.42411497235298157,0.9097171425819397,-0.13585740327835083,0.318294495344162,1.0110820531845093,-0.0880160853266716,0.35870295763015747,0.9958383440971375,-0.12176868319511414,0.3951166868209839,0.989004373550415,-0.13365311920642853,0.4267870783805847,0.9849663376808167,-0.13938413560390472
1,left,0,0,0,0,0,0,0,0,0,0,0,0,0,0,0,0,0,0,0,0,0,0,0,0,0,0,0,0,0,0,0,0,0,0,0,0,0,0,0,0,0,0,0,0,0,0,0,0,0,0,0,0,0,0,0,0,0,0,0,0,0,0,0
2,right,0.32959580421447754,1.073255181312561,4.732183356281894e-07,0.35940107703208923,1.018740177154541,-0.009167761541903019,0.38358739018440247,0.9700844287872314,-0.024032432585954666,0.4049447774887085,0.9433223605155945,-0.04005000740289688,0.42592164874076843,0.9273434281349182,-0.05808592215180397,0.3325177729129791,0.9345759749412537,-0.0351359061896801,0.3628690838813782,0.8882068395614624,-0.06409060209989548,0.3912612497806549,0.8688915967941284,-0.08469625562429428,0.41981250047683716,0.8583218455314636,-0.0981723815202713,0.3186357915401459,0.9590476155281067,-0.047252170741558075,0.3500942587852478,0.9067651629447937,-0.07470402121543884,0.38296768069267273,0.888042151927948,-0.09131216257810593,0.4142119288444519,0.8782505989074707,-0.10303749889135361,0.31074288487434387,0.9943117499351501,-0.05999094247817993,0.3379758894443512,0.9609251618385315,-0.08760542422533035,0.3691658079624176,0.9494184255599976,-0.09841886162757874,0.3962089419364929,0.9390020966529846,-0.10483767092227936,0.30692344903945923,1.0346620082855225,-0.07296187430620193,0.31780901551246643,1.0256097316741943,-0.09483705461025238,0.33173200488090515,1.019029140472412,-0.10141294449567795,0.344814270734787,1.0124143362045288,-0.10566478222608566
2,left,0,0,0,0,0,0,0,0,0,0,0,0,0,0,0,0,0,0,0,0,0,0,0,0,0,0,0,0,0,0,0,0,0,0,0,0,0,0,0,0,0,0,0,0,0,0,0,0,0,0,0,0,0,0,0,0,0,0,0,0,0,0,0
3,right,0.33232536911964417,0.9601173996925354,1.354123497776527e-07,0.36722731590270996,0.9323351383209229,-0.013533172197639942,0.39390432834625244,0.8999727964401245,-0.027030428871512413,0.4111543297767639,0.8714227080345154,-0.0398605614900589,0.42994940280914307,0.8510848879814148,-0.055194221436977386,0.34492504596710205,0.9105492830276489,-0.03994562849402428,0.365788996219635,0.9045071005821228,-0.06140967831015587,0.3891894817352295,0.8995862007141113,-0.07941938191652298,0.41426771879196167,0.8996934294700623,-0.09257181733846664,0.3223346173763275,0.9447587728500366,-0.046487316489219666,0.34290677309036255,0.9291028380393982,-0.06521783024072647,0.37099459767341614,0.9192681908607483,-0.07627613097429276,0.40012088418006897,0.9155632257461548,-0.08800116181373596,0.3081069886684418,0.9769566059112549,-0.05306929722428322,0.3303263783454895,0.9770700931549072,-0.07412917166948318,0.359159916639328,0.9754598736763,-0.07926327735185623,0.387683629989624,0.9743321537971497,-0.08421352505683899,0.3012680113315582,1.0075840950012207,-0.06037743389606476,0.3079981803894043,1.0154753923416138,-0.0754319503903389,0.32318344712257385,1.0189605951309204,-0.07572370022535324,0.33952414989471436,1.0221858024597168,-0.07788923382759094
3,left,0,0,0,0,0,0,0,0,0,0,0,0,0,0,0,0,0,0,0,0,0,0,0,0,0,0,0,0,0,0,0,0,0,0,0,0,0,0,0,0,0,0,0,0,0,0,0,0,0,0,0,0,0,0,0,0,0,0,0,0,0,0,0
4,right,0.37786656618118286,1.0637072324752808,2.722753151829238e-07,0.3947552442550659,0.9982283711433411,-0.00889596063643694,0.4044588804244995,0.9303598403930664,-0.02320609800517559,0.41064217686653137,0.8831906914710999,-0.03850670903921127,0.42064526677131653,0.8443711400032043,-0.05606994405388832,0.3425773084163666,0.9147374629974365,-0.03636084124445915,0.36326196789741516,0.8647177815437317,-0.06404409557580948,0.3878452777862549,0.8452963829040527,-0.08232056349515915,0.41254958510398865,0.8344191908836365,-0.09381666779518127,0.3275611400604248,0.9442859888076782,-0.04670111835002899,0.3534468114376068,0.8939180970191956,-0.0748501718044281,0.38576871156692505,0.8735123872756958,-0.0886944830417633,0.41632139682769775,0.8656880855560303,-0.09735002368688583,0.3225153088569641,0.9837499260902405,-0.05758313834667206,0.34019702672958374,0.9430865049362183,-0.08586302399635315,0.36981719732284546,0.9241436123847961,-0.09542795270681381,0.3970355987548828,0.9136114120483398,-0.0999704897403717,0.3251849412918091,1.0281410217285156,-0.06822025030851364,0.3383917510509491,1.0110112428665161,-0.09115680307149887,0.3581681251525879,0.9993308186531067,-0.09735804796218872,0.37743881344795227,0.9925445914268494,-0.10006246715784073
4,left,0,0,0,0,0,0,0,0,0,0,0,0,0,0,0,0,0,0,0,0,0,0,0,0,0,0,0,0,0,0,0,0,0,0,0,0,0,0,0,0,0,0,0,0,0,0,0,0,0,0,0,0,0,0,0,0,0,0,0,0,0,0,0
5,right,0,0,0,0,0,0,0,0,0,0,0,0,0,0,0,0,0,0,0,0,0,0,0,0,0,0,0,0,0,0,0,0,0,0,0,0,0,0,0,0,0,0,0,0,0,0,0,0,0,0,0,0,0,0,0,0,0,0,0,0,0,0,0
5,left,0,0,0,0,0,0,0,0,0,0,0,0,0,0,0,0,0,0,0,0,0,0,0,0,0,0,0,0,0,0,0,0,0,0,0,0,0,0,0,0,0,0,0,0,0,0,0,0,0,0,0,0,0,0,0,0,0,0,0,0,0,0,0
6,right,0,0,0,0,0,0,0,0,0,0,0,0,0,0,0,0,0,0,0,0,0,0,0,0,0,0,0,0,0,0,0,0,0,0,0,0,0,0,0,0,0,0,0,0,0,0,0,0,0,0,0,0,0,0,0,0,0,0,0,0,0,0,0
6,left,0,0,0,0,0,0,0,0,0,0,0,0,0,0,0,0,0,0,0,0,0,0,0,0,0,0,0,0,0,0,0,0,0,0,0,0,0,0,0,0,0,0,0,0,0,0,0,0,0,0,0,0,0,0,0,0,0,0,0,0,0,0,0
7,right,0.33768582344055176,0.9491145610809326,1.8074495233832977e-09,0.40520960092544556,0.8581203818321228,0.015674225986003876,0.43911212682724,0.7659562230110168,0.018308419734239578,0.45638221502304077,0.706400990486145,0.014473558403551579,0.4665181040763855,0.6552922129631042,0.010776829905807972,0.4015519618988037,0.6576244235038757,0.013084018602967262,0.42645150423049927,0.5541358590126038,0.0021680130157619715,0.4348258972167969,0.5106337070465088,-0.010801556520164013,0.43130069971084595,0.47496962547302246,-0.021470725536346436,0.3872458040714264,0.6817724704742432,-0.00712621258571744,0.4245237708091736,0.5878177285194397,-0.01258863229304552,0.43484941124916077,0.5584672093391418,-0.02408330701291561,0.43355289101600647,0.5284392237663269,-0.03566105663776398,0.37962132692337036,0.7253433465957642,-0.027471093460917473,0.4194299578666687,0.6532187461853027,-0.03317407891154289,0.43500766158103943,0.6319228410720825,-0.03853455185890198,0.43993955850601196,0.6110278367996216,-0.04644923284649849,0.38273730874061584,0.7787599563598633,-0.047263022512197495,0.4167371094226837,0.7494474053382874,-0.04975983127951622,0.435002863407135,0.742844820022583,-0.04641563445329666,0.4456231892108917,0.7410145998001099,-0.04617701470851898
7,left,0.6027414798736572,0.9301745891571045,2.8786701022909256e-07,0.5301473140716553,0.8596003651618958,0.0010044932132586837,0.5105830430984497,0.7893169522285461,-0.009115972556173801,0.5098162293434143,0.7387195229530334,-0.02089446224272251,0.5117286443710327,0.7013700604438782,-0.03565967455506325,0.553489625453949,0.7333152890205383,-0.0328567773103714,0.5296298265457153,0.6550047397613525,-0.05730767175555229,0.5115557909011841,0.6061289310455322,-0.0744023397564888,0.4972088634967804,0.5606634020805359,-0.08756472170352936,0.5701119303703308,0.7479863166809082,-0.04938249662518501,0.5363287329673767,0.6594577431678772,-0.07327669858932495,0.5160550475120544,0.6053330898284912,-0.08964718878269196,0.5003581047058105,0.5582921504974365,-0.10368796437978745,0.5747905969619751,0.7825354337692261,-0.0649385005235672,0.5397166013717651,0.7070826888084412,-0.08835694938898087,0.5190088748931885,0.6635199189186096,-0.1022983267903328,0.5051494836807251,0.625978946685791,-0.1137721836566925,0.5654565691947937,0.8328151106834412,-0.07967854291200638,0.5378645658493042,0.7945939302444458,-0.10143516212701797,0.5193424224853516,0.7672383189201355,-0.11251132935285568,0.506881058216095,0.7388625144958496,-0.12180764228105545
8,right,0.34416258335113525,0.9143626689910889,1.9019337571535289e-07,0.39889541268348694,0.830333948135376,0.020658887922763824,0.4184919595718384,0.7486657500267029,0.023457840085029602,0.42778271436691284,0.6953403949737549,0.018440578132867813,0.43597182631492615,0.6528224945068359,0.013280093669891357,0.3888222277164459,0.6651794910430908,0.02135366201400757,0.41633668541908264,0.5674942135810852,0.014727397821843624,0.4265923798084259,0.5206769704818726,0.005686130374670029,0.4279699921607971,0.48152580857276917,-0.0022807158529758453,0.37758272886276245,0.6808590888977051,-0.0003095175779890269,0.4146641790866852,0.5758025646209717,-0.0048097833059728146,0.42531996965408325,0.5281476378440857,-0.014094720594584942,0.42997634410858154,0.4866127371788025,-0.02318165823817253,0.37544652819633484,0.7124948501586914,-0.021927226334810257,0.4141986668109894,0.6228973269462585,-0.02503550611436367,0.4278325140476227,0.576359748840332,-0.029647845774888992,0.4371436536312103,0.5365933179855347,-0.03712741658091545,0.3874267339706421,0.7570755481719971,-0.04281460866332054,0.42362749576568604,0.7145475149154663,-0.04388750344514847,0.4422766864299774,0.6883739829063416,-0.04177040234208107,0.4570634961128235,0.6652725338935852,-0.04266157001256943
8,left,0.586606502532959,0.9008608460426331,4.1620327806413115e-07,0.5163338780403137,0.8292322158813477,0.0016353791579604149,0.49504363536834717,0.7553734183311462,-0.006744669750332832,0.4891965985298157,0.6978808641433716,-0.01676962897181511,0.4855785071849823,0.653401792049408,-0.029177973046898842,0.5359823107719421,0.7095157504081726,-0.02694728970527649,0.5157390236854553,0.6318484544754028,-0.05130781605839729,0.49743926525115967,0.5774291753768921,-0.06934274733066559,0.4833315312862396,0.5283243656158447,-0.08336620032787323,0.5520972013473511,0.722272515296936,-0.04332127794623375,0.5203030109405518,0.6321985721588135,-0.06572110205888748,0.5001952052116394,0.575879693031311,-0.08166386932134628,0.4851185381412506,0.5226542949676514,-0.09516112506389618,0.5580047369003296,0.7530155181884766,-0.05901302397251129,0.5260921716690063,0.6752180457115173,-0.08097882568836212,0.5062458515167236,0.6294203996658325,-0.0925435870885849,0.4923763871192932,0.5865819454193115,-0.10252112150192261,0.5512409806251526,0.7999566197395325,-0.07412053644657135,0.5287889838218689,0.7599156498908997,-0.0950222909450531,0.5111047625541687,0.731773316860199,-0.10413194447755814,0.4967944025993347,0.7010585069656372,-0.1118837371468544
9,right,0.3466321527957916,0.8699032068252563,2.4045033342190436e-07,0.4082375764846802,0.7925668954849243,0.02111142873764038,0.4255818724632263,0.7209457755088806,0.026197992265224457,0.4344341456890106,0.6742857098579407,0.02312709018588066,0.4414719343185425,0.6334903240203857,0.018731223419308662,0.39017054438591003,0.6477947235107422,0.017199216410517693,0.40972810983657837,0.5598167181015015,0.007160858251154423,0.42360714077949524,0.5064751505851746,-0.0033577261492609978,0.43389979004859924,0.46238869428634644,-0.012642435729503632,0.3787773847579956,0.6572914123535156,-0.005894946865737438,0.40431857109069824,0.5561549663543701,-0.016122566536068916,0.4209359586238861,0.49773597717285156,-0.029008353129029274,0.4343455135822296,0.44808998703956604,-0.04018593207001686,0.37723472714424133,0.6825218796730042,-0.028777621686458588,0.4058523178100586,0.5892468094825745,-0.03978906199336052,0.4242646098136902,0.5363816022872925,-0.052501220256090164,0.438432514667511,0.49308061599731445,-0.06383358687162399,0.3880768120288849,0.7193528413772583,-0.05037866532802582,0.4167200028896332,0.673105776309967,-0.060616787523031235,0.43303462862968445,0.6370543241500854,-0.06762330234050751,0.4478975236415863,0.6050000190734863,-0.07449541985988617
9,left,0.5664790868759155,0.8651471734046936,4.39001439644926e-07,0.5106498599052429,0.7942830324172974,0.004310539457947016,0.4917425513267517,0.7191112637519836,-0.0013729599304497242,0.4879264235496521,0.6590315699577332,-0.009057966060936451,0.4856535792350769,0.6134345531463623,-0.018898852169513702,0.5161573886871338,0.6805358529090881,-0.022603746503591537,0.5015360713005066,0.6004927158355713,-0.04556902498006821,0.4845738112926483,0.5455960631370544,-0.062125202268362045,0.4702686667442322,0.49789342284202576,-0.07434464246034622,0.5275566577911377,0.6939223408699036,-0.0393216647207737,0.5047307014465332,0.6006132960319519,-0.05953151732683182,0.48647820949554443,0.5407734513282776,-0.0738394632935524,0.4731511175632477,0.48892009258270264,-0.08545715361833572,0.5326064825057983,0.7229042053222656,-0.05529559776186943,0.5112721920013428,0.638723611831665,-0.07476738840341568,0.49294260144233704,0.587883472442627,-0.086710624396801,0.4798465669155121,0.5447490215301514,-0.09659828245639801,0.5297389626502991,0.76558917760849,-0.07043029367923737,0.5153868198394775,0.7216479182243347,-0.09003961831331253,0.49993613362312317,0.6913678050041199,-0.09928372502326965,0.48699790239334106,0.6617765426635742,-0.10653367638587952
10,right,0.3485279083251953,0.844818115234375,3.069092429086595e-07,0.4082232713699341,0.7728127241134644,0.01145502645522356,0.4299492835998535,0.7038557529449463,0.011757205240428448,0.4430646002292633,0.6600502729415894,0.005986260250210762,0.45133331418037415,0.6214905381202698,-0.0019427057122811675,0.3955521285533905,0.6382758021354675,6.812367792008445e-05,0.41575294733047485,0.5568534731864929,-0.01766536384820938,0.43063345551490784,0.5037712454795837,-0.03331732004880905,0.44296351075172424,0.4602344036102295,-0.04536689445376396,0.3852745294570923,0.6488934755325317,-0.020157834514975548,0.41055434942245483,0.5556617975234985,-0.03707243129611015,0.42793676257133484,0.49754995107650757,-0.05497126653790474,0.44293516874313354,0.4479151964187622,-0.06918258219957352,0.38221558928489685,0.6767625212669373,-0.04021655395627022,0.40829646587371826,0.5974945425987244,-0.05808931589126587,0.42567533254623413,0.550740122795105,-0.07534806430339813,0.43945157527923584,0.5119757652282715,-0.08877408504486084,0.3865359127521515,0.7172672748565674,-0.05931838974356651,0.41089385747909546,0.6785837411880493,-0.0757899358868599,0.4256479740142822,0.6506084203720093,-0.08581949025392532,0.4395866394042969,0.6260878443717957,-0.09411229193210602
10,left,0.5556847453117371,0.8507775068283081,4.19067532675399e-07,0.49656975269317627,0.781380832195282,0.007411563768982887,0.47623512148857117,0.7065799832344055,0.0024281926453113556,0.4732998013496399,0.6484706997871399,-0.00558510422706604,0.4732332229614258,0.6047910451889038,-0.01608046516776085,0.5086835622787476,0.6685973405838013,-0.016673600301146507,0.4949093461036682,0.5891162157058716,-0.03796721622347832,0.4789236783981323,0.5360567569732666,-0.05397869274020195,0.4649732708930969,0.4893186092376709,-0.06626936048269272,0.5218052268028259,0.678554892539978,-0.034904249012470245,0.4996400475502014,0.5867522358894348,-0.05441662669181824,0.4820413291454315,0.527421772480011,-0.06886447221040726,0.467878133058548,0.47536006569862366,-0.08076091855764389,0.5257775187492371,0.704857587814331,-0.052467137575149536,0.5037885308265686,0.6224325895309448,-0.07118359208106995,0.4844144582748413,0.5725835561752319,-0.08346010744571686,0.4699220061302185,0.5308105945587158,-0.09371482580900192,0.5182703733444214,0.7455247640609741,-0.06903373450040817,0.5028170943260193,0.701175332069397,-0.08721593767404556,0.48675039410591125,0.6710430979728699,-0.09641741961240768,0.47325608134269714,0.6423603892326355,-0.10409810394048691
11,right,0.3524598479270935,0.836023211479187,2.524207616261265e-07,0.399059534072876,0.7645225524902344,0.014879897236824036,0.4165787398815155,0.6947149038314819,0.015608382411301136,0.42949846386909485,0.6496126055717468,0.010460767894983292,0.43598848581314087,0.6103032827377319,0.00253311637789011,0.39328593015670776,0.6438540816307068,-0.0060370443388819695,0.41602763533592224,0.5625045895576477,-0.025133224204182625,0.4301844835281372,0.5087517499923706,-0.03988567739725113,0.4420626163482666,0.46415048837661743,-0.05117447301745415,0.3885937035083771,0.6554353833198547,-0.02810889668762684,0.41372233629226685,0.5622799396514893,-0.04708264023065567,0.4311031401157379,0.5036866068840027,-0.0637655258178711,0.4466211497783661,0.45176902413368225,-0.07653261721134186,0.38926151394844055,0.6835557818412781,-0.04918433725833893,0.41438931226730347,0.6003543138504028,-0.06920931488275528,0.43082648515701294,0.5521887540817261,-0.08570461720228195,0.44468480348587036,0.5097385048866272,-0.09816475957632065,0.3958476185798645,0.7248649597167969,-0.06860237568616867,0.4150487780570984,0.686478316783905,-0.08861563354730606,0.42791980504989624,0.658791184425354,-0.09980792552232742,0.44208478927612305,0.6328678131103516,-0.10831773281097412
11,left,0.545840322971344,0.8456084728240967,3.938989436846896e-07,0.49201399087905884,0.7748661041259766,0.007645426318049431,0.47177183628082275,0.7021839022636414,0.0023340824991464615,0.46739819645881653,0.6448329091072083,-0.005331742111593485,0.46395090222358704,0.5999820232391357,-0.015692725777626038,0.501151442527771,0.6627033352851868,-0.023742811754345894,0.4876169264316559,0.5793784260749817,-0.04740206524729729,0.4684615433216095,0.523344874382019,-0.06427334249019623,0.4515957236289978,0.4745723605155945,-0.07712512463331223,0.5119550824165344,0.6743995547294617,-0.0424419529736042,0.49046337604522705,0.5778788328170776,-0.06498055160045624,0.4690687954425812,0.5163846611976624,-0.08094832301139832,0.4522714912891388,0.4633546471595764,-0.09368983656167984,0.5139520168304443,0.7034960389137268,-0.05977094918489456,0.4938623011112213,0.6175893545150757,-0.08157958835363388,0.4734766483306885,0.5664809346199036,-0.09629357606172562,0.4590134918689728,0.5239422917366028,-0.1080324575304985,0.5055526494979858,0.7470540404319763,-0.0755637064576149,0.4922213852405548,0.704253613948822,-0.09936845302581787,0.47607579827308655,0.6738234162330627,-0.1125570759177208,0.4626573324203491,0.6439223289489746,-0.12233517318964005
12,right,0.35175180435180664,0.8408264517784119,2.472780806783703e-07,0.4092933237552643,0.787015438079834,0.010254736058413982,0.4275783896446228,0.7233065366744995,0.010946541093289852,0.4384148418903351,0.681195080280304,0.006435674149543047,0.4452534317970276,0.6421508193016052,-2.639271224325057e-05,0.3945346176624298,0.6569327116012573,-0.0011866941349580884,0.4175800383090973,0.5788101553916931,-0.017619842663407326,0.431485652923584,0.5255901217460632,-0.030793214216828346,0.4422830045223236,0.48200032114982605,-0.04085197672247887,0.38650164008140564,0.6627147197723389,-0.019600480794906616,0.41325199604034424,0.5704512596130371,-0.03547915443778038,0.4296746253967285,0.511745035648346,-0.0500204972922802,0.44468122720718384,0.4622995853424072,-0.06067246198654175,0.3851596713066101,0.6853907108306885,-0.037875909358263016,0.4118238091468811,0.5997864007949829,-0.05528752878308296,0.42721450328826904,0.549874484539032,-0.07016748934984207,0.44073429703712463,0.5089085102081299,-0.08091200143098831,0.39155980944633484,0.7215439081192017,-0.05513773486018181,0.4125334620475769,0.6834772825241089,-0.07302864640951157,0.4267144799232483,0.6548593044281006,-0.08313269168138504,0.4423694610595703,0.6296624541282654,-0.09025447070598602
12,left,0.5421335101127625,0.8502015471458435,3.514743127652764e-07,0.4963398575782776,0.7739688158035278,0.011140711605548859,0.47750338912010193,0.7016096115112305,0.005869746208190918,0.4723702371120453,0.6443577408790588,-0.0022268444299697876,0.4653620719909668,0.5980727076530457,-0.012915156781673431,0.502048909664154,0.6692807674407959,-0.024731367826461792,0.48665615916252136,0.5835068225860596,-0.04909235239028931,0.46770307421684265,0.5274492502212524,-0.06561444699764252,0.45175042748451233,0.4777166545391083,-0.0778643786907196,0.5100705623626709,0.6813769340515137,-0.044776029884815216,0.48766714334487915,0.5840285420417786,-0.06841951608657837,0.4663923978805542,0.520607590675354,-0.08456452935934067,0.4502016007900238,0.46421104669570923,-0.09778860211372375,0.5089664459228516,0.7102360129356384,-0.06279154121875763,0.4888591766357422,0.6254408359527588,-0.08462050557136536,0.46969130635261536,0.5731422305107117,-0.09869407117366791,0.4566851556301117,0.5295100212097168,-0.11018165200948715,0.4984363913536072,0.7518782019615173,-0.0788603350520134,0.48316359519958496,0.7051636576652527,-0.10184761881828308,0.4690774083137512,0.6735234260559082,-0.11422522366046906,0.4568772315979004,0.6436343193054199,-0.12368585914373398
13,right,0.3474314510822296,0.8431000709533691,2.444412245949934e-07,0.3961561322212219,0.7843496203422546,0.009774669073522091,0.415113240480423,0.7181383967399597,0.009622433222830296,0.4289495050907135,0.6741709113121033,0.004461515694856644,0.437406450510025,0.6345921158790588,-0.0027870088815689087,0.38828563690185547,0.66350257396698,-0.0029671730007976294,0.4120989441871643,0.5839338302612305,-0.02071300894021988,0.4258366823196411,0.5293433666229248,-0.03483933210372925,0.43632182478904724,0.4848933219909668,-0.04551589861512184,0.38303688168525696,0.6703467965126038,-0.02122887782752514,0.4103131592273712,0.5774516463279724,-0.03870799392461777,0.4276643991470337,0.5176780223846436,-0.05426102504134178,0.4430443048477173,0.4654208719730377,-0.0656469464302063,0.384846031665802,0.6933802962303162,-0.03933994099497795,0.4116881191730499,0.6043559312820435,-0.05770152062177658,0.4270234704017639,0.5537600517272949,-0.07248329371213913,0.44004350900650024,0.5105215907096863,-0.0830172598361969,0.3941040337085724,0.729487955570221,-0.05647515878081322,0.4137577712535858,0.6852561831474304,-0.0748620480298996,0.4255523681640625,0.6527597904205322,-0.08525490015745163,0.4386824071407318,0.6221471428871155,-0.09259601682424545
13,left,0.5415233373641968,0.8443686962127686,3.5999497072225495e-07,0.504366934299469,0.7623249292373657,0.012281703762710094,0.48534324765205383,0.688396155834198,0.007116451859474182,0.4779183268547058,0.6303790807723999,-0.0006702881073579192,0.46707382798194885,0.5838891863822937,-0.011335974559187889,0.5026187896728516,0.6658828854560852,-0.02859433740377426,0.4852619171142578,0.5804938673973083,-0.054591767489910126,0.46775299310684204,0.5252857804298401,-0.0719628557562828,0.4536154866218567,0.474955677986145,-0.0844186544418335,0.5092576146125793,0.6803497672080994,-0.04897565394639969,0.4853144884109497,0.5855117440223694,-0.074736088514328,0.4650062620639801,0.5234107971191406,-0.0918082445859909,0.44987064599990845,0.46709829568862915,-0.10572554916143417,0.5061954259872437,0.7109687924385071,-0.0668724924325943,0.485684871673584,0.6291921138763428,-0.08996845036745071,0.4680178463459015,0.5757535099983215,-0.1043345257639885,0.45686256885528564,0.5307323932647705,-0.11599104851484299,0.49279969930648804,0.7542329430580139,-0.08252984285354614,0.4775955080986023,0.7066395282745361,-0.10619603097438812,0.4643777906894684,0.6736711859703064,-0.11877451092004776,0.45253655314445496,0.6423841118812561,-0.12840329110622406
14,right,0.35179591178894043,0.8398191332817078,2.3703528029273002e-07,0.4076971709728241,0.787440836429596,0.010285685770213604,0.4276617765426636,0.7239862084388733,0.01113736443221569,0.44076812267303467,0.6815139651298523,0.006888994015753269,0.44767630100250244,0.6425356864929199,0.0003065706405322999,0.394429087638855,0.6603163480758667,-0.0012944990303367376,0.4144395589828491,0.5831992626190186,-0.018029680475592613,0.42797908186912537,0.5292041301727295,-0.032125845551490784,0.4389476478099823,0.48494720458984375,-0.04303779825568199,0.38691917061805725,0.6662822961807251,-0.019585413858294487,0.4112113416194916,0.5772077441215515,-0.03564247861504555,0.4281718134880066,0.5168738961219788,-0.05110229551792145,0.4441819489002228,0.4629630148410797,-0.06289525330066681,0.3856271207332611,0.6888090968132019,-0.037753719836473465,0.41153430938720703,0.6053733229637146,-0.05548369139432907,0.4273904860019684,0.5554412007331848,-0.07039035856723785,0.4411253035068512,0.5123757719993591,-0.08127263933420181,0.39132097363471985,0.7250961065292358,-0.054879747331142426,0.4108823835849762,0.6832667589187622,-0.07344317436218262,0.4238322973251343,0.651644766330719,-0.08389531821012497,0.4381963312625885,0.6224331259727478,-0.09138429909944534
14,left,0.5400398373603821,0.8415805101394653,3.5432137224233884e-07,0.49742403626441956,0.7677651643753052,0.010947154834866524,0.47989898920059204,0.6968214511871338,0.005522446241229773,0.4746236801147461,0.6400832533836365,-0.002219695132225752,0.46704453229904175,0.5948142409324646,-0.012516251765191555,0.5011534690856934,0.6652674674987793,-0.028409942984580994,0.4859923720359802,0.579512357711792,-0.05340796709060669,0.4670514762401581,0.5242132544517517,-0.06972461938858032,0.45136183500289917,0.47504687309265137,-0.0816027820110321,0.508775532245636,0.6775708198547363,-0.047792404890060425,0.48575687408447266,0.5804717540740967,-0.07293583452701569,0.46422892808914185,0.5176690220832825,-0.08894083648920059,0.4478077292442322,0.4620019197463989,-0.1019509956240654,0.5064558982849121,0.7059116959571838,-0.06491681933403015,0.48560264706611633,0.6222424507141113,-0.08737238496541977,0.4667549729347229,0.5695294737815857,-0.10101254284381866,0.45427054166793823,0.5256640315055847,-0.11210118979215622,0.4936937987804413,0.7466772198677063,-0.08001945167779922,0.47871774435043335,0.6972514986991882,-0.10319610685110092,0.46437427401542664,0.6642603278160095,-0.11581466346979141,0.45102986693382263,0.6330431699752808,-0.12548774480819702
15,right,0,0,0,0,0,0,0,0,0,0,0,0,0,0,0,0,0,0,0,0,0,0,0,0,0,0,0,0,0,0,0,0,0,0,0,0,0,0,0,0,0,0,0,0,0,0,0,0,0,0,0,0,0,0,0,0,0,0,0,0,0,0,0
15,left,0.5377384424209595,0.8488000631332397,3.645251638317859e-07,0.492461621761322,0.7764657735824585,0.009002981707453728,0.4751482903957367,0.7036166787147522,0.0038639951962977648,0.47083547711372375,0.6451340913772583,-0.003442814340814948,0.46368852257728577,0.5991286635398865,-0.013185827061533928,0.4984113872051239,0.6724807024002075,-0.024954980239272118,0.485960990190506,0.5878982543945312,-0.04820823296904564,0.4693080484867096,0.5325274467468262,-0.06379805505275726,0.45551738142967224,0.4823400378227234,-0.07509570568799973,0.5066077709197998,0.683152437210083,-0.042727842926979065,0.4854024648666382,0.5872260332107544,-0.06513592600822449,0.4656055271625519,0.5254210829734802,-0.08019530028104782,0.45082178711891174,0.46909299492836,-0.09253310412168503,0.5045940279960632,0.7091327905654907,-0.05865296721458435,0.48552948236465454,0.6260018348693848,-0.0786798968911171,0.4676484167575836,0.5743005275726318,-0.0914529338479042,0.4559134244918823,0.5299161672592163,-0.10206186026334763,0.4915532171726227,0.7476806640625,-0.0729580670595169,0.4764001965522766,0.6996725797653198,-0.09280003607273102,0.4632279574871063,0.6681392192840576,-0.10342376679182053,0.4517113268375397,0.6373403072357178,-0.11192982643842697
16,right,0.34426170587539673,0.8989176750183105,2.7443062933230067e-08,0.4016992747783661,0.8073700666427612,0.004894645884633064,0.4334450364112854,0.7151756882667542,0.01310756430029869,0.4512147605419159,0.6563735604286194,0.018206162378191948,0.460940420627594,0.6162298917770386,0.025110332295298576,0.4004459083080292,0.6374174356460571,0.029377838596701622,0.4201239347457886,0.5457931756973267,0.031797170639038086,0.43091070652008057,0.502570390701294,0.026394452899694443,0.43474411964416504,0.4643510580062866,0.019581928849220276,0.3932669758796692,0.6549570560455322,0.021850667893886566,0.4166712760925293,0.5646966695785522,0.025740530341863632,0.42715984582901,0.5168460011482239,0.015255017206072807,0.4311421513557434,0.4658883213996887,0.0037184504326432943,0.3903872072696686,0.688426673412323,0.012533679604530334,0.41800564527511597,0.6230034828186035,0.016361631453037262,0.42856332659721375,0.5753421783447266,0.008385070599615574,0.43486136198043823,0.5294982194900513,-0.002859800821170211,0.39683759212493896,0.730733335018158,0.002481562551110983,0.4180034399032593,0.7007876038551331,0.007404978387057781,0.42836013436317444,0.6755757927894592,0.008571731857955456,0.43564552068710327,0.6518162488937378,0.00553654320538044
16,left,0.5372781753540039,0.8533307313919067,3.628549336553988e-07,0.493090957403183,0.7794668674468994,0.010643747635185719,0.47498849034309387,0.7091278433799744,0.006568866781890392,0.4704143702983856,0.6533025503158569,-0.00025101719074882567,0.46252256631851196,0.6089825630187988,-0.009913151152431965,0.4968199133872986,0.679202139377594,-0.01946486532688141,0.48212963342666626,0.5947728157043457,-0.041757334023714066,0.46439751982688904,0.5405924320220947,-0.057531893253326416,0.4495309591293335,0.49091649055480957,-0.06923121213912964,0.504450261592865,0.6897112727165222,-0.03813251852989197,0.4821569621562958,0.5938591957092285,-0.059289563447237015,0.4616833031177521,0.5337535738945007,-0.07460358738899231,0.44653433561325073,0.4770381450653076,-0.08734384179115295,0.501987636089325,0.7170295715332031,-0.05509495735168457,0.4820290505886078,0.6316017508506775,-0.07523347437381744,0.46507447957992554,0.5821294188499451,-0.08809966593980789,0.4551100432872772,0.5392299890518188,-0.09866926074028015,0.48844587802886963,0.7575019001960754,-0.07024367898702621,0.4728780686855316,0.7104912400245667,-0.09094113111495972,0.4631202816963196,0.6804718971252441,-0.10122992098331451,0.4565107226371765,0.6506052017211914,-0.10931430011987686
17,right,0.3589100241661072,0.8774664998054504,1.1910031361139772e-07,0.42002102732658386,0.7904478907585144,0.014421581290662289,0.4406457543373108,0.719452977180481,0.019204726442694664,0.4492366313934326,0.6738099455833435,0.017562273889780045,0.4534180462360382,0.635508120059967,0.014774452894926071,0.4075016677379608,0.6532723903656006,0.013007881119847298,0.42294949293136597,0.5685899257659912,-0.00010653581557562575,0.4315652847290039,0.5166470408439636,-0.012858175672590733,0.4382411539554596,0.4725700914859772,-0.023488564416766167,0.39782413840293884,0.6681095957756042,-0.006439581047743559,0.41875678300857544,0.5746604204177856,-0.02070160023868084,0.4296525716781616,0.5181326866149902,-0.03635016456246376,0.4396487772464752,0.46461784839630127,-0.0489347018301487,0.39468711614608765,0.6995329856872559,-0.026505613699555397,0.41876500844955444,0.6206645965576172,-0.042946238070726395,0.43179354071617126,0.571576714515686,-0.0592459961771965,0.44197478890419006,0.5247936248779297,-0.07207268476486206,0.39914679527282715,0.7426685690879822,-0.04545355588197708,0.4185550808906555,0.7049412131309509,-0.06228641793131828,0.4286905825138092,0.6754323840141296,-0.07297307997941971,0.43934470415115356,0.6464057564735413,-0.08154617995023727
17,left,0.5329909920692444,0.8569961190223694,3.5103283835269394e-07,0.4965301752090454,0.784191370010376,0.01040226873010397,0.47967493534088135,0.715667724609375,0.006546379998326302,0.4744344651699066,0.6589094996452332,0.00028411371749825776,0.46602267026901245,0.6154428720474243,-0.008755719289183617,0.4981086850166321,0.6848333477973938,-0.019194750115275383,0.4806423485279083,0.5994712114334106,-0.04141151160001755,0.46291759610176086,0.5436689853668213,-0.057033970952034,0.4474901854991913,0.49300694465637207,-0.06865974515676498,0.505454957485199,0.6946693062782288,-0.037213344126939774,0.4798497259616852,0.596293568611145,-0.05865122005343437,0.45931291580200195,0.5339648723602295,-0.07346785068511963,0.4431948959827423,0.47550567984580994,-0.08569606393575668,0.5024558305740356,0.7212105393409729,-0.05361953377723694,0.4780820906162262,0.6316153407096863,-0.0734555721282959,0.4619050621986389,0.5801846385002136,-0.08572178333997726,0.451909601688385,0.5360507965087891,-0.09581311047077179,0.48928749561309814,0.760948657989502,-0.06827668100595474,0.474636971950531,0.7118965983390808,-0.08966996520757675,0.46416333317756653,0.6789147257804871,-0.10093359649181366,0.455051064491272,0.6460469961166382,-0.10956704616546631
18,right,0.3593434691429138,0.8686373233795166,1.5056832580739865e-07,0.40186870098114014,0.7869915962219238,0.01622888259589672,0.4200890362262726,0.7167422771453857,0.017031332477927208,0.433547705411911,0.6686322689056396,0.01160379033535719,0.43983328342437744,0.6277421116828918,0.0035251688677817583,0.39781391620635986,0.6687875986099243,-0.0022774531971663237,0.4170045852661133,0.5824154615402222,-0.020397204905748367,0.4257219135761261,0.5273094177246094,-0.03441796079277992,0.43163150548934937,0.4819691777229309,-0.04520660638809204,0.3927925229072571,0.6809715032577515,-0.024852141737937927,0.41683563590049744,0.584021270275116,-0.04330006241798401,0.42806726694107056,0.524955689907074,-0.05892833694815636,0.43745332956314087,0.4724900722503662,-0.07087091356515884,0.39374616742134094,0.7089820504188538,-0.04664943739771843,0.4180831015110016,0.6200991272926331,-0.06601566076278687,0.4302015006542206,0.5703456401824951,-0.08140997588634491,0.44002267718315125,0.5253866910934448,-0.09323857724666595,0.40106621384620667,0.7503107190132141,-0.06668193638324738,0.4177844226360321,0.7073928713798523,-0.08601362258195877,0.42630672454833984,0.6782368421554565,-0.09617327898740768,0.4363260567188263,0.6500004529953003,-0.10389813035726547
18,left,0.5339066982269287,0.8550131320953369,3.222162376914639e-07,0.4998968839645386,0.7813643217086792,0.010520532727241516,0.48282673954963684,0.7111084461212158,0.00635254243388772,0.4767439663410187,0.65457683801651,-9.805845911614597e-05,0.4665086269378662,0.6119585633277893,-0.009422136470675468,0.5000954866409302,0.6839617490768433,-0.02265511453151703,0.4820575714111328,0.5993854999542236,-0.04543842747807503,0.464356929063797,0.5445584058761597,-0.06108691170811653,0.4489877223968506,0.49470651149749756,-0.07272303849458694,0.5067290663719177,0.6958205699920654,-0.041370078921318054,0.4802702069282532,0.597904622554779,-0.06247009336948395,0.4601050019264221,0.5362135171890259,-0.07663939893245697,0.4444582760334015,0.4787990152835846,-0.08870115876197815,0.5026282072067261,0.7237674593925476,-0.05835677683353424,0.4791063368320465,0.635576069355011,-0.07813055068254471,0.4633983373641968,0.5833895206451416,-0.09080162644386292,0.4537011384963989,0.5382577180862427,-0.1014549508690834,0.4884365499019623,0.764308512210846,-0.07348139584064484,0.4733859896659851,0.7151296138763428,-0.09523283690214157,0.46315890550613403,0.6822984218597412,-0.10682842135429382,0.4547731280326843,0.6499595642089844,-0.11586052924394608
19,right,0.36018630862236023,0.8621041178703308,1.906385307393066e-07,0.39461272954940796,0.7855921983718872,0.01585403084754944,0.4092979431152344,0.713036835193634,0.016222765669226646,0.4229332208633423,0.6615992188453674,0.011245851404964924,0.42978107929229736,0.6200114488601685,0.0035286638885736465,0.3989235758781433,0.674275815486908,-0.009290623478591442,0.418599396944046,0.5898790955543518,-0.0287382323294878,0.4284057319164276,0.5333693027496338,-0.04256395995616913,0.4351995885372162,0.48769596219062805,-0.05286528170108795,0.39467063546180725,0.6871370077133179,-0.031717266887426376,0.418915331363678,0.5904216170310974,-0.05231354385614395,0.4318828582763672,0.5276552438735962,-0.06832858175039291,0.44180309772491455,0.47241032123565674,-0.08001042902469635,0.39580920338630676,0.7152841091156006,-0.05260322988033295,0.4183131456375122,0.6237322688102722,-0.07281496375799179,0.43041765689849854,0.5708794593811035,-0.08772366493940353,0.4401419460773468,0.5238978266716003,-0.09886759519577026,0.4027514159679413,0.7552981376647949,-0.0715823844075203,0.4199880063533783,0.7116286158561707,-0.09216292202472687,0.42978769540786743,0.6795547008514404,-0.10313531011343002,0.4409146010875702,0.6481009125709534,-0.11109264194965363
19,left,0.5364487767219543,0.8627927303314209,3.640931822701532e-07,0.4948451817035675,0.790766716003418,0.010219788178801537,0.47763997316360474,0.7193239331245422,0.0063205258920788765,0.4736384451389313,0.6631833910942078,2.6882526071858592e-05,0.4661504626274109,0.6188620924949646,-0.00901395920664072,0.49751967191696167,0.6900901794433594,-0.020118845626711845,0.4823123514652252,0.6061445474624634,-0.04229002818465233,0.46686851978302,0.5509619116783142,-0.05780940130352974,0.45375654101371765,0.5001439452171326,-0.06951301544904709,0.5059911608695984,0.6995816230773926,-0.03824841231107712,0.482092946767807,0.6021276712417603,-0.059113334864377975,0.462862491607666,0.5394523739814758,-0.07374735176563263,0.44835183024406433,0.4802718460559845,-0.08616875112056732,0.5030918121337891,0.7258517742156982,-0.05481923371553421,0.4811227321624756,0.6376391053199768,-0.07462014257907867,0.4656929075717926,0.5863227844238281,-0.08763740956783295,0.456726610660553,0.541538417339325,-0.09851288795471191,0.48890185356140137,0.7652409672737122,-0.06962006539106369,0.47420626878738403,0.7175619006156921,-0.09140826016664505,0.4643186628818512,0.6860400438308716,-0.1034257709980011,0.45704084634780884,0.6541280746459961,-0.1128031387925148
20,right,0.359544038772583,0.8570557832717896,2.3330939313837007e-07,0.3840678930282593,0.777518630027771,0.012132072821259499,0.39726006984710693,0.7056058049201965,0.010533256456255913,0.41206637024879456,0.6557366847991943,0.004117860924452543,0.4225253760814667,0.6168427467346191,-0.004576100967824459,0.39498499035835266,0.6761431694030762,-0.011402151547372341,0.4162096381187439,0.5962797403335571,-0.03272077441215515,0.4281335473060608,0.5416997671127319,-0.04755859076976776,0.4367962181568146,0.49688369035720825,-0.058224037289619446,0.394169420003891,0.6890285611152649,-0.03213746100664139,0.4199005365371704,0.5997004508972168,-0.054593052715063095,0.43465524911880493,0.538129448890686,-0.07139986753463745,0.44642651081085205,0.4830377697944641,-0.08327145874500275,0.3980153203010559,0.7177019715309143,-0.05169840529561043,0.4210517704486847,0.6355566382408142,-0.07327042520046234,0.4338534474372864,0.5864211320877075,-0.08745517581701279,0.44482484459877014,0.5412925481796265,-0.0974404439330101,0.40688616037368774,0.7586517930030823,-0.06975622475147247,0.42218226194381714,0.7173342108726501,-0.09016778320074081,0.43163153529167175,0.6881471276283264,-0.09983479231595993,0.4435591399669647,0.6586143374443054,-0.10646535456180573
20,left,0.537142813205719,0.8669763803482056,3.7068554092911654e-07,0.49383318424224854,0.7962570190429688,0.009902792051434517,0.4758458137512207,0.7272608280181885,0.005861940328031778,0.47149622440338135,0.6711864471435547,-0.0007225021836347878,0.4634164273738861,0.6265227198600769,-0.010100804269313812,0.49832502007484436,0.6926276087760925,-0.019015399739146233,0.48227736353874207,0.6086266040802002,-0.041649170219898224,0.46622005105018616,0.5520889163017273,-0.058123961091041565,0.4528132677078247,0.5006121397018433,-0.07060356438159943,0.5069981217384338,0.7023100256919861,-0.037336189299821854,0.48299962282180786,0.6050625443458557,-0.05859215185046196,0.46376746892929077,0.5421157479286194,-0.07414376735687256,0.44916287064552307,0.48246705532073975,-0.08722392469644547,0.5047926306724548,0.7288711667060852,-0.054243303835392,0.4817191958427429,0.6413384675979614,-0.07419149577617645,0.4659463167190552,0.5914380550384521,-0.08748383820056915,0.45660993456840515,0.5475873947143555,-0.09861533343791962,0.49187082052230835,0.7687335014343262,-0.06953167170286179,0.4764542579650879,0.7227723002433777,-0.09158600121736526,0.4655258059501648,0.6923085451126099,-0.10378897935152054,0.4569883346557617,0.6609821319580078,-0.1132482960820198
21,right,0.3592323064804077,0.8584288954734802,2.455841183746088e-07,0.38164401054382324,0.7876802682876587,0.010190213099122047,0.3952615261077881,0.7181285619735718,0.008136832155287266,0.41141945123672485,0.6695205569267273,0.0015906274784356356,0.42160606384277344,0.6311283707618713,-0.007349744904786348,0.3939395248889923,0.6865525245666504,-0.012917713262140751,0.41554024815559387,0.605404257774353,-0.034278735518455505,0.42806386947631836,0.5494033098220825,-0.048814985901117325,0.4371472895145416,0.5040956139564514,-0.059041399508714676,0.3943640887737274,0.6975942850112915,-0.03283265233039856,0.4199574291706085,0.606266975402832,-0.054585572332143784,0.43585243821144104,0.5426038503646851,-0.07123669981956482,0.4490507245063782,0.48591798543930054,-0.08272027224302292,0.3989657163619995,0.7244779467582703,-0.051665257662534714,0.4228413701057434,0.6401943564414978,-0.07321786880493164,0.43597275018692017,0.5889893174171448,-0.08826127648353577,0.4472212791442871,0.541620135307312,-0.09865181893110275,0.4089166820049286,0.7640858292579651,-0.06908399611711502,0.4233705401420593,0.7240688800811768,-0.09030769765377045,0.43256765604019165,0.6943715810775757,-0.10060280561447144,0.4445594847202301,0.6650049090385437,-0.10734602808952332
21,left,0.5384293794631958,0.8674395084381104,3.620025097461621e-07,0.4980548620223999,0.7942145466804504,0.010500872507691383,0.47787314653396606,0.7254703640937805,0.006145992316305637,0.471427857875824,0.6696435213088989,-0.0007082034135237336,0.4613211750984192,0.6253214478492737,-0.010477912612259388,0.49909234046936035,0.6914801597595215,-0.021868731826543808,0.48140382766723633,0.608069896697998,-0.04567648842930794,0.466361939907074,0.5524190664291382,-0.06267109513282776,0.4536825716495514,0.5012379288673401,-0.07562901079654694,0.5080026388168335,0.7029035091400146,-0.04110037535429001,0.4820069968700409,0.6060360670089722,-0.06377050280570984,0.4637545943260193,0.5434954762458801,-0.07993452996015549,0.44963985681533813,0.4836047291755676,-0.09354522824287415,0.5061433911323547,0.7319877743721008,-0.05870753526687622,0.4810551404953003,0.6443489789962769,-0.0803479477763176,0.46643099188804626,0.5936576128005981,-0.09453706443309784,0.45776641368865967,0.5483378171920776,-0.10626894980669022,0.4940570592880249,0.7745508551597595,-0.07442684471607208,0.47812148928642273,0.7285873293876648,-0.09906304627656937,0.46655142307281494,0.697072446346283,-0.11286268383264542,0.45687857270240784,0.66420578956604,-0.1233566477894783
22,right,0.36282414197921753,0.8546363115310669,2.2203677474408323e-07,0.3861115574836731,0.7798168063163757,0.011119367554783821,0.399478018283844,0.7101216912269592,0.009742275811731815,0.41404780745506287,0.6594498753547668,0.0037371760699898005,0.4225125014781952,0.6207324862480164,-0.005315246991813183,0.4007112979888916,0.6839393377304077,-0.01143855694681406,0.41986292600631714,0.6081902384757996,-0.033318307250738144,0.4303130805492401,0.5511859655380249,-0.04975495487451553,0.43749719858169556,0.5053969025611877,-0.06160536780953407,0.40003907680511475,0.6958935856819153,-0.03186461701989174,0.4221430718898773,0.6098715662956238,-0.05374513939023018,0.4352269172668457,0.5462420582771301,-0.07137615233659744,0.4459327459335327,0.48824381828308105,-0.08393488079309464,0.40306952595710754,0.7233173847198486,-0.05132286995649338,0.42323440313339233,0.6421626210212708,-0.07360526919364929,0.4346431791782379,0.5910611152648926,-0.08962869644165039,0.4441644251346588,0.5442558526992798,-0.10077601671218872,0.41053345799446106,0.7644241452217102,-0.06922280043363571,0.4245477616786957,0.7247858047485352,-0.09155428409576416,0.4337098002433777,0.6950879693031311,-0.10250397026538849,0.4451489746570587,0.6660370230674744,-0.10979261994361877
22,left,0.5398142337799072,0.868499755859375,3.7041175460217346e-07,0.49390923976898193,0.7966520190238953,0.010061930865049362,0.47462835907936096,0.7267073392868042,0.005618485622107983,0.469797819852829,0.670434832572937,-0.0013398206792771816,0.46185827255249023,0.6253269910812378,-0.011189977638423443,0.49973225593566895,0.6908004879951477,-0.02054017223417759,0.4832500219345093,0.6083050966262817,-0.04339926317334175,0.46744999289512634,0.5531453490257263,-0.060105130076408386,0.4537467658519745,0.5028695464134216,-0.07295491546392441,0.5088379979133606,0.7026618719100952,-0.03947898745536804,0.48444050550460815,0.6057784557342529,-0.06100974977016449,0.46545690298080444,0.5436902046203613,-0.07666181027889252,0.4506866931915283,0.484704852104187,-0.0899292379617691,0.5070526003837585,0.7317765355110168,-0.05689429119229317,0.4836995303630829,0.6446970701217651,-0.07731595635414124,0.4683972895145416,0.5950350165367126,-0.09069127589464188,0.4592440724372864,0.5508514642715454,-0.10199552029371262,0.49456173181533813,0.7743388414382935,-0.07258839160203934,0.478924036026001,0.7285082936286926,-0.09561388194561005,0.46777933835983276,0.697594165802002,-0.10820239037275314,0.4591667056083679,0.6654188632965088,-0.11796122789382935
23,right,0.3625406324863434,0.85036301612854,2.273363293170405e-07,0.3818994462490082,0.7826360464096069,0.010828346014022827,0.396236777305603,0.7132092118263245,0.008952345699071884,0.4128175973892212,0.6634897589683533,0.002850419143214822,0.4230962097644806,0.6249239444732666,-0.006316331680864096,0.3984907567501068,0.6882730722427368,-0.015567310154438019,0.42040032148361206,0.6079725623130798,-0.03663831576704979,0.4314875602722168,0.5498831272125244,-0.05100521817803383,0.43841320276260376,0.5034003257751465,-0.06138790398836136,0.3998245894908905,0.6995514035224915,-0.035489145666360855,0.42502421140670776,0.6098406314849854,-0.05695861577987671,0.438677042722702,0.5468016862869263,-0.07318703830242157,0.4486861526966095,0.4898976683616638,-0.0845196545124054,0.4046843647956848,0.7265892028808594,-0.05401536449790001,0.428315132856369,0.6445674896240234,-0.0756097361445427,0.4413667619228363,0.5932939052581787,-0.09122598171234131,0.4512856602668762,0.5455625653266907,-0.102243572473526,0.41363760828971863,0.7672046422958374,-0.07081417739391327,0.4286101460456848,0.7277002930641174,-0.09270159155130386,0.4384322762489319,0.6981852650642395,-0.10370415449142456,0.4503626823425293,0.6688530445098877,-0.11113337427377701
23,left,0.5463341474533081,0.8680773377418518,3.602842468808376e-07,0.5008842945098877,0.7977351546287537,0.009153345599770546,0.48147374391555786,0.7284243106842041,0.004455745220184326,0.47619104385375977,0.6725682616233826,-0.0025349275674670935,0.46789461374282837,0.6283785700798035,-0.012482604011893272,0.50327068567276,0.6902908086776733,-0.023035526275634766,0.48576876521110535,0.6068840622901917,-0.04711044579744339,0.46899718046188354,0.5512133836746216,-0.06451765447854996,0.45491114258766174,0.5004795789718628,-0.07778264582157135,0.5119814276695251,0.7022197842597961,-0.041578397154808044,0.4863235652446747,0.6055402159690857,-0.06455249339342117,0.46659326553344727,0.5427152514457703,-0.08110516518354416,0.4515020549297333,0.4832741916179657,-0.09490635246038437,0.5105360746383667,0.7318833470344543,-0.058557212352752686,0.4852072298526764,0.6442062854766846,-0.08051582425832748,0.46891897916793823,0.5937497615814209,-0.09536668658256531,0.45924633741378784,0.5496968626976013,-0.10746821761131287,0.4989882707595825,0.7751440405845642,-0.07374078780412674,0.4817501902580261,0.7293218970298767,-0.09862128645181656,0.4691179692745209,0.6972225904464722,-0.11296065896749496,0.45941829681396484,0.6640359163284302,-0.12376885861158371
24,right,0.369003027677536,0.8522056341171265,2.2495336793326715e-07,0.39772507548332214,0.7879190444946289,0.01168886385858059,0.40927278995513916,0.7180766463279724,0.010497204959392548,0.42185959219932556,0.6679771542549133,0.004609835799783468,0.42957037687301636,0.6290342211723328,-0.004406346008181572,0.4040282070636749,0.6875580549240112,-0.01309489831328392,0.4236224889755249,0.6101776361465454,-0.03436368703842163,0.4349212944507599,0.5532913208007812,-0.04978423938155174,0.442272424697876,0.5076276063919067,-0.06102627515792847,0.402360737323761,0.6987072229385376,-0.03378468006849289,0.42530712485313416,0.6101987361907959,-0.05548681318759918,0.4394945800304413,0.5480102300643921,-0.07255221903324127,0.4505251348018646,0.49174270033836365,-0.08449994772672653,0.40434256196022034,0.7253310084342957,-0.05324830487370491,0.42708778381347656,0.6447793841362,-0.07516822963953018,0.4412292540073395,0.5940073728561401,-0.09135853499174118,0.45223385095596313,0.5474749803543091,-0.10260965675115585,0.4105616807937622,0.7649746537208557,-0.07100316882133484,0.4273218810558319,0.7272008061408997,-0.0928947702050209,0.4389294981956482,0.698140561580658,-0.10405552387237549,0.4518953859806061,0.6699681878089905,-0.11158198863267899
24,left,0.5446443557739258,0.8703392744064331,3.742386809335585e-07,0.4979594349861145,0.7966289520263672,0.01103547029197216,0.4773098826408386,0.7286217212677002,0.00734294718131423,0.47116488218307495,0.6737083196640015,0.000741282943636179,0.4642692804336548,0.6299012899398804,-0.008739214390516281,0.502818763256073,0.6928769946098328,-0.01752234250307083,0.48560631275177,0.6098178029060364,-0.040332019329071045,0.46967607736587524,0.5540245175361633,-0.057211220264434814,0.4567200243473053,0.5031688809394836,-0.07021943479776382,0.5114156603813171,0.7036576271057129,-0.03659825026988983,0.4865086078643799,0.6064392328262329,-0.0585237592458725,0.4677552580833435,0.5436563491821289,-0.07472845166921616,0.45386645197868347,0.4832679331302643,-0.08818330615758896,0.5102699398994446,0.73224276304245,-0.05425960198044777,0.4863140285015106,0.6444275379180908,-0.07535420358181,0.4700095057487488,0.5946552753448486,-0.08956435322761536,0.46054500341415405,0.5507961511611938,-0.10111793130636215,0.49927520751953125,0.7745073437690735,-0.07013221830129623,0.4843190908432007,0.729343593120575,-0.09460984915494919,0.4722074568271637,0.6979044079780579,-0.10875815153121948,0.4626258909702301,0.6652129292488098,-0.11929474771022797
25,right,0.3681013882160187,0.85186767578125,2.393697400293604e-07,0.38716548681259155,0.7830369472503662,0.010468208231031895,0.3990536630153656,0.7124738097190857,0.00825873389840126,0.4138728082180023,0.660434901714325,0.0020784130319952965,0.42226526141166687,0.6202499866485596,-0.007492532022297382,0.40129926800727844,0.6885252594947815,-0.018447235226631165,0.42168983817100525,0.6106293201446533,-0.040866948664188385,0.4324643611907959,0.5535006523132324,-0.05645120143890381,0.44033515453338623,0.5081279873847961,-0.0677543431520462,0.40259531140327454,0.7009923458099365,-0.03826545178890228,0.4260188341140747,0.6139605641365051,-0.06134285032749176,0.4395036995410919,0.5514643788337708,-0.0790485292673111,0.45067423582077026,0.49434444308280945,-0.09169555455446243,0.40710562467575073,0.728791356086731,-0.056556180119514465,0.42914021015167236,0.6490139365196228,-0.07944300770759583,0.44166266918182373,0.5983869433403015,-0.09656773507595062,0.45200449228286743,0.5519640445709229,-0.10876341164112091,0.41536420583724976,0.7694520354270935,-0.07301528006792068,0.43024519085884094,0.7306919097900391,-0.09660644829273224,0.44007447361946106,0.7017885446548462,-0.10934966802597046,0.4521094262599945,0.6733185648918152,-0.11807993799448013
25,left,0.546259343624115,0.8717769384384155,3.683442741930776e-07,0.49666017293930054,0.8009753227233887,0.009592640213668346,0.477123886346817,0.7320523858070374,0.005509505048394203,0.4729712903499603,0.6763426065444946,-0.0012202896177768707,0.46636447310447693,0.6320297122001648,-0.010829607956111431,0.5029361248016357,0.6947822570800781,-0.01863672584295273,0.4862857460975647,0.612548828125,-0.04131608456373215,0.4699486792087555,0.5574479699134827,-0.05838213115930557,0.456583708524704,0.5069695711135864,-0.07168792188167572,0.5118997693061829,0.7051867246627808,-0.03720647841691971,0.4869422912597656,0.6084169149398804,-0.05873112007975578,0.4674776792526245,0.545499324798584,-0.07498784363269806,0.45289912819862366,0.4851723909378052,-0.08876432478427887,0.511040449142456,0.7334854602813721,-0.054501958191394806,0.4870413839817047,0.6460133194923401,-0.07557744532823563,0.47009024024009705,0.5973880290985107,-0.09026111662387848,0.45992499589920044,0.5549095869064331,-0.10233688354492188,0.50043785572052,0.7754648327827454,-0.07014889270067215,0.4846324026584625,0.7313092350959778,-0.09465134143829346,0.4718562066555023,0.7011947631835938,-0.10904990136623383,0.4616200923919678,0.6699211001396179,-0.11995169520378113
26,right,0.3666660785675049,0.8502596616744995,2.49706033628172e-07,0.3847540318965912,0.7847448587417603,0.010136381722986698,0.39805397391319275,0.7168174982070923,0.007877747528254986,0.41482412815093994,0.6683977246284485,0.0014976545935496688,0.4257245659828186,0.631593644618988,-0.00788910873234272,0.3986912667751312,0.6911709904670715,-0.0161077082157135,0.42117059230804443,0.6124341487884521,-0.037339869886636734,0.43352487683296204,0.5558406114578247,-0.0518605001270771,0.4421975612640381,0.5107802748680115,-0.06228116527199745,0.40007147192955017,0.7018601298332214,-0.035618044435977936,0.42541778087615967,0.6129448413848877,-0.05691811442375183,0.4403919279575348,0.5511621236801147,-0.073079414665699,0.4521480202674866,0.4960220456123352,-0.08435255289077759,0.40521252155303955,0.7279879450798035,-0.05380825698375702,0.4293307960033417,0.647262454032898,-0.07519861310720444,0.4435957074165344,0.5965986251831055,-0.09095972776412964,0.45490849018096924,0.550430417060852,-0.10207168757915497,0.41498690843582153,0.7674576044082642,-0.0703589916229248,0.43072280287742615,0.7291324138641357,-0.09206346422433853,0.44147488474845886,0.700611412525177,-0.1031700074672699,0.4541735053062439,0.6727380752563477,-0.1106584295630455
26,left,0.5460591316223145,0.8693257570266724,3.938943962111807e-07,0.49522799253463745,0.7944434881210327,0.009624862112104893,0.47802847623825073,0.7243692278862,0.004671074450016022,0.4761287271976471,0.6697614789009094,-0.0028437264263629913,0.47110041975975037,0.6256280541419983,-0.013286428526043892,0.5051960945129395,0.6882701516151428,-0.021584389731287956,0.48912930488586426,0.6063466668128967,-0.045530591160058975,0.4719109833240509,0.5515369772911072,-0.06303808838129044,0.457477331161499,0.5012478232383728,-0.07658868283033371,0.5145212411880493,0.7003629803657532,-0.04043722152709961,0.4899803698062897,0.6052616238594055,-0.06392624229192734,0.4695500433444977,0.5432649850845337,-0.08116267621517181,0.45363521575927734,0.48409807682037354,-0.09562944620847702,0.5133036971092224,0.7306790351867676,-0.05772531032562256,0.4900444447994232,0.6452727317810059,-0.08023281395435333,0.47293809056282043,0.5963147878646851,-0.09549374133348465,0.462364137172699,0.5534247756004333,-0.10789448022842407,0.5011531710624695,0.7747934460639954,-0.07321854680776596,0.4857127368450165,0.7317140698432922,-0.09844722598791122,0.47295069694519043,0.701151967048645,-0.11322667449712753,0.4628332853317261,0.6693204641342163,-0.12447485327720642
27,right,0.37001997232437134,0.850205659866333,2.460047880958882e-07,0.3918227553367615,0.7828992605209351,0.010266894474625587,0.4040950834751129,0.7142817974090576,0.008588732220232487,0.41850385069847107,0.6648260951042175,0.0027680087368935347,0.4271920323371887,0.6270266175270081,-0.006149187684059143,0.4045562744140625,0.6877633929252625,-0.014839602634310722,0.42501187324523926,0.6105079650878906,-0.036080483347177505,0.4361225962638855,0.554218590259552,-0.05106579139828682,0.4436160624027252,0.5093953609466553,-0.061908647418022156,0.40468475222587585,0.6996293663978577,-0.034396227449178696,0.42862269282341003,0.6139126420021057,-0.05600544065237045,0.44236359000205994,0.5528879761695862,-0.072916679084301,0.45324522256851196,0.49749404191970825,-0.08478764444589615,0.40801700949668884,0.7268239855766296,-0.05271052196621895,0.43093428015708923,0.6491200923919678,-0.07455567270517349,0.44435638189315796,0.5993987917900085,-0.09068407863378525,0.4550216495990753,0.5537186861038208,-0.10191746801137924,0.4152083694934845,0.7671360969543457,-0.06935855746269226,0.4317772090435028,0.7298070192337036,-0.09150943160057068,0.44263821840286255,0.7012777924537659,-0.10280643403530121,0.4550212025642395,0.6733797192573547,-0.11035831272602081
27,left,0.5446180701255798,0.8716050386428833,3.6389738511388714e-07,0.494349867105484,0.8020428419113159,0.008759154006838799,0.4745315909385681,0.7335307002067566,0.004347287118434906,0.47010478377342224,0.6780611872673035,-0.002597008366137743,0.46327635645866394,0.633210301399231,-0.012380072847008705,0.5016330480575562,0.6942649483680725,-0.01892918534576893,0.48601073026657104,0.6122909784317017,-0.04114890843629837,0.47034966945648193,0.5577788949012756,-0.05785960704088211,0.4575985074043274,0.507685124874115,-0.07090111076831818,0.5111839771270752,0.7046849727630615,-0.03715509921312332,0.4881122410297394,0.6087170839309692,-0.058143556118011475,0.46994996070861816,0.5472447872161865,-0.074268639087677,0.4565962851047516,0.4880788326263428,-0.0878782719373703,0.5107764005661011,0.7327056527137756,-0.05409863591194153,0.4887648820877075,0.6465086340904236,-0.07436249405145645,0.47307512164115906,0.5975821018218994,-0.08849342167377472,0.4641140401363373,0.5543922781944275,-0.1002902165055275,0.5001665353775024,0.7741225957870483,-0.06949082016944885,0.48408299684524536,0.7299330234527588,-0.09242438524961472,0.47204506397247314,0.6998716592788696,-0.1054411232471466,0.4630586802959442,0.6685423851013184,-0.11553235352039337
28,right,0.3668600022792816,0.8493037819862366,2.661058999819943e-07,0.3829266428947449,0.7829236388206482,0.00905216671526432,0.3957820236682892,0.7125736474990845,0.005685504525899887,0.41228219866752625,0.661888599395752,-0.0013614592608064413,0.42314234375953674,0.6228048205375671,-0.01147505547851324,0.39769667387008667,0.6904999613761902,-0.021145781502127647,0.4202612042427063,0.6102939248085022,-0.04363589733839035,0.4329529404640198,0.5536632537841797,-0.05834348127245903,0.4420320689678192,0.5079262256622314,-0.0688248723745346,0.39901742339134216,0.7030154466629028,-0.04048524051904678,0.42455413937568665,0.6118989586830139,-0.0632908046245575,0.4399862289428711,0.5501542687416077,-0.07951818406581879,0.4522048234939575,0.49478936195373535,-0.09073258936405182,0.404385507106781,0.7312731146812439,-0.05827578529715538,0.42884963750839233,0.6484423875808716,-0.08054257184267044,0.44365036487579346,0.5973991751670837,-0.09617482870817184,0.45561131834983826,0.5502532124519348,-0.10715965181589127,0.41438302397727966,0.7722263932228088,-0.07440636307001114,0.4293474555015564,0.7328085899353027,-0.09692316502332687,0.44005927443504333,0.7025928497314453,-0.10844574868679047,0.45317190885543823,0.6726410388946533,-0.11617336422204971
28,left,0.5489500164985657,0.8698630928993225,3.827524892585643e-07,0.4976729452610016,0.7989940643310547,0.010484526865184307,0.47992363572120667,0.7295273542404175,0.005800619721412659,0.4778763949871063,0.6763256788253784,-0.0014390184078365564,0.4725710451602936,0.6327590346336365,-0.011799541302025318,0.5042743682861328,0.6913983225822449,-0.023576168343424797,0.48753732442855835,0.6087201833724976,-0.047709621489048004,0.47050711512565613,0.5532606840133667,-0.06514650583267212,0.45652535557746887,0.5026230812072754,-0.07864408940076828,0.5135802626609802,0.7029891014099121,-0.04276139661669731,0.48954257369041443,0.6072970628738403,-0.06651239097118378,0.46966397762298584,0.544725775718689,-0.08415346592664719,0.454728901386261,0.4846947193145752,-0.09904061257839203,0.5124610066413879,0.7329944968223572,-0.06001295894384384,0.4911097288131714,0.6475393772125244,-0.08312327414751053,0.47463610768318176,0.5977952480316162,-0.09947291016578674,0.465139240026474,0.5545358657836914,-0.11271154135465622,0.5003847479820251,0.7766169309616089,-0.07515283674001694,0.483696311712265,0.7332018613815308,-0.10076254606246948,0.4711308777332306,0.7027479410171509,-0.11595374345779419,0.4625810384750366,0.671068012714386,-0.12766288220882416
29,right,0.3703151345252991,0.8525609970092773,2.4507554030606116e-07,0.39367133378982544,0.7889921069145203,0.009498526342213154,0.4055633246898651,0.7220038175582886,0.0076575931161642075,0.41890043020248413,0.6730679869651794,0.0015782898990437388,0.42681658267974854,0.6351874470710754,-0.007419386878609657,0.4029804766178131,0.691020667552948,-0.014181115664541721,0.42373034358024597,0.6137861013412476,-0.03548124432563782,0.4356122612953186,0.5573617219924927,-0.050304312258958817,0.44424498081207275,0.512410044670105,-0.06084449216723442,0.4024045467376709,0.7018234133720398,-0.03366099298000336,0.4263305068016052,0.6150292754173279,-0.054956525564193726,0.44068482518196106,0.5537939071655273,-0.07130259275436401,0.45260298252105713,0.4990782141685486,-0.08252429962158203,0.40533754229545593,0.7277822494506836,-0.052125681191682816,0.42891424894332886,0.6491634249687195,-0.07389089465141296,0.44311898946762085,0.5993216633796692,-0.0897962898015976,0.45499134063720703,0.5540428161621094,-0.10067059099674225,0.41339293122291565,0.766643762588501,-0.06909525394439697,0.42916321754455566,0.7301793098449707,-0.09110691398382187,0.4398488998413086,0.7023940086364746,-0.10207247734069824,0.45243924856185913,0.6757507920265198,-0.1091717854142189
29,left,0.5461307168006897,0.8754825592041016,3.910957673269877e-07,0.49305230379104614,0.8060193657875061,0.009091601707041264,0.4733860194683075,0.7376658916473389,0.004270521923899651,0.4697776734828949,0.6828556060791016,-0.0031848838552832603,0.46486639976501465,0.6389893889427185,-0.013342294842004776,0.5018385052680969,0.7010818719863892,-0.019423697143793106,0.48804864287376404,0.6195992231369019,-0.04201946035027504,0.4716941714286804,0.5657206773757935,-0.05869892239570618,0.45783185958862305,0.5161668062210083,-0.07161971926689148,0.5114927887916565,0.7102755308151245,-0.037833839654922485,0.48953574895858765,0.6135588884353638,-0.060022901743650436,0.4699636399745941,0.5508707761764526,-0.07655586302280426,0.4546818733215332,0.49082237482070923,-0.09023916721343994,0.5111805200576782,0.7370548844337463,-0.0548202246427536,0.4903261959552765,0.6500951051712036,-0.07595723122358322,0.47342297434806824,0.601201593875885,-0.09016799926757812,0.4626089632511139,0.5583797693252563,-0.10176963359117508,0.5002730488777161,0.7778345942497253,-0.07020813971757889,0.48516592383384705,0.7341246604919434,-0.09314720332622528,0.4724031984806061,0.7044179439544678,-0.1061018779873848,0.46225786209106445,0.6734375357627869,-0.11612704396247864
30,right,0.36548420786857605,0.8522050380706787,2.5611328169361514e-07,0.38524478673934937,0.7882809042930603,0.010010864585638046,0.39890724420547485,0.7204926013946533,0.00841504242271185,0.41580018401145935,0.6723327040672302,0.0026735656429082155,0.42670583724975586,0.6358630657196045,-0.006063438951969147,0.40010327100753784,0.6921171545982361,-0.014212333597242832,0.4224070906639099,0.614977240562439,-0.03502393513917923,0.43507805466651917,0.5586098432540894,-0.04965140298008919,0.4443344473838806,0.5138251781463623,-0.060247261077165604,0.4010835289955139,0.7022026181221008,-0.03328954800963402,0.4262031316757202,0.6158043146133423,-0.05409904941916466,0.44168126583099365,0.5544941425323486,-0.07031052559614182,0.4543393850326538,0.49959102272987366,-0.08168572187423706,0.40611520409584045,0.7283419966697693,-0.051215287297964096,0.4302002489566803,0.6490843296051025,-0.07210803776979446,0.44461795687675476,0.5998088717460632,-0.08766748756170273,0.4561241865158081,0.555263340473175,-0.098556287586689,0.4157162308692932,0.7680349349975586,-0.06759502738714218,0.43223124742507935,0.7294241786003113,-0.08893267810344696,0.44272977113723755,0.7007097005844116,-0.09998136013746262,0.45507121086120605,0.6725571155548096,-0.10740485787391663
30,left,0.5481330156326294,0.8712314367294312,3.863274571358488e-07,0.4957457482814789,0.8014807105064392,0.009320039302110672,0.4770548343658447,0.7325300574302673,0.004400875885039568,0.47284018993377686,0.6775802373886108,-0.0028849609661847353,0.467887282371521,0.6337321400642395,-0.01286537665873766,0.5044032335281372,0.6920480728149414,-0.02059098891913891,0.4864550232887268,0.6098779439926147,-0.044154681265354156,0.46995556354522705,0.5547035932540894,-0.0613611564040184,0.4565757215023041,0.5045620799064636,-0.07455047965049744,0.5145024657249451,0.7028263211250305,-0.03887162730097771,0.4897812604904175,0.6082369089126587,-0.06180907040834427,0.47131648659706116,0.5468830466270447,-0.07853419333696365,0.4574260413646698,0.48831674456596375,-0.09240588545799255,0.5137312412261963,0.7317726612091064,-0.05569617450237274,0.49008727073669434,0.6458708047866821,-0.07804058492183685,0.47371917963027954,0.5964713096618652,-0.09309317916631699,0.46387171745300293,0.5533484220504761,-0.10516161471605301,0.5015968084335327,0.7752748131752014,-0.07069886475801468,0.48509544134140015,0.7326685786247253,-0.09509454667568207,0.47178390622138977,0.702384889125824,-0.10913402587175369,0.4612753093242645,0.6707192659378052,-0.1198076605796814
31,right,0.36549368500709534,0.8532974123954773,2.557179072937288e-07,0.3848743736743927,0.7903459072113037,0.009777876548469067,0.39815059304237366,0.7229081988334656,0.00710038049146533,0.41481339931488037,0.6751929521560669,0.0003855047398246825,0.4258083403110504,0.638530433177948,-0.009312115609645844,0.39756515622138977,0.6945929527282715,-0.01805190183222294,0.4208813011646271,0.6167325973510742,-0.039732400327920914,0.43418699502944946,0.5616034865379333,-0.054262999445199966,0.4437238276004791,0.516992449760437,-0.06462915986776352,0.39817148447036743,0.7056388258934021,-0.03758974373340607,0.4244691729545593,0.6172863245010376,-0.0596500039100647,0.44044187664985657,0.5561681985855103,-0.07589372247457504,0.4530940651893616,0.5013626217842102,-0.087095707654953,0.40279850363731384,0.7323896288871765,-0.055728476494550705,0.428181529045105,0.6524161100387573,-0.07781117409467697,0.4433792531490326,0.602077305316925,-0.09369555115699768,0.4555457532405853,0.5559176206588745,-0.10467267036437988,0.41255027055740356,0.7721955180168152,-0.07220742851495743,0.42913031578063965,0.7335770130157471,-0.09434010088443756,0.4404151737689972,0.705079197883606,-0.10554668307304382,0.45375460386276245,0.6771495342254639,-0.11298264563083649
31,left,0.5452394485473633,0.8741227388381958,3.5596661973613664e-07,0.497606098651886,0.8017696142196655,0.009427552111446857,0.47808149456977844,0.7321285009384155,0.005160199943929911,0.4733273983001709,0.6760688424110413,-0.0017537190578877926,0.4664662778377533,0.631484866142273,-0.011482344940304756,0.5040473341941833,0.6986898183822632,-0.018428456038236618,0.48781898617744446,0.6178100109100342,-0.040305666625499725,0.47132357954978943,0.5647443532943726,-0.056503184139728546,0.4579075872898102,0.5162661671638489,-0.06911447644233704,0.513038694858551,0.7094643712043762,-0.03708009049296379,0.48979687690734863,0.6130018830299377,-0.057949695736169815,0.47061237692832947,0.5508177876472473,-0.07379128038883209,0.4561268985271454,0.4918111562728882,-0.08714158833026886,0.5122528672218323,0.7373986840248108,-0.05446130037307739,0.49026012420654297,0.6502844095230103,-0.07468900084495544,0.4735819101333618,0.60077303647995,-0.08912591636180878,0.46357014775276184,0.5577748417854309,-0.101101815700531,0.5015498995780945,0.7788184285163879,-0.07020745426416397,0.4858926236629486,0.7353639006614685,-0.09321736544370651,0.472896933555603,0.7048836946487427,-0.10669878125190735,0.46262282133102417,0.6734493970870972,-0.11713489890098572
32,right,0.3701474964618683,0.854384183883667,2.5615986487537157e-07,0.387107789516449,0.7893437743186951,0.009154804050922394,0.3979963958263397,0.720852792263031,0.007645278237760067,0.41283512115478516,0.6724421381950378,0.0021520741283893585,0.4224414527416229,0.6365500688552856,-0.006101570557802916,0.40164613723754883,0.6909961700439453,-0.01357921864837408,0.4226892590522766,0.6154600381851196,-0.03403607755899429,0.43471452593803406,0.5600083470344543,-0.04835375398397446,0.4433271586894989,0.5156812071800232,-0.05867990478873253,0.4024639129638672,0.7015480995178223,-0.032248519361019135,0.42619645595550537,0.6169676780700684,-0.05237278342247009,0.440969854593277,0.5568627715110779,-0.06786567717790604,0.45335784554481506,0.5035907626152039,-0.07873142510652542,0.4061887860298157,0.727705180644989,-0.04999235272407532,0.4296009838581085,0.6511868238449097,-0.07072963565587997,0.4436710774898529,0.603415310382843,-0.08594875037670135,0.4552794098854065,0.5600361227989197,-0.09652158617973328,0.4143075942993164,0.7675012350082397,-0.06633401662111282,0.43041563034057617,0.7316321134567261,-0.08784190565347672,0.44081413745880127,0.7042649388313293,-0.09871703386306763,0.4530841112136841,0.6774387955665588,-0.10582726448774338
32,left,0.547973096370697,0.8758109211921692,3.785328601679794e-07,0.4965982437133789,0.8079261779785156,0.008188215084373951,0.4767063856124878,0.7393553256988525,0.003109427634626627,0.4734199643135071,0.6840959787368774,-0.004108644090592861,0.46826276183128357,0.6399899125099182,-0.014272134751081467,0.5045823454856873,0.6981027126312256,-0.022967424243688583,0.4889383614063263,0.6163284182548523,-0.046622298657894135,0.47205567359924316,0.560900092124939,-0.06400055438280106,0.4579564034938812,0.5107713937759399,-0.07747456431388855,0.5145206451416016,0.7093255519866943,-0.0411246083676815,0.4912351667881012,0.6131526231765747,-0.06377220153808594,0.4715810716152191,0.5507686138153076,-0.08044803142547607,0.45678773522377014,0.4912622272968292,-0.09448346495628357,0.5139710903167725,0.7386481165885925,-0.0578107088804245,0.4905644953250885,0.6516668796539307,-0.07997612655162811,0.47263577580451965,0.6026606559753418,-0.09530705213546753,0.462075799703598,0.5599695444107056,-0.10780563950538635,0.5030429363250732,0.7818114757537842,-0.07276853173971176,0.48606178164482117,0.7380176782608032,-0.09822578728199005,0.47299402952194214,0.7075158953666687,-0.11311643570661545,0.4634486436843872,0.6754583120346069,-0.1243538185954094
33,right,0.3670780062675476,0.8540734648704529,2.857929075616994e-07,0.3842045068740845,0.790925145149231,0.00825140904635191,0.3972514569759369,0.7239912152290344,0.005571205168962479,0.4137294590473175,0.6762471795082092,-0.000986606813967228,0.424892395734787,0.6403733491897583,-0.0102572962641716,0.39808252453804016,0.695921003818512,-0.0161008071154356,0.4217674434185028,0.6184614300727844,-0.03723426163196564,0.43577834963798523,0.563949704170227,-0.05150672793388367,0.4461747407913208,0.5204881429672241,-0.061552099883556366,0.39894747734069824,0.7058743238449097,-0.03441378101706505,0.42554014921188354,0.6188797354698181,-0.055203501135110855,0.44225770235061646,0.5582054257392883,-0.07068441808223724,0.4559082090854645,0.5047287940979004,-0.08130516856908798,0.404112309217453,0.7314019203186035,-0.051730092614889145,0.4294128715991974,0.6509524583816528,-0.07271676510572433,0.44473862648010254,0.6016954183578491,-0.0879654511809349,0.45743528008461,0.5575271844863892,-0.09848075360059738,0.4146711826324463,0.770017147064209,-0.06766737252473831,0.4317111074924469,0.7327017188072205,-0.08872611820697784,0.4420395791530609,0.7048801183700562,-0.09941698610782623,0.4544326961040497,0.6775674223899841,-0.10646075010299683
33,left,0.547698974609375,0.8744591474533081,3.8164029092513374e-07,0.4944329857826233,0.80376136302948,0.008443145081400871,0.4760848581790924,0.7342281937599182,0.0030484439339488745,0.4744392931461334,0.6796875,-0.0046337018720805645,0.47004440426826477,0.6354959607124329,-0.015397164039313793,0.504659116268158,0.6940173506736755,-0.02304609678685665,0.488979309797287,0.6136072874069214,-0.046495914459228516,0.47141653299331665,0.5593632459640503,-0.06410161405801773,0.4569205343723297,0.5098512172698975,-0.07802673429250717,0.5147290825843811,0.7063132524490356,-0.041582141071558,0.49174365401268005,0.6112985610961914,-0.06427780538797379,0.47222453355789185,0.5501806735992432,-0.08188705891370773,0.45754489302635193,0.4917009472846985,-0.0969475582242012,0.5143709182739258,0.736396312713623,-0.05849526822566986,0.49230197072029114,0.650983989238739,-0.08014926314353943,0.4748363792896271,0.6032535433769226,-0.09599204361438751,0.46457839012145996,0.5621417760848999,-0.1092914491891861,0.5033115148544312,0.7800443172454834,-0.07369396090507507,0.48610958456993103,0.7379381060600281,-0.09829084575176239,0.4722764790058136,0.7082615494728088,-0.11325819045305252,0.46225231885910034,0.6772580742835999,-0.12497176229953766
34,right,0.3676562011241913,0.858040988445282,2.719834810704924e-07,0.384548544883728,0.7946022748947144,0.007913358509540558,0.3985332250595093,0.7268354296684265,0.0052424268797039986,0.4159413278102875,0.6792542934417725,-0.0009812683565542102,0.4272623360157013,0.642633318901062,-0.009791867807507515,0.400418221950531,0.6983737945556641,-0.01723441854119301,0.4226364195346832,0.621275782585144,-0.03810690715909004,0.43613263964653015,0.5664843916893005,-0.05191442742943764,0.4464923143386841,0.5226176381111145,-0.06162700057029724,0.4012463688850403,0.7087239027023315,-0.035264648497104645,0.42572686076164246,0.6227219700813293,-0.055726196616888046,0.44183799624443054,0.5613411664962769,-0.07083959132432938,0.45565691590309143,0.5074679851531982,-0.08122600615024567,0.4059652090072632,0.7347596287727356,-0.05223248526453972,0.42927372455596924,0.6544220447540283,-0.07343482226133347,0.4440721571445465,0.6040968298912048,-0.08901983499526978,0.45701533555984497,0.5590089559555054,-0.09971283376216888,0.41603899002075195,0.773797869682312,-0.06776700913906097,0.4313070476055145,0.7365224957466125,-0.08999043703079224,0.4415630102157593,0.7084470987319946,-0.1015394777059555,0.4543955326080322,0.681434154510498,-0.1089872345328331
34,left,0.550832211971283,0.8806155323982239,3.692685481837543e-07,0.4956633448600769,0.8131273984909058,0.006936647463589907,0.4751472473144531,0.7433359026908875,0.0015190447447821498,0.4721129834651947,0.6870088577270508,-0.005987497977912426,0.46716320514678955,0.6419762969017029,-0.016258828341960907,0.5058853626251221,0.7011697888374329,-0.02174321934580803,0.4899989068508148,0.6206495761871338,-0.04463092237710953,0.47209879755973816,0.5666636228561401,-0.062049634754657745,0.45735859870910645,0.5177867412567139,-0.0758257731795311,0.5161231160163879,0.7114304900169373,-0.039543066173791885,0.4940178692340851,0.615182638168335,-0.061909254640340805,0.4737902581691742,0.5534031391143799,-0.07934492826461792,0.45902037620544434,0.4950244128704071,-0.09401824325323105,0.5164905786514282,0.7398912906646729,-0.056024014949798584,0.49508169293403625,0.653286874294281,-0.07760690897703171,0.47719019651412964,0.6054258346557617,-0.09323745965957642,0.4672723710536957,0.5651382803916931,-0.10616336017847061,0.5064609050750732,0.7825067639350891,-0.07098998129367828,0.488521933555603,0.7402010560035706,-0.09541026502847672,0.47436290979385376,0.710727870464325,-0.1099548190832138,0.46417343616485596,0.6797980070114136,-0.12120777368545532
35,right,0.36773401498794556,0.852216899394989,2.957661990876659e-07,0.3838092088699341,0.7875972986221313,0.007067409344017506,0.3984812796115875,0.7200214862823486,0.003984661772847176,0.41579052805900574,0.6719949245452881,-0.0026805663947016,0.4280562698841095,0.6361173391342163,-0.011540818959474564,0.40024542808532715,0.6945303082466125,-0.01649540103971958,0.4219367802143097,0.6154974699020386,-0.037282977253198624,0.43566054105758667,0.5607678294181824,-0.05064599961042404,0.44658008217811584,0.5169882774353027,-0.05989496037364006,0.40123966336250305,0.7042443156242371,-0.03404274582862854,0.4260843098163605,0.6176716685295105,-0.05407802388072014,0.4433044195175171,0.5586100220680237,-0.06799151748418808,0.45791518688201904,0.5086205005645752,-0.07733221352100372,0.4064185619354248,0.7303960919380188,-0.05076486989855766,0.43031519651412964,0.6510343551635742,-0.07080862671136856,0.44629034399986267,0.6034479141235352,-0.08456148207187653,0.4602333605289459,0.5612850785255432,-0.09399651736021042,0.4166657328605652,0.769382119178772,-0.06636802107095718,0.4317196011543274,0.7329046726226807,-0.08702564239501953,0.4425240755081177,0.7045102715492249,-0.09737573564052582,0.45602089166641235,0.6770060062408447,-0.10398925095796585
35,left,0.5493647456169128,0.877692699432373,3.7169857591834443e-07,0.49703532457351685,0.8080306053161621,0.008425679989159107,0.47877246141433716,0.738275945186615,0.0032283866312354803,0.47540801763534546,0.682096540927887,-0.004044888075441122,0.47040700912475586,0.6373752951622009,-0.014399627223610878,0.5072534680366516,0.6968408226966858,-0.02287379279732704,0.48974519968032837,0.6168744564056396,-0.046495601534843445,0.4728265404701233,0.5625582337379456,-0.06412439793348312,0.4591999351978302,0.5127638578414917,-0.07794189453125,0.5171905755996704,0.7082493901252747,-0.041321806609630585,0.4925503432750702,0.6130387187004089,-0.06414417922496796,0.4731537997722626,0.5510110855102539,-0.08159470558166504,0.4589715600013733,0.4916393756866455,-0.09631488472223282,0.5172221660614014,0.7390328049659729,-0.05820585414767265,0.4940950870513916,0.6517926454544067,-0.08075083792209625,0.47690412402153015,0.6017023921012878,-0.09707856178283691,0.46701064705848694,0.5578352212905884,-0.11039777845144272,0.506874680519104,0.7843815684318542,-0.07324010878801346,0.4900253415107727,0.7428939938545227,-0.09902898967266083,0.4763169288635254,0.7121522426605225,-0.11440930515527725,0.4660254120826721,0.6790350079536438,-0.12612023949623108
36,right,0.37498876452445984,0.8488056659698486,2.609747866699763e-07,0.3908403813838959,0.7819043397903442,0.008625450544059277,0.4035066068172455,0.7143305540084839,0.006939984392374754,0.41893160343170166,0.6653749346733093,0.0013691717758774757,0.42881643772125244,0.6289324164390564,-0.006686301901936531,0.4055088460445404,0.6897423267364502,-0.013510806486010551,0.4261876940727234,0.6120866537094116,-0.03371209278702736,0.4385821521282196,0.5558642745018005,-0.04734373465180397,0.4479694068431854,0.5110828280448914,-0.05692257732152939,0.40638360381126404,0.699951708316803,-0.03178294748067856,0.42986711859703064,0.6133918166160583,-0.051335353404283524,0.44509637355804443,0.5532958507537842,-0.06548508256673813,0.4580535590648651,0.5018377304077148,-0.07504141330718994,0.41071319580078125,0.7251270413398743,-0.049221836030483246,0.43356531858444214,0.6447985172271729,-0.06933936476707458,0.4481876492500305,0.5954484939575195,-0.08318913727998734,0.4606495797634125,0.5520408153533936,-0.09261184185743332,0.4198741614818573,0.7631378173828125,-0.06538478285074234,0.43553897738456726,0.7249060273170471,-0.0861961618065834,0.44591572880744934,0.6960859894752502,-0.09610549360513687,0.4581906497478485,0.6683982610702515,-0.1023622676730156
36,left,0.5499914288520813,0.8760961890220642,3.681434748159518e-07,0.49229443073272705,0.8079438805580139,0.008954841643571854,0.47353503108024597,0.7398476600646973,0.004226598888635635,0.47129708528518677,0.6871078014373779,-0.0032455602195113897,0.4691765010356903,0.6439579725265503,-0.013832408003509045,0.505055844783783,0.6963317394256592,-0.01958361640572548,0.4902805685997009,0.61616450548172,-0.042707692831754684,0.4744543135166168,0.5617530941963196,-0.060454897582530975,0.4613399803638458,0.5118042230606079,-0.07461283355951309,0.5155022144317627,0.7066153287887573,-0.03842875733971596,0.4939117133617401,0.6111018657684326,-0.06108943372964859,0.47527897357940674,0.5497493147850037,-0.07900381833314896,0.46114641427993774,0.4899273216724396,-0.09403904527425766,0.5167168974876404,0.7354452610015869,-0.05588758364319801,0.4957153797149658,0.648343026638031,-0.07845564931631088,0.47833749651908875,0.6003463268280029,-0.09485118091106415,0.46774575114250183,0.558454155921936,-0.10811638832092285,0.5075902342796326,0.7775596976280212,-0.07162107527256012,0.4909842610359192,0.7354339957237244,-0.09727263450622559,0.4767933189868927,0.7054848670959473,-0.11269459873437881,0.4666178822517395,0.673733115196228,-0.12447112798690796
