1,right,0,0,0,0,0,0,0,0,0,0,0,0,0,0,0,0,0,0,0,0,0,0,0,0,0,0,0,0,0,0,0,0,0,0,0,0,0,0,0,0,0,0,0,0,0,0,0,0,0,0,0,0,0,0,0,0,0,0,0,0,0,0,0
1,left,0,0,0,0,0,0,0,0,0,0,0,0,0,0,0,0,0,0,0,0,0,0,0,0,0,0,0,0,0,0,0,0,0,0,0,0,0,0,0,0,0,0,0,0,0,0,0,0,0,0,0,0,0,0,0,0,0,0,0,0,0,0,0
2,right,0,0,0,0,0,0,0,0,0,0,0,0,0,0,0,0,0,0,0,0,0,0,0,0,0,0,0,0,0,0,0,0,0,0,0,0,0,0,0,0,0,0,0,0,0,0,0,0,0,0,0,0,0,0,0,0,0,0,0,0,0,0,0
2,left,0,0,0,0,0,0,0,0,0,0,0,0,0,0,0,0,0,0,0,0,0,0,0,0,0,0,0,0,0,0,0,0,0,0,0,0,0,0,0,0,0,0,0,0,0,0,0,0,0,0,0,0,0,0,0,0,0,0,0,0,0,0,0
3,right,0,0,0,0,0,0,0,0,0,0,0,0,0,0,0,0,0,0,0,0,0,0,0,0,0,0,0,0,0,0,0,0,0,0,0,0,0,0,0,0,0,0,0,0,0,0,0,0,0,0,0,0,0,0,0,0,0,0,0,0,0,0,0
3,left,0,0,0,0,0,0,0,0,0,0,0,0,0,0,0,0,0,0,0,0,0,0,0,0,0,0,0,0,0,0,0,0,0,0,0,0,0,0,0,0,0,0,0,0,0,0,0,0,0,0,0,0,0,0,0,0,0,0,0,0,0,0,0
4,right,0,0,0,0,0,0,0,0,0,0,0,0,0,0,0,0,0,0,0,0,0,0,0,0,0,0,0,0,0,0,0,0,0,0,0,0,0,0,0,0,0,0,0,0,0,0,0,0,0,0,0,0,0,0,0,0,0,0,0,0,0,0,0
4,left,0,0,0,0,0,0,0,0,0,0,0,0,0,0,0,0,0,0,0,0,0,0,0,0,0,0,0,0,0,0,0,0,0,0,0,0,0,0,0,0,0,0,0,0,0,0,0,0,0,0,0,0,0,0,0,0,0,0,0,0,0,0,0
5,right,0,0,0,0,0,0,0,0,0,0,0,0,0,0,0,0,0,0,0,0,0,0,0,0,0,0,0,0,0,0,0,0,0,0,0,0,0,0,0,0,0,0,0,0,0,0,0,0,0,0,0,0,0,0,0,0,0,0,0,0,0,0,0
5,left,0,0,0,0,0,0,0,0,0,0,0,0,0,0,0,0,0,0,0,0,0,0,0,0,0,0,0,0,0,0,0,0,0,0,0,0,0,0,0,0,0,0,0,0,0,0,0,0,0,0,0,0,0,0,0,0,0,0,0,0,0,0,0
6,right,0,0,0,0,0,0,0,0,0,0,0,0,0,0,0,0,0,0,0,0,0,0,0,0,0,0,0,0,0,0,0,0,0,0,0,0,0,0,0,0,0,0,0,0,0,0,0,0,0,0,0,0,0,0,0,0,0,0,0,0,0,0,0
6,left,0,0,0,0,0,0,0,0,0,0,0,0,0,0,0,0,0,0,0,0,0,0,0,0,0,0,0,0,0,0,0,0,0,0,0,0,0,0,0,0,0,0,0,0,0,0,0,0,0,0,0,0,0,0,0,0,0,0,0,0,0,0,0
7,right,0,0,0,0,0,0,0,0,0,0,0,0,0,0,0,0,0,0,0,0,0,0,0,0,0,0,0,0,0,0,0,0,0,0,0,0,0,0,0,0,0,0,0,0,0,0,0,0,0,0,0,0,0,0,0,0,0,0,0,0,0,0,0
7,left,0,0,0,0,0,0,0,0,0,0,0,0,0,0,0,0,0,0,0,0,0,0,0,0,0,0,0,0,0,0,0,0,0,0,0,0,0,0,0,0,0,0,0,0,0,0,0,0,0,0,0,0,0,0,0,0,0,0,0,0,0,0,0
8,right,0,0,0,0,0,0,0,0,0,0,0,0,0,0,0,0,0,0,0,0,0,0,0,0,0,0,0,0,0,0,0,0,0,0,0,0,0,0,0,0,0,0,0,0,0,0,0,0,0,0,0,0,0,0,0,0,0,0,0,0,0,0,0
8,left,0.6013751029968262,0.951818585395813,6.92576662686406e-08,0.5532575845718384,0.8634301424026489,-0.0007902764482423663,0.5407118201255798,0.7889096140861511,-0.004900375381112099,0.5285367369651794,0.7362682819366455,-0.010802652686834335,0.514323353767395,0.6933251619338989,-0.01946388930082321,0.587518036365509,0.753881573677063,-0.019123895093798637,0.5557385087013245,0.6809328198432922,-0.035128891468048096,0.5349024534225464,0.6405676007270813,-0.047567300498485565,0.518585205078125,0.6045976877212524,-0.05782727897167206,0.5962936878204346,0.786717414855957,-0.033151257783174515,0.5620144605636597,0.7122286558151245,-0.0471014566719532,0.5364476442337036,0.6691439151763916,-0.060835663229227066,0.5137763619422913,0.6316242218017578,-0.07368218153715134,0.5964001417160034,0.836973249912262,-0.04736916348338127,0.5660808682441711,0.7851563692092896,-0.06575699895620346,0.5436493754386902,0.7481442093849182,-0.08388538658618927,0.5246020555496216,0.7143546342849731,-0.09876806288957596,0.5861499309539795,0.8944133520126343,-0.060695748776197433,0.5655528903007507,0.8813791275024414,-0.07997419685125351,0.5508173108100891,0.8684618473052979,-0.09207069128751755,0.5373050570487976,0.8544864654541016,-0.10237814486026764
9,right,0.35731813311576843,0.9970940947532654,2.4502204709619946e-08,0.4428168833255768,0.9081679582595825,0.01050180196762085,0.4800971746444702,0.8230409622192383,0.009346862323582172,0.5020544528961182,0.7713510990142822,0.0015022007282823324,0.5184201598167419,0.7306913733482361,-0.007558340206742287,0.43323707580566406,0.7339768409729004,-0.004954484757035971,0.46666866540908813,0.6424133777618408,-0.024847593158483505,0.48669570684432983,0.6001527309417725,-0.04074937105178833,0.4987887740135193,0.563225269317627,-0.05381380021572113,0.4205782413482666,0.7618444561958313,-0.028772568330168724,0.4597301483154297,0.6692953109741211,-0.04983918368816376,0.4797915816307068,0.6176912188529968,-0.06688831001520157,0.4927208125591278,0.569162130355835,-0.08097527921199799,0.4182743430137634,0.8094068169593811,-0.05297624692320824,0.4589550197124481,0.7414913177490234,-0.07687871158123016,0.4857538938522339,0.6988953351974487,-0.09417218714952469,0.5054318904876709,0.6558123230934143,-0.10784482955932617,0.42730164527893066,0.8674256801605225,-0.07635524123907089,0.46108418703079224,0.8402358889579773,-0.09723910689353943,0.47989821434020996,0.8174748420715332,-0.10671430081129074,0.4969765245914459,0.7951740622520447,-0.11487603932619095
9,left,0,0,0,0,0,0,0,0,0,0,0,0,0,0,0,0,0,0,0,0,0,0,0,0,0,0,0,0,0,0,0,0,0,0,0,0,0,0,0,0,0,0,0,0,0,0,0,0,0,0,0,0,0,0,0,0,0,0,0,0,0,0,0
10,right,0.36806806921958923,0.9484407901763916,1.8452337258167972e-07,0.42902371287345886,0.8737892508506775,0.015227014198899269,0.4594558775424957,0.7945833802223206,0.013367454521358013,0.47907358407974243,0.7462733387947083,0.005218019708991051,0.4943559467792511,0.7095478773117065,-0.00485475966706872,0.43898460268974304,0.7298529148101807,-0.012273670174181461,0.47296401858329773,0.6372790336608887,-0.03305314853787422,0.4870031476020813,0.5842108726501465,-0.04758850485086441,0.4940071105957031,0.5390000343322754,-0.058631449937820435,0.4302626848220825,0.7503455281257629,-0.036840301007032394,0.47050026059150696,0.6485279202461243,-0.05897725000977516,0.48641738295555115,0.592045783996582,-0.07557752728462219,0.4970541000366211,0.5415603518486023,-0.08826421201229095,0.4285981059074402,0.7885236740112305,-0.06022367253899574,0.4681141674518585,0.7064694166183472,-0.08231478184461594,0.4902472496032715,0.6590380668640137,-0.09888465702533722,0.5073392987251282,0.6135381460189819,-0.11179562658071518,0.43587952852249146,0.839364230632782,-0.08185888081789017,0.46763288974761963,0.7989388108253479,-0.1007905974984169,0.486985981464386,0.7711919546127319,-0.11060941964387894,0.5063489675521851,0.7445855140686035,-0.11891566962003708
10,left,0,0,0,0,0,0,0,0,0,0,0,0,0,0,0,0,0,0,0,0,0,0,0,0,0,0,0,0,0,0,0,0,0,0,0,0,0,0,0,0,0,0,0,0,0,0,0,0,0,0,0,0,0,0,0,0,0,0,0,0,0,0,0
11,right,0.3755824863910675,0.9187009930610657,2.485148797859438e-07,0.42702236771583557,0.8479404449462891,0.01248231902718544,0.45094889402389526,0.7740727663040161,0.008276148699223995,0.46913081407546997,0.7255417108535767,-0.0018194952281191945,0.48413872718811035,0.6886000037193298,-0.014012505300343037,0.4326419234275818,0.7201105952262878,-0.018200505524873734,0.4639393091201782,0.629239022731781,-0.04332761466503143,0.4812943935394287,0.5737090110778809,-0.060542769730091095,0.4941842555999756,0.5271046161651611,-0.0728226751089096,0.4266986548900604,0.7366709113121033,-0.042246684432029724,0.46374380588531494,0.637156069278717,-0.069219209253788,0.48486173152923584,0.5778753161430359,-0.0870257094502449,0.5015604496002197,0.5275992155075073,-0.09918840229511261,0.4273655414581299,0.7712920308113098,-0.06516239047050476,0.4623103141784668,0.687624990940094,-0.09067580848932266,0.48601388931274414,0.6406235694885254,-0.1062370017170906,0.5057276487350464,0.5985133051872253,-0.11694657057523727,0.4363802969455719,0.8182777762413025,-0.08668550103902817,0.4624199867248535,0.7746883630752563,-0.10839428007602692,0.4814392328262329,0.7446873188018799,-0.11843310296535492,0.5022373199462891,0.7167410850524902,-0.12572892010211945
11,left,0.6003726720809937,0.9009943008422852,2.2553017231530248e-07,0.5420088768005371,0.8350275754928589,0.00047547544818371534,0.5229321122169495,0.7650601863861084,-0.0077745141461491585,0.5209998488426208,0.7114623785018921,-0.017394209280610085,0.5166083574295044,0.6691465377807617,-0.02935187704861164,0.550895631313324,0.7046639919281006,-0.026734301820397377,0.5333242416381836,0.6182888746261597,-0.04900582507252693,0.5183979868888855,0.5673217177391052,-0.06528937816619873,0.5078014731407166,0.5208626985549927,-0.07848870754241943,0.5625304579734802,0.7164511680603027,-0.04227232187986374,0.5353058576583862,0.6212844252586365,-0.06539320945739746,0.5167308449745178,0.564782977104187,-0.08280561864376068,0.5035459995269775,0.5140383243560791,-0.09752572327852249,0.5657786726951599,0.7493141293525696,-0.05737489089369774,0.5373483896255493,0.6630134582519531,-0.08100011944770813,0.5204149484634399,0.6141095161437988,-0.09956800937652588,0.5105498433113098,0.5730985999107361,-0.11464288830757141,0.5587037801742554,0.7977014780044556,-0.07160482555627823,0.5402551889419556,0.7584208846092224,-0.09792781621217728,0.5234492421150208,0.727303683757782,-0.11564065515995026,0.5102900266647339,0.6950181126594543,-0.1295938640832901
12,right,0.38162708282470703,0.8852932453155518,2.975774009428278e-07,0.41662830114364624,0.8046997785568237,0.01316110324114561,0.4363401532173157,0.7292619943618774,0.008928976953029633,0.4543997049331665,0.6762582659721375,-0.0005736094899475574,0.46793997287750244,0.63569176197052,-0.012712993659079075,0.43194136023521423,0.6960460543632507,-0.022997252643108368,0.46017730236053467,0.6075219511985779,-0.04911023750901222,0.4766156077384949,0.5530691146850586,-0.06617389619350433,0.49012571573257446,0.5078985691070557,-0.07805957645177841,0.42823147773742676,0.7131428718566895,-0.047214996069669724,0.4568995535373688,0.6174564361572266,-0.0749874860048294,0.4765916168689728,0.5590081214904785,-0.09329414367675781,0.49310776591300964,0.5073624849319458,-0.10573960840702057,0.4294812083244324,0.7478623390197754,-0.06965058296918869,0.4577866196632385,0.6683353185653687,-0.09642602503299713,0.47955501079559326,0.624782919883728,-0.11232155561447144,0.4981521964073181,0.5836597681045532,-0.12315384298563004,0.4369869530200958,0.7957788109779358,-0.09023687988519669,0.45839130878448486,0.7563220858573914,-0.11394131928682327,0.4749211072921753,0.7294260263442993,-0.12409837543964386,0.4934430718421936,0.7029951810836792,-0.1310548037290573
12,left,0.5899559259414673,0.8955438137054443,4.0747531215856725e-07,0.5305384993553162,0.8260202407836914,0.003119467990472913,0.5121511220932007,0.756922721862793,-0.005225991364568472,0.5105991959571838,0.7016014456748962,-0.014857723377645016,0.5103687047958374,0.656741738319397,-0.02698359452188015,0.544388473033905,0.705965518951416,-0.02879599668085575,0.5298286080360413,0.6171039938926697,-0.054673824459314346,0.5127438306808472,0.560286283493042,-0.07287418097257614,0.4995644688606262,0.5092882513999939,-0.08720964938402176,0.5580620169639587,0.7161335945129395,-0.04584123566746712,0.5330525636672974,0.6197348833084106,-0.07158415019512177,0.5146680474281311,0.5583226084709167,-0.08953895419836044,0.5009214282035828,0.5009534955024719,-0.10434706509113312,0.5618900656700134,0.7467671632766724,-0.062112338840961456,0.5355017781257629,0.6586487293243408,-0.08828999847173691,0.5183947086334229,0.606539785861969,-0.10621656477451324,0.5073189735412598,0.5606776475906372,-0.12042858451604843,0.5542951822280884,0.793609082698822,-0.07703571021556854,0.5384407639503479,0.7515908479690552,-0.10661537200212479,0.521412193775177,0.7197104692459106,-0.12481555342674255,0.5061119198799133,0.6846561431884766,-0.1385212391614914
13,right,0.3839588761329651,0.8853628039360046,2.6172688194492366e-07,0.4141537547111511,0.81139075756073,0.009439561516046524,0.4328596889972687,0.7396118640899658,0.004222359973937273,0.453090101480484,0.6908639669418335,-0.005620380397886038,0.4677441716194153,0.6524690389633179,-0.017775222659111023,0.4323800802230835,0.7054618000984192,-0.024406451731920242,0.4599527418613434,0.6150007247924805,-0.05073537304997444,0.4760424792766571,0.5571281313896179,-0.06756355613470078,0.48829448223114014,0.5097869038581848,-0.07899664342403412,0.42866286635398865,0.7196158170700073,-0.04642393812537193,0.45723846554756165,0.6240960955619812,-0.0746769830584526,0.47716769576072693,0.5624749660491943,-0.09273429214954376,0.4929612874984741,0.510375440120697,-0.10446006059646606,0.4302445948123932,0.7519482970237732,-0.06693131476640701,0.4582565128803253,0.6707313656806946,-0.09353728592395782,0.481126070022583,0.6248688101768494,-0.10869985073804855,0.5003139972686768,0.5845234394073486,-0.11840087920427322,0.4381862282752991,0.7976245284080505,-0.08599874377250671,0.45786604285240173,0.7565814256668091,-0.11027015745639801,0.47341373562812805,0.7278066277503967,-0.12041328102350235,0.4904594421386719,0.7011514902114868,-0.12669974565505981
13,left,0.5914449095726013,0.890674352645874,3.362941356499505e-07,0.5427302718162537,0.8202226758003235,0.006338906940072775,0.5250260829925537,0.7477002143859863,0.00028167106211185455,0.5229777097702026,0.6906985640525818,-0.007386334240436554,0.5183795690536499,0.6447409391403198,-0.017880884930491447,0.5458759069442749,0.706356942653656,-0.026540743187069893,0.5299558639526367,0.6188803911209106,-0.050362054258584976,0.5140862464904785,0.562782883644104,-0.06724882125854492,0.5016131401062012,0.5120412707328796,-0.08089934289455414,0.5566808581352234,0.7160131335258484,-0.04425949230790138,0.5311276912689209,0.6193646788597107,-0.06727875769138336,0.5134226679801941,0.5574425458908081,-0.08384963870048523,0.5005335807800293,0.498782753944397,-0.09835626184940338,0.5581543445587158,0.745761513710022,-0.060862503945827484,0.5319081544876099,0.6559208631515503,-0.08422820270061493,0.5149228572845459,0.6026797890663147,-0.10190600156784058,0.5043657422065735,0.5564598441123962,-0.11676012724637985,0.5501421093940735,0.7916098833084106,-0.07581193000078201,0.5342707633972168,0.7495688199996948,-0.10432688146829605,0.5175769329071045,0.7167319059371948,-0.1231037825345993,0.502078115940094,0.6818624138832092,-0.13760937750339508
14,right,0.38216936588287354,0.8831164240837097,2.5792729729801067e-07,0.4104151725769043,0.8120693564414978,0.011004391126334667,0.4302443265914917,0.7417764663696289,0.008092313073575497,0.45083168148994446,0.6935674548149109,9.544999193167314e-05,0.46562185883522034,0.656693160533905,-0.01030771154910326,0.4294261336326599,0.7061528563499451,-0.015405426733195782,0.4587636888027191,0.6198216080665588,-0.0386868417263031,0.4749622941017151,0.5618137121200562,-0.054325953125953674,0.48622453212738037,0.5151283144950867,-0.06516407430171967,0.42775648832321167,0.7181729674339294,-0.03695714473724365,0.4577080011367798,0.6243586540222168,-0.060637712478637695,0.47751402854919434,0.5625858306884766,-0.07756158709526062,0.4925408959388733,0.5104569792747498,-0.08898131549358368,0.4310501217842102,0.7481176853179932,-0.05739949643611908,0.45941415429115295,0.6664232015609741,-0.08059564977884293,0.4809175133705139,0.6213265061378479,-0.09585610032081604,0.49830812215805054,0.582136869430542,-0.10617079585790634,0.44044825434684753,0.7923489212989807,-0.07640349864959717,0.46132391691207886,0.7537756562232971,-0.09839306771755219,0.4759088456630707,0.7275091409683228,-0.1084020808339119,0.49160927534103394,0.70323246717453,-0.11491353064775467
14,left,0.5849193930625916,0.8897380828857422,4.2470904304536816e-07,0.5270066261291504,0.8245949149131775,0.002440091222524643,0.5083461403846741,0.7614114880561829,-0.006153447553515434,0.5058005452156067,0.7107669115066528,-0.016048477962613106,0.5056087374687195,0.6683011054992676,-0.02822531759738922,0.5398954153060913,0.7054182887077332,-0.02680453099310398,0.526637613773346,0.6191300749778748,-0.052584510296583176,0.5114815831184387,0.5627290606498718,-0.07105416059494019,0.4997785687446594,0.5117173790931702,-0.08555038273334503,0.552918553352356,0.7140009999275208,-0.043056610971689224,0.5281825661659241,0.6186076998710632,-0.06826944649219513,0.5114217400550842,0.5580483078956604,-0.08579566329717636,0.49848878383636475,0.5001851320266724,-0.10025130957365036,0.5562036633491516,0.7431196570396423,-0.058802250772714615,0.5297664999961853,0.6581372618675232,-0.08412093669176102,0.51397305727005,0.6093201041221619,-0.10074838995933533,0.5032986402511597,0.5655416250228882,-0.11394698172807693,0.5479323863983154,0.7889300584793091,-0.07341932505369186,0.5338123440742493,0.7469066381454468,-0.10230740159749985,0.5190994739532471,0.715527355670929,-0.11992144584655762,0.505614697933197,0.6800824999809265,-0.13310252130031586
15,right,0.3890701234340668,0.8705950975418091,2.3448616559562652e-07,0.41211429238319397,0.7961616516113281,0.014235710725188255,0.42968374490737915,0.7228331565856934,0.012674947269260883,0.44832515716552734,0.6699362397193909,0.005850974470376968,0.46128642559051514,0.6295436024665833,-0.003912265878170729,0.4299338757991791,0.6941511034965515,-0.01397512387484312,0.4556835889816284,0.610097348690033,-0.036185286939144135,0.47060278058052063,0.5543363094329834,-0.05168907344341278,0.482377290725708,0.5093086957931519,-0.06291638314723969,0.43099525570869446,0.7076553702354431,-0.036684077233076096,0.45632144808769226,0.6150464415550232,-0.05957578867673874,0.47392401099205017,0.554785966873169,-0.07643136382102966,0.48835572600364685,0.5021239519119263,-0.08819572627544403,0.43619295954704285,0.7387087941169739,-0.05786620453000069,0.46290791034698486,0.6566840410232544,-0.08046816289424896,0.48085635900497437,0.6101365089416504,-0.09565465152263641,0.49578171968460083,0.5673863291740417,-0.1063854992389679,0.44708603620529175,0.7839427590370178,-0.07709107547998428,0.4653199315071106,0.7443985939025879,-0.09956685453653336,0.47688668966293335,0.7168380618095398,-0.10970942676067352,0.4897318482398987,0.6889857649803162,-0.11639893800020218
15,left,0.5853967666625977,0.883050799369812,3.909944155111589e-07,0.5291075706481934,0.8193733096122742,0.0041449107229709625,0.5084225535392761,0.7480621933937073,-0.0014627062482759356,0.5074458718299866,0.6927382946014404,-0.008981741964817047,0.5044881701469421,0.6479098796844482,-0.018999747931957245,0.5329038500785828,0.6960217356681824,-0.019659461453557014,0.5221424698829651,0.6151215434074402,-0.04256000742316246,0.5094626545906067,0.560197114944458,-0.060473956167697906,0.4995816648006439,0.510043740272522,-0.07495369762182236,0.5444822907447815,0.704919695854187,-0.03627826273441315,0.5241858959197998,0.6133239269256592,-0.05780424550175667,0.5093920230865479,0.5518295168876648,-0.0754259005188942,0.49879851937294006,0.4924388527870178,-0.09040592610836029,0.5484640598297119,0.7330006957054138,-0.052534665912389755,0.5267611742019653,0.6479952335357666,-0.0748136043548584,0.5115541219711304,0.5972652435302734,-0.0925532877445221,0.5018964409828186,0.5519319176673889,-0.10705330967903137,0.5449173450469971,0.7761004567146301,-0.06764737516641617,0.5303310751914978,0.7349976301193237,-0.0937807559967041,0.5149903297424316,0.7044234871864319,-0.1106979101896286,0.5015179514884949,0.6714938879013062,-0.12368040531873703
16,right,0.38776469230651855,0.8706554174423218,2.5514083290545386e-07,0.40946367383003235,0.8013390302658081,0.01059104036539793,0.42479830980300903,0.7278294563293457,0.007324931677430868,0.44293156266212463,0.6753225326538086,-0.0007353407563641667,0.45579731464385986,0.6362497806549072,-0.011937462724745274,0.4292224049568176,0.6975069642066956,-0.02027907781302929,0.45388275384902954,0.6113065481185913,-0.04549902305006981,0.4684589207172394,0.55205899477005,-0.06288217753171921,0.48069846630096436,0.5041588544845581,-0.07539265602827072,0.4298008680343628,0.71016925573349,-0.042561065405607224,0.4529966413974762,0.616502046585083,-0.06939512491226196,0.47004854679107666,0.5542394518852234,-0.08919104933738708,0.4849003255367279,0.5001764297485352,-0.10272777080535889,0.4343547821044922,0.7401542663574219,-0.06329614669084549,0.45853713154792786,0.6574132442474365,-0.08931864798069,0.4764838218688965,0.6085171103477478,-0.10686934739351273,0.49178826808929443,0.5642288327217102,-0.11886563152074814,0.4440707862377167,0.7833936810493469,-0.08232591301202774,0.4605850577354431,0.7429700493812561,-0.1074269637465477,0.4728822410106659,0.7138203978538513,-0.11940562725067139,0.4874834716320038,0.6845877170562744,-0.12731559574604034
16,left,0,0,0,0,0,0,0,0,0,0,0,0,0,0,0,0,0,0,0,0,0,0,0,0,0,0,0,0,0,0,0,0,0,0,0,0,0,0,0,0,0,0,0,0,0,0,0,0,0,0,0,0,0,0,0,0,0,0,0,0,0,0,0
17,right,0.38546186685562134,0.8820558190345764,2.3481692323912284e-07,0.4091860353946686,0.8128945231437683,0.010816508904099464,0.427042692899704,0.7401601672172546,0.008336186408996582,0.44716188311576843,0.6880303621292114,0.0011985391611233354,0.4595296084880829,0.6480327844619751,-0.008724642917513847,0.4288948178291321,0.7104536294937134,-0.01729551889002323,0.45400378108024597,0.6241920590400696,-0.040985409170389175,0.4683495759963989,0.5634781718254089,-0.05732329562306404,0.47946661710739136,0.5148084759712219,-0.06897460669279099,0.4283619821071625,0.7217445373535156,-0.03834119439125061,0.45229536294937134,0.6272761225700378,-0.06301204860210419,0.46993356943130493,0.562437117099762,-0.08146591484546661,0.4850383698940277,0.5065284967422485,-0.09432659298181534,0.4318568706512451,0.7495407462120056,-0.05792127549648285,0.45626214146614075,0.6672287583351135,-0.08142075687646866,0.47465723752975464,0.6182043552398682,-0.0972101017832756,0.4895325303077698,0.5756263732910156,-0.10820889472961426,0.44085878133773804,0.7903675436973572,-0.07596328109502792,0.45968595147132874,0.749493420124054,-0.09876096248626709,0.47265762090682983,0.7209887504577637,-0.10958736389875412,0.4863145649433136,0.6934627294540405,-0.11685505509376526
17,left,0.5906221270561218,0.8552960753440857,-1.6369004640637286e-07,0.5638935565948486,0.7660151124000549,0.012671765871345997,0.5416355729103088,0.6816149950027466,0.01951039582490921,0.5241106748580933,0.6178984045982361,0.02219606749713421,0.5082194805145264,0.5775564312934875,0.023552732542157173,0.5316845178604126,0.6396507024765015,0.015416671521961689,0.5046489834785461,0.5587916970252991,0.0052256276831030846,0.48670971393585205,0.5289762020111084,-0.006086970679461956,0.48001372814178467,0.49911975860595703,-0.016180600970983505,0.5332505702972412,0.6581215858459473,0.0004284222377464175,0.503049373626709,0.5690810084342957,-0.0075581930577754974,0.48544785380363464,0.5435686111450195,-0.015496790409088135,0.4781626760959625,0.5137937068939209,-0.023474067449569702,0.533258318901062,0.6951736211776733,-0.01553224679082632,0.5044183135032654,0.6177193522453308,-0.025258611887693405,0.4837352931499481,0.5984483957290649,-0.029621198773384094,0.4784168004989624,0.5798392295837402,-0.03532014042139053,0.5351198315620422,0.7433068156242371,-0.030810849741101265,0.5067570805549622,0.714230477809906,-0.04289626330137253,0.49340659379959106,0.7071043848991394,-0.046644072979688644,0.4886879622936249,0.6968134045600891,-0.05041257292032242
18,right,0.37229955196380615,0.9402474164962769,3.4816011407201586e-08,0.4488725960254669,0.8460332751274109,0.009307406842708588,0.48134085536003113,0.7456912994384766,0.011065526865422726,0.49631544947624207,0.6834273338317871,0.007162577472627163,0.5071207284927368,0.6384855508804321,0.002888942137360573,0.432155579328537,0.6561988592147827,-0.000415345944929868,0.4578801691532135,0.5554712414741516,-0.018414674326777458,0.48086118698120117,0.5092946290969849,-0.0341719351708889,0.4980838894844055,0.47339344024658203,-0.04743550345301628,0.42024359107017517,0.6781253218650818,-0.020768798887729645,0.45337989926338196,0.5751546025276184,-0.03737377002835274,0.4774998724460602,0.5246471166610718,-0.05452475696802139,0.49552589654922485,0.4778663218021393,-0.06927177309989929,0.4164194166660309,0.7222236394882202,-0.04169776290655136,0.45226433873176575,0.6452974081039429,-0.06265999376773834,0.4743923544883728,0.5947286486625671,-0.08015424013137817,0.49106913805007935,0.5449877381324768,-0.09495672583580017,0.42563486099243164,0.7791339755058289,-0.06161262094974518,0.45785054564476013,0.7505096197128296,-0.07990629971027374,0.47530820965766907,0.7254709005355835,-0.08833760023117065,0.489014595746994,0.6999202370643616,-0.09635038673877716
18,left,0.5840078592300415,0.8952447772026062,2.864452994799649e-07,0.5285187363624573,0.8191429376602173,0.007318797055631876,0.5109702944755554,0.7430764436721802,0.0010591056197881699,0.5097317695617676,0.6850250363349915,-0.007850563153624535,0.5149485468864441,0.6393506526947021,-0.01970016211271286,0.5334694981575012,0.7024722695350647,-0.02310449630022049,0.5190054178237915,0.6127194762229919,-0.04817546531558037,0.5028858184814453,0.5594010353088379,-0.06638810783624649,0.4901075065135956,0.5102733969688416,-0.08117203414440155,0.5425430536270142,0.715055525302887,-0.041750892996788025,0.5157171487808228,0.6181356906890869,-0.0665363147854805,0.49877452850341797,0.5593849420547485,-0.0836787149310112,0.4850001931190491,0.5032739043235779,-0.09824427962303162,0.5449089407920837,0.7471728324890137,-0.05964614823460579,0.518334686756134,0.660752534866333,-0.08438394963741302,0.501206636428833,0.6108096241950989,-0.10128003358840942,0.489256352186203,0.5679243206977844,-0.1152661144733429,0.5393471121788025,0.7948350310325623,-0.07613927125930786,0.5295799970626831,0.7515565156936646,-0.10473276674747467,0.5157817602157593,0.7184575796127319,-0.12311097979545593,0.5026400685310364,0.6848625540733337,-0.13742312788963318
19,right,0.3743078112602234,0.9308701753616333,1.1966176316491328e-07,0.4491152763366699,0.8492051959037781,0.01730090193450451,0.47473639249801636,0.7705423831939697,0.01933967135846615,0.4885731041431427,0.7251200079917908,0.013804672285914421,0.496965229511261,0.6853218078613281,0.006437281146645546,0.4345889091491699,0.6902951002120972,0.0025076630990952253,0.45722535252571106,0.6000880599021912,-0.01417304202914238,0.47085776925086975,0.5453230142593384,-0.028367148712277412,0.4801851511001587,0.4991267919540405,-0.04039314016699791,0.42046254873275757,0.7085586786270142,-0.022602088749408722,0.45092955231666565,0.6102710962295532,-0.04021965339779854,0.46912652254104614,0.5509334802627563,-0.05716714262962341,0.4831675887107849,0.4955836534500122,-0.07132267206907272,0.41479262709617615,0.7448559403419495,-0.047424521297216415,0.4489108622074127,0.6635935306549072,-0.06737637519836426,0.4730255901813507,0.6097530722618103,-0.08588386327028275,0.49055159091949463,0.558310866355896,-0.10100098699331284,0.4207065999507904,0.7935289144515991,-0.07065872848033905,0.45109468698501587,0.7556306719779968,-0.08950317651033401,0.46963098645210266,0.7218498587608337,-0.10110720247030258,0.4866325855255127,0.6880038380622864,-0.11130964010953903
19,left,0.5802645683288574,0.890072226524353,3.9462992162953014e-07,0.514739453792572,0.8271686434745789,0.005348539911210537,0.49339884519577026,0.7594361901283264,8.236245776060969e-05,0.49161219596862793,0.7077800035476685,-0.007811828516423702,0.4906665086746216,0.6658603549003601,-0.018324237316846848,0.5249947309494019,0.7020969986915588,-0.01477378886193037,0.5150455832481384,0.6178155541419983,-0.03667348250746727,0.5007404685020447,0.5629247426986694,-0.05442790314555168,0.48900216817855835,0.5135149955749512,-0.06892488151788712,0.5372046828269958,0.7096796035766602,-0.03166455030441284,0.5166220664978027,0.6153737306594849,-0.05187489837408066,0.500992476940155,0.5554637908935547,-0.06867612153291702,0.48961731791496277,0.4981692433357239,-0.08297117054462433,0.5423916578292847,0.7367320656776428,-0.04843485355377197,0.5191390514373779,0.6493878960609436,-0.06974820792675018,0.5034561157226562,0.5991357564926147,-0.08655078709125519,0.49327221512794495,0.5554587841033936,-0.10030898451805115,0.5396511554718018,0.7789930105209351,-0.06415297836065292,0.5253374576568604,0.7371253967285156,-0.08978959172964096,0.5091504454612732,0.7063547372817993,-0.10633307695388794,0.49509018659591675,0.6741321086883545,-0.11896295845508575
20,right,0.37123069167137146,0.91656494140625,2.0385741095196863e-07,0.4247083067893982,0.8495614528656006,0.013595947064459324,0.4472515881061554,0.7763633728027344,0.011757184751331806,0.46416574716567993,0.7305613160133362,0.0038516263011842966,0.4767869710922241,0.6929514408111572,-0.0060670445673167706,0.42653173208236694,0.7117654085159302,-0.00941042322665453,0.4510379731655121,0.6177130341529846,-0.029082439839839935,0.46608397364616394,0.5624319314956665,-0.04344845563173294,0.4769490659236908,0.5165083408355713,-0.05438975617289543,0.419802725315094,0.7245469093322754,-0.032207194715738297,0.4499017596244812,0.6200434565544128,-0.05215216800570488,0.46903395652770996,0.5595120787620544,-0.06770623475313187,0.4836606979370117,0.5076221823692322,-0.0794835016131401,0.4203904867172241,0.7550771832466125,-0.05406021699309349,0.45065319538116455,0.6661477088928223,-0.07338316738605499,0.47252723574638367,0.617243766784668,-0.0872933492064476,0.48987308144569397,0.5740084052085876,-0.0982305258512497,0.42981138825416565,0.7983355522155762,-0.07459313422441483,0.4520285427570343,0.7543582916259766,-0.0918746069073677,0.4668702781200409,0.7240577936172485,-0.09971947968006134,0.48239827156066895,0.6956481337547302,-0.10613804310560226
20,left,0.5820656418800354,0.8957912921905518,3.8430138715739304e-07,0.5204711556434631,0.8346961140632629,0.006827406585216522,0.4997949004173279,0.7636517882347107,0.0027246426325291395,0.4985601007938385,0.7111220359802246,-0.003985854331403971,0.4982629418373108,0.6690255403518677,-0.013232174329459667,0.5277987718582153,0.7095164656639099,-0.012268603779375553,0.5148472189903259,0.6253919005393982,-0.03300691023468971,0.5001623630523682,0.5693179965019226,-0.049509018659591675,0.48966172337532043,0.5202409029006958,-0.06241928040981293,0.5391872525215149,0.7155473232269287,-0.02849673479795456,0.5150807499885559,0.6230196356773376,-0.046838149428367615,0.49764055013656616,0.5622918009757996,-0.06181521341204643,0.48640555143356323,0.505057692527771,-0.0744609609246254,0.5431264638900757,0.7421372532844543,-0.0444316640496254,0.5182735323905945,0.6574157476425171,-0.06350325047969818,0.5023341774940491,0.6078684329986572,-0.0772402212023735,0.4938620328903198,0.565341591835022,-0.08855046331882477,0.5382464528083801,0.7855700850486755,-0.05925261601805687,0.5224676132202148,0.7437917590141296,-0.08150392025709152,0.5078250765800476,0.7127051949501038,-0.09427327662706375,0.4962082505226135,0.6805669069290161,-0.10394316166639328
21,right,0.3723181486129761,0.9064503312110901,2.0818862367377733e-07,0.4064652919769287,0.8313974738121033,0.013202662579715252,0.42433321475982666,0.7581890821456909,0.009843721985816956,0.4422706961631775,0.7112786769866943,0.0008043853449635208,0.4575572609901428,0.6758265495300293,-0.01054316759109497,0.4233561158180237,0.7180508375167847,-0.018028901889920235,0.45031020045280457,0.6263660788536072,-0.04149528220295906,0.46608972549438477,0.5702597498893738,-0.0568678043782711,0.4779759645462036,0.5233138799667358,-0.06804107129573822,0.41954517364501953,0.7328388094902039,-0.041668541729450226,0.447011262178421,0.6344969272613525,-0.06731568276882172,0.4652164578437805,0.5748282670974731,-0.08421973139047623,0.478671133518219,0.523679256439209,-0.09571375697851181,0.4214554727077484,0.7662496566772461,-0.06386043131351471,0.449223130941391,0.683940589427948,-0.0884065106511116,0.47328847646713257,0.6390383243560791,-0.10362827777862549,0.49252206087112427,0.598301351070404,-0.11405207961797714,0.4301466941833496,0.8129117488861084,-0.08442767709493637,0.45063313841819763,0.7723484039306641,-0.1065756306052208,0.4660401940345764,0.743617832660675,-0.1166849359869957,0.48273447155952454,0.7158768177032471,-0.12371732294559479
21,left,0.579347550868988,0.9004132747650146,4.197195551114419e-07,0.5159613490104675,0.8381993770599365,0.005247118417173624,0.4927354156970978,0.7684135437011719,-0.0008321333443745971,0.4895775616168976,0.7153995633125305,-0.009063851088285446,0.48822662234306335,0.6707088351249695,-0.019955309107899666,0.5233332514762878,0.7114176154136658,-0.02049276977777481,0.5129660367965698,0.6267287135124207,-0.043995488435029984,0.49874207377433777,0.5691773891448975,-0.062197376042604446,0.4875730872154236,0.5185440182685852,-0.07695282995700836,0.5362339019775391,0.7205578088760376,-0.03807839751243591,0.5144903659820557,0.6291240453720093,-0.059942103922367096,0.4979858696460724,0.5675670504570007,-0.07722962647676468,0.48599863052368164,0.5093231201171875,-0.09183058142662048,0.5423356890678406,0.7516716122627258,-0.055139005184173584,0.5202096700668335,0.6680296659469604,-0.07833997160196304,0.5044581890106201,0.6159307956695557,-0.09584624320268631,0.493899405002594,0.5695891380310059,-0.11003712564706802,0.5399874448776245,0.8006803393363953,-0.0708702951669693,0.5276917815208435,0.7625159025192261,-0.0990736335515976,0.5115076303482056,0.7321091890335083,-0.11652015894651413,0.4970865547657013,0.6994063258171082,-0.12951868772506714
22,right,0.37860116362571716,0.8948911428451538,2.4264176090582623e-07,0.4086812734603882,0.816804826259613,0.012840114533901215,0.4271361827850342,0.742570161819458,0.0098580876365304,0.4453200101852417,0.6916819214820862,0.0015197454486042261,0.45803213119506836,0.6519148945808411,-0.008709311485290527,0.42510297894477844,0.7111055254936218,-0.017545945942401886,0.45021116733551025,0.622337818145752,-0.04174058511853218,0.4648720622062683,0.565524160861969,-0.05744136869907379,0.4757251441478729,0.5185268521308899,-0.06828834116458893,0.4217773973941803,0.7245935201644897,-0.04048758000135422,0.44762876629829407,0.6288895010948181,-0.06594692915678024,0.46613967418670654,0.5683383941650391,-0.08253731578588486,0.48014771938323975,0.5170691013336182,-0.09350018948316574,0.42409202456474304,0.7560520768165588,-0.06204329803586006,0.45004817843437195,0.6763127446174622,-0.08638832718133926,0.47173404693603516,0.6321415901184082,-0.10089587420225143,0.4890735149383545,0.5925241708755493,-0.11043494939804077,0.43318501114845276,0.8010828495025635,-0.08209619671106339,0.4542369842529297,0.7639678120613098,-0.10376237332820892,0.469609797000885,0.7373076677322388,-0.11341884732246399,0.48583492636680603,0.7123432755470276,-0.11978533118963242
22,left,0.580004096031189,0.8289396166801453,-1.7986445755013847e-07,0.565733790397644,0.7388405799865723,0.01282753050327301,0.5484902858734131,0.6569397449493408,0.017646651715040207,0.5329383015632629,0.5930522084236145,0.019289785996079445,0.5163905024528503,0.549608051776886,0.018559008836746216,0.5387713313102722,0.6301589012145996,-0.0010974284959957004,0.5084038972854614,0.5571566224098206,-0.015974346548318863,0.4900745749473572,0.5278125405311584,-0.02852015756070614,0.4815385937690735,0.5003488659858704,-0.03931644186377525,0.5391631722450256,0.6564992666244507,-0.018461553379893303,0.5086696743965149,0.57865971326828,-0.03481588885188103,0.4908313453197479,0.5465619564056396,-0.04840230196714401,0.4812264144420624,0.5138736367225647,-0.05986115708947182,0.5389109253883362,0.701606810092926,-0.035401809960603714,0.5108111500740051,0.641486406326294,-0.05398662015795708,0.49014031887054443,0.607244074344635,-0.06870897859334946,0.48184341192245483,0.5726324319839478,-0.08121193200349808,0.5394128561019897,0.7562275528907776,-0.05033152922987938,0.5149570107460022,0.7399327754974365,-0.07312262058258057,0.49837738275527954,0.7256103754043579,-0.08643464744091034,0.48783499002456665,0.7055447101593018,-0.09679021686315536
23,right,0.3782176673412323,0.8996942043304443,2.6096975602740713e-07,0.40849587321281433,0.8306351900100708,0.009511485695838928,0.425995796918869,0.7592280507087708,0.004254984203726053,0.44534868001937866,0.710791826248169,-0.005429554730653763,0.45947080850601196,0.6729390621185303,-0.017630068585276604,0.42652398347854614,0.7225061655044556,-0.025430064648389816,0.4522160291671753,0.6313773989677429,-0.051385775208473206,0.46711182594299316,0.5727910995483398,-0.06808922439813614,0.47844967246055603,0.5257023572921753,-0.07956474274396896,0.42385512590408325,0.7361395955085754,-0.0472053624689579,0.44996869564056396,0.6376243829727173,-0.07491881400346756,0.46823981404304504,0.5752377510070801,-0.09321284294128418,0.483331561088562,0.523629903793335,-0.10520721226930618,0.426266074180603,0.7673487663269043,-0.0672176331281662,0.45297837257385254,0.6826102137565613,-0.09328030049800873,0.4741523563861847,0.636811375617981,-0.10933433473110199,0.4917545020580292,0.597631573677063,-0.11993511021137238,0.4349527359008789,0.8116909265518188,-0.08560328185558319,0.4544370472431183,0.7725887894630432,-0.1101088598370552,0.468488872051239,0.7448175549507141,-0.12122002989053726,0.48400062322616577,0.7184867858886719,-0.12825122475624084
23,left,0.5710309147834778,0.8996987342834473,3.226550120416505e-07,0.5230767130851746,0.8288404941558838,0.00375489448197186,0.5090277194976807,0.7517083287239075,-0.003757103579118848,0.5133200883865356,0.6922590732574463,-0.012711848132312298,0.5172517895698547,0.6480240225791931,-0.02423221804201603,0.532730221748352,0.7116565704345703,-0.02723889984190464,0.5164535641670227,0.6221578121185303,-0.05106591433286667,0.5007258653640747,0.5694358348846436,-0.06754826754331589,0.48955845832824707,0.520753800868988,-0.08052168041467667,0.5441019535064697,0.7230280637741089,-0.04376624897122383,0.5145070552825928,0.627826452255249,-0.06741037964820862,0.49596306681632996,0.5684818625450134,-0.08421154320240021,0.48325788974761963,0.5132721662521362,-0.09816587716341019,0.547514796257019,0.7556037306785583,-0.05921606719493866,0.5164696574211121,0.6707110404968262,-0.08266722410917282,0.4980444610118866,0.6215335130691528,-0.0984296202659607,0.48766541481018066,0.5791623592376709,-0.11131084710359573,0.540518045425415,0.803702712059021,-0.07340221107006073,0.5244311094284058,0.7644882202148438,-0.09942412376403809,0.5103436708450317,0.7337425947189331,-0.11473420262336731,0.4984866678714752,0.7001351118087769,-0.12659293413162231
24,right,0.37637999653816223,0.9009711742401123,2.6329678348702146e-07,0.40696853399276733,0.8310503959655762,0.010252408683300018,0.42714324593544006,0.758879542350769,0.005670671816915274,0.4475752115249634,0.708801805973053,-0.003540902864187956,0.46230408549308777,0.670181155204773,-0.015332580544054508,0.42811304330825806,0.7256523966789246,-0.02447781153023243,0.4538285732269287,0.634909987449646,-0.05054692178964615,0.46834373474121094,0.5759080648422241,-0.06762928515672684,0.4798048436641693,0.5277109146118164,-0.0797240361571312,0.424444317817688,0.7388611435890198,-0.04688083752989769,0.4483577609062195,0.642831027507782,-0.0757233053445816,0.4671752452850342,0.5805687308311462,-0.09509117901325226,0.48300033807754517,0.5285273194313049,-0.10792022198438644,0.4254339933395386,0.7704330682754517,-0.06751225143671036,0.45103612542152405,0.6904510259628296,-0.09478247910737991,0.4730488061904907,0.6468462944030762,-0.11141769587993622,0.49115660786628723,0.6090835332870483,-0.12227260321378708,0.4328436255455017,0.8157961964607239,-0.08647503703832626,0.4536958932876587,0.7782094478607178,-0.11210522800683975,0.46915769577026367,0.7522479891777039,-0.12382369488477707,0.48519593477249146,0.7276538014411926,-0.131261944770813
24,left,0.5794565081596375,0.9062952995300293,3.727274702214345e-07,0.5174013376235962,0.839167594909668,0.0026261848397552967,0.495461106300354,0.7659614682197571,-0.0036424186546355486,0.49298399686813354,0.7085506319999695,-0.011275796219706535,0.49155110120773315,0.6614899039268494,-0.021399352699518204,0.5233282446861267,0.7150404453277588,-0.02383258007466793,0.5127003788948059,0.6308062076568604,-0.04734206572175026,0.5003834962844849,0.5749331712722778,-0.06541284173727036,0.49122685194015503,0.5244761109352112,-0.08033343404531479,0.5367100834846497,0.7270398736000061,-0.04002787917852402,0.5169329643249512,0.6351749300956726,-0.06232849881052971,0.5026708841323853,0.5763971209526062,-0.07940442860126495,0.49284324049949646,0.5192592740058899,-0.09412310272455215,0.5428459644317627,0.7593561410903931,-0.055819105356931686,0.5220482349395752,0.6763420701026917,-0.0788201317191124,0.5074201822280884,0.627570629119873,-0.09574414044618607,0.49804291129112244,0.5842254757881165,-0.10986760258674622,0.5396071672439575,0.8076744675636292,-0.07064096629619598,0.5274285078048706,0.7689304947853088,-0.09888564050197601,0.5127653479576111,0.7397585511207581,-0.1166558787226677,0.499404639005661,0.7082928419113159,-0.13013602793216705
25,right,0.3799573481082916,0.9036186337471008,2.472990274782205e-07,0.41287165880203247,0.8351966142654419,0.012001990340650082,0.43007805943489075,0.7643252015113831,0.008364871144294739,0.447266161441803,0.7156529426574707,-0.0006414526142179966,0.4609697759151459,0.6777750849723816,-0.01204125490039587,0.4260983467102051,0.7292485237121582,-0.021082228049635887,0.4509390592575073,0.6367071866989136,-0.04653431475162506,0.46649813652038574,0.5774633288383484,-0.06286075711250305,0.47922706604003906,0.5287825465202332,-0.07410269230604172,0.42208871245384216,0.7413502335548401,-0.044279392808675766,0.44635629653930664,0.6420734524726868,-0.07205300778150558,0.46631303429603577,0.5789372324943542,-0.09034013003110886,0.4829487204551697,0.5264605283737183,-0.10205661505460739,0.4241296350955963,0.7719387412071228,-0.06582961231470108,0.4501551687717438,0.6890655755996704,-0.0921732559800148,0.4732559025287628,0.6432333588600159,-0.10799871385097504,0.49239662289619446,0.6035463809967041,-0.11791893094778061,0.43370968103408813,0.8155967593193054,-0.08575685322284698,0.4539709985256195,0.7753261923789978,-0.1096097081899643,0.4698117971420288,0.7468814849853516,-0.12021384388208389,0.48643869161605835,0.7207342386245728,-0.12677358090877533
25,left,0.5837814807891846,0.9131500124931335,4.2406540501360723e-07,0.5150415897369385,0.8541312217712402,0.004195353947579861,0.49098458886146545,0.7841953635215759,-0.0019918130710721016,0.4885111153125763,0.7316241264343262,-0.01035457756370306,0.48747518658638,0.6875020265579224,-0.02121497504413128,0.5231645107269287,0.7239342331886292,-0.01874261163175106,0.5118177533149719,0.6393123865127563,-0.04223392903804779,0.4975026547908783,0.581878662109375,-0.060634512454271317,0.4865776598453522,0.5307587385177612,-0.07545437663793564,0.5371021628379822,0.7316302061080933,-0.035578906536102295,0.5149499773979187,0.6391868591308594,-0.05740901082754135,0.4981316924095154,0.5778049230575562,-0.07479269057512283,0.48656806349754333,0.5194301009178162,-0.08929432183504105,0.5437473654747009,0.7611019015312195,-0.05218138173222542,0.5207275152206421,0.6769613027572632,-0.07529750466346741,0.5045938491821289,0.6259797811508179,-0.09242855757474899,0.49413853883743286,0.5804452896118164,-0.106144480407238,0.5414075255393982,0.8086504936218262,-0.06766114383935928,0.5282407402992249,0.770599365234375,-0.09501972049474716,0.5125284194946289,0.7405629754066467,-0.11176032572984695,0.4992838501930237,0.707869291305542,-0.12422104924917221
26,right,0.37490418553352356,0.9002571105957031,2.988689118410548e-07,0.40419599413871765,0.8300808072090149,0.008381715044379234,0.4238227307796478,0.7605818510055542,0.002974309492856264,0.4440038204193115,0.7125788331031799,-0.00672178016975522,0.4591104984283447,0.6755916476249695,-0.018556544557213783,0.423126757144928,0.7280080318450928,-0.025964511558413506,0.4498136341571808,0.6361591815948486,-0.052602484822273254,0.4651591181755066,0.5775771737098694,-0.069511778652668,0.4772701859474182,0.5293886661529541,-0.08110830187797546,0.4202112555503845,0.7406812906265259,-0.04722681641578674,0.44535723328590393,0.643683910369873,-0.07675737142562866,0.4642065465450287,0.5816434621810913,-0.09574028849601746,0.4798106551170349,0.5303648114204407,-0.10781948268413544,0.42292436957359314,0.7715238928794861,-0.06684868782758713,0.4493963122367859,0.692622184753418,-0.09467121213674545,0.4726625084877014,0.6508764624595642,-0.1106402650475502,0.4919305741786957,0.6150021553039551,-0.12046513706445694,0.43228647112846375,0.8152666091918945,-0.08503883332014084,0.45269331336021423,0.7777045369148254,-0.11048168689012527,0.4684683084487915,0.7532250881195068,-0.12156505137681961,0.48513466119766235,0.7302587628364563,-0.12822312116622925
26,left,0.5838639140129089,0.9168316125869751,4.020166102236544e-07,0.5177803635597229,0.8559005260467529,0.004100441467016935,0.49395492672920227,0.7865832448005676,-0.0021112686954438686,0.4918084442615509,0.7329975962638855,-0.010224677622318268,0.49015703797340393,0.689444363117218,-0.020339539274573326,0.5286286473274231,0.7262173295021057,-0.02003062516450882,0.5164642333984375,0.640396237373352,-0.04344657063484192,0.49972301721572876,0.5838470458984375,-0.06093764677643776,0.48636025190353394,0.5347728133201599,-0.07481589913368225,0.5423470139503479,0.7346197962760925,-0.03649843484163284,0.5192639827728271,0.6432137489318848,-0.05918059125542641,0.4999888241291046,0.582150936126709,-0.07582660019397736,0.4859892725944519,0.5254100561141968,-0.08941761404275894,0.548032820224762,0.7637791633605957,-0.05264873057603836,0.5236252546310425,0.682525634765625,-0.07549065351486206,0.5057712197303772,0.6335212588310242,-0.09115485846996307,0.4950488209724426,0.5902237892150879,-0.10368160903453827,0.5446284413337708,0.8100482821464539,-0.06782817095518112,0.5292747020721436,0.774600625038147,-0.09475626051425934,0.5123763084411621,0.7447638511657715,-0.11114784330129623,0.4989583492279053,0.7115785479545593,-0.12317198514938354
27,right,0.38158416748046875,0.9033467769622803,2.4441726509394357e-07,0.4155174791812897,0.8354638814926147,0.011705474928021431,0.4329454302787781,0.763202965259552,0.009523124434053898,0.44945526123046875,0.712963342666626,0.0021874690428376198,0.46205151081085205,0.6733324527740479,-0.007080372888594866,0.4278167486190796,0.728837788105011,-0.0159579049795866,0.4524361491203308,0.6387299299240112,-0.03898879885673523,0.4672914743423462,0.5796637535095215,-0.05400438606739044,0.47898247838020325,0.530828058719635,-0.06440243870019913,0.42374587059020996,0.7400210499763489,-0.037659794092178345,0.4460791349411011,0.6420950293540955,-0.06153682619333267,0.46488627791404724,0.5791205763816833,-0.07767067104578018,0.48089927434921265,0.5265297889709473,-0.08809391409158707,0.4255260229110718,0.7690890431404114,-0.058084841817617416,0.45050835609436035,0.6867111921310425,-0.08154352754354477,0.47355329990386963,0.6421738862991333,-0.09589265286922455,0.49265095591545105,0.6041341423988342,-0.10491445660591125,0.43460386991500854,0.8111822605133057,-0.0770808532834053,0.4548291563987732,0.7735528945922852,-0.09905330091714859,0.4707239866256714,0.747255802154541,-0.1087045669555664,0.4871881306171417,0.723808765411377,-0.1144949197769165
27,left,0.5855772495269775,0.91884446144104,4.1307058040729316e-07,0.5166964530944824,0.8588523864746094,0.0030570905655622482,0.49641451239585876,0.7876814603805542,-0.0036212934646755457,0.4983749985694885,0.7335569262504578,-0.011786972172558308,0.4998803734779358,0.6907336711883545,-0.022376585751771927,0.5329779982566833,0.7315531969070435,-0.02090451680123806,0.518420398235321,0.6435434222221375,-0.04360167682170868,0.5026004314422607,0.5860133171081543,-0.06044916436076164,0.4909680485725403,0.5348857641220093,-0.07397276908159256,0.5488015413284302,0.7372193336486816,-0.03608055040240288,0.5199227333068848,0.6425773501396179,-0.057401254773139954,0.5004981756210327,0.5792920589447021,-0.07265624403953552,0.4870932996273041,0.5197452902793884,-0.08561251312494278,0.554473340511322,0.7648067474365234,-0.05105998367071152,0.5230012536048889,0.6778286695480347,-0.07317293435335159,0.5041278004646301,0.6256617307662964,-0.08792141824960709,0.4933367669582367,0.5793329477310181,-0.09999644011259079,0.5490468740463257,0.8099937438964844,-0.06509687006473541,0.5296704769134521,0.7708317041397095,-0.09203638881444931,0.5119584798812866,0.7381729483604431,-0.10832390934228897,0.4978838264942169,0.7018404603004456,-0.12038052082061768
28,right,0.3882041275501251,0.9877097010612488,9.653938093379111e-08,0.4450421929359436,0.8751248717308044,-0.0015226899413391948,0.4708850383758545,0.7565299272537231,-0.003105754032731056,0.4821235239505768,0.6763842701911926,-0.007743774447590113,0.4829820394515991,0.6145471334457397,-0.01096242293715477,0.4218899607658386,0.6837702989578247,-0.005086534656584263,0.4426878094673157,0.5752245783805847,-0.026366515085101128,0.4611954092979431,0.5251894593238831,-0.04474370926618576,0.4721541404724121,0.4841246008872986,-0.05866072699427605,0.41461533308029175,0.7146617770195007,-0.01927044987678528,0.44815537333488464,0.6148430109024048,-0.0385688878595829,0.4680156409740448,0.5659244060516357,-0.05668299272656441,0.48116806149482727,0.516921877861023,-0.07160933315753937,0.41604480147361755,0.7641252875328064,-0.03516663610935211,0.45476609468460083,0.6967827081680298,-0.05780285969376564,0.47784873843193054,0.6515222787857056,-0.07186810672283173,0.49732887744903564,0.6031638383865356,-0.0834280475974083,0.4264219403266907,0.8246966004371643,-0.051218751817941666,0.4587230682373047,0.7973411083221436,-0.0683617889881134,0.4798628091812134,0.7756557464599609,-0.07282749563455582,0.4991835355758667,0.7522074580192566,-0.07747029513120651
28,left,0.585597038269043,0.9212415218353271,3.8231533494581527e-07,0.5199058055877686,0.8581982254981995,0.004112232010811567,0.49578845500946045,0.7862109541893005,-0.0019745202735066414,0.4925556778907776,0.7322341203689575,-0.009862376376986504,0.49033740162849426,0.686702311038971,-0.020096905529499054,0.5236141681671143,0.7299391627311707,-0.020899957045912743,0.5119014978408813,0.645809531211853,-0.0439867228269577,0.497624933719635,0.5895494222640991,-0.06148047745227814,0.4867285490036011,0.5399542450904846,-0.07599464803934097,0.5378381013870239,0.7402021884918213,-0.03792586922645569,0.5166807174682617,0.6487373113632202,-0.05981767922639847,0.5013440847396851,0.5881835222244263,-0.07653696835041046,0.4906008839607239,0.5300930738449097,-0.09085631370544434,0.5456812381744385,0.7719854712486267,-0.05466299504041672,0.5240163207054138,0.6879630088806152,-0.07800562679767609,0.5087935328483582,0.6374261975288391,-0.09536884725093842,0.4984424114227295,0.5918080806732178,-0.10967998951673508,0.5457659363746643,0.8211439251899719,-0.07019023597240448,0.5315384268760681,0.7865492105484009,-0.09936056286096573,0.5139365196228027,0.7582053542137146,-0.1177963837981224,0.4977119565010071,0.7271109223365784,-0.13155674934387207
29,right,0.3710956573486328,0.9622399806976318,2.010999935464497e-07,0.440661758184433,0.8676750063896179,0.01321079395711422,0.46559906005859375,0.7801357507705688,0.013683290220797062,0.47953251004219055,0.725516140460968,0.0074892230331897736,0.48838624358177185,0.6820885539054871,-0.0002623810723889619,0.42464679479599,0.7044253945350647,-0.0011238633887842298,0.45186877250671387,0.6112250089645386,-0.01834026537835598,0.4666532278060913,0.5614567995071411,-0.03228947892785072,0.4765769839286804,0.5191149115562439,-0.04412106052041054,0.41335809230804443,0.7293136119842529,-0.023969225585460663,0.44976702332496643,0.6308102011680603,-0.04181565344333649,0.46937307715415955,0.578619122505188,-0.05918494239449501,0.4848693609237671,0.528272807598114,-0.07413844764232635,0.4115011692047119,0.7711788415908813,-0.04672831669449806,0.45086345076560974,0.6984758973121643,-0.06775443255901337,0.47587820887565613,0.6510215401649475,-0.08696439862251282,0.4951738715171814,0.6032334566116333,-0.10297402739524841,0.4191720187664032,0.8241890668869019,-0.06808532774448395,0.4531990885734558,0.7904976606369019,-0.08727046847343445,0.47338518500328064,0.7637417316436768,-0.09879741817712784,0.4937436580657959,0.7360053658485413,-0.1093161553144455
29,left,0.5880150198936462,0.9202273488044739,4.13116396202895e-07,0.5204065442085266,0.8574676513671875,0.005486038979142904,0.49766805768013,0.7871275544166565,-0.0008461723919026554,0.4967938959598541,0.7352032661437988,-0.009084966033697128,0.4967424273490906,0.6920365691184998,-0.019780203700065613,0.5316150188446045,0.7307996153831482,-0.022807279601693153,0.5179059505462646,0.6436865925788879,-0.047160107642412186,0.5008784532546997,0.5870490670204163,-0.06467926502227783,0.4876454472541809,0.5375538468360901,-0.07847055047750473,0.5459200739860535,0.7396482825279236,-0.03961300849914551,0.5208260416984558,0.6470474004745483,-0.06277240067720413,0.5022683143615723,0.5861393213272095,-0.07902611047029495,0.4889230728149414,0.5285800695419312,-0.09243976324796677,0.5513455271720886,0.7694159150123596,-0.055754490196704865,0.5249578952789307,0.6873050332069397,-0.07937457412481308,0.507651150226593,0.6380870938301086,-0.0952160581946373,0.4974133372306824,0.5942145586013794,-0.10788177698850632,0.5468568801879883,0.816463828086853,-0.07055120915174484,0.5309354066848755,0.780588686466217,-0.09873109310865402,0.5144829750061035,0.7509116530418396,-0.11582109332084656,0.5017756223678589,0.7179519534111023,-0.12830419838428497
30,right,0.36911192536354065,0.9464071989059448,2.1736987321219203e-07,0.42681559920310974,0.8709824085235596,0.01223602145910263,0.45300596952438354,0.7932689189910889,0.010395863093435764,0.47249385714530945,0.745284914970398,0.0026618142146617174,0.484466016292572,0.7056410312652588,-0.0069009712897241116,0.42717182636260986,0.7233629822731018,-0.009661640040576458,0.4512328803539276,0.6313411593437195,-0.03062533028423786,0.4673324525356293,0.5762020349502563,-0.046393003314733505,0.47933971881866455,0.5302644968032837,-0.05855037271976471,0.41808077692985535,0.7392494082450867,-0.0324062705039978,0.44795989990234375,0.6385686993598938,-0.05378679931163788,0.46889206767082214,0.5798411965370178,-0.0711381733417511,0.4858033061027527,0.5279080867767334,-0.08443080633878708,0.41668564081192017,0.7734332084655762,-0.05450130254030228,0.44681617617607117,0.6904059052467346,-0.07737428694963455,0.4713039994239807,0.6419667601585388,-0.09457261115312576,0.49088412523269653,0.5981118083000183,-0.10740658640861511,0.4253690838813782,0.8208356499671936,-0.07519853860139847,0.45377108454704285,0.7811611294746399,-0.0954957902431488,0.47307252883911133,0.7535610795021057,-0.10572080314159393,0.4926797151565552,0.7275738716125488,-0.11383827030658722
30,left,0.5874964594841003,0.9210026860237122,3.997024009549932e-07,0.5235821604728699,0.8585707545280457,0.0037660053931176662,0.5059503316879272,0.7898807525634766,-0.003420572727918625,0.5103138089179993,0.7397124767303467,-0.012324642390012741,0.515213668346405,0.6985519528388977,-0.023700477555394173,0.5327589511871338,0.7331737279891968,-0.021353213116526604,0.5192373991012573,0.6464053392410278,-0.04558350518345833,0.5032151341438293,0.589469850063324,-0.06304531544446945,0.49223464727401733,0.5390908718109131,-0.07688196003437042,0.5468131899833679,0.7391428351402283,-0.03713934123516083,0.519760251045227,0.6472201347351074,-0.059924472123384476,0.5019431710243225,0.5847803354263306,-0.07551055401563644,0.4897081255912781,0.5247457027435303,-0.08847377449274063,0.5529288053512573,0.7671664357185364,-0.05284048616886139,0.5237755179405212,0.6823961734771729,-0.07666445523500443,0.5064184665679932,0.6311959028244019,-0.09212055057287216,0.4962144196033478,0.58460533618927,-0.10452888906002045,0.5500789284706116,0.8123481869697571,-0.06745438277721405,0.533244788646698,0.7765558362007141,-0.09665966033935547,0.515519917011261,0.7451812624931335,-0.11444754153490067,0.5008076429367065,0.709803581237793,-0.12735790014266968
31,right,0.3726116120815277,0.9295382499694824,2.418161386685824e-07,0.41012969613075256,0.8534778356552124,0.013441085815429688,0.4332810640335083,0.7791773080825806,0.009984650649130344,0.4529229402542114,0.7331447005271912,0.0009102171752601862,0.46855637431144714,0.6983749866485596,-0.010233652777969837,0.427866131067276,0.7309699058532715,-0.01682756282389164,0.45635300874710083,0.6386966705322266,-0.03954962268471718,0.4728543162345886,0.5836002826690674,-0.054601650685071945,0.48439115285873413,0.5380708575248718,-0.06527284532785416,0.42164310812950134,0.7468030452728271,-0.04040680453181267,0.453069269657135,0.6471198797225952,-0.06408480554819107,0.4727008640766144,0.5873145461082458,-0.08031777292490005,0.4867545962333679,0.5357552170753479,-0.09166915714740753,0.42079055309295654,0.7801373600959778,-0.06257344782352448,0.45214682817459106,0.6991046667098999,-0.08553570508956909,0.4772525727748871,0.6542320251464844,-0.10018876194953918,0.49646222591400146,0.6133352518081665,-0.11046697199344635,0.42719152569770813,0.82643061876297,-0.08309922367334366,0.45287105441093445,0.785179853439331,-0.10314125567674637,0.4712289869785309,0.758716344833374,-0.11150693148374557,0.48933303356170654,0.7337931394577026,-0.11746686697006226
31,left,0,0,0,0,0,0,0,0,0,0,0,0,0,0,0,0,0,0,0,0,0,0,0,0,0,0,0,0,0,0,0,0,0,0,0,0,0,0,0,0,0,0,0,0,0,0,0,0,0,0,0,0,0,0,0,0,0,0,0,0,0,0,0
32,right,0.37588372826576233,0.916533887386322,2.6791153118210786e-07,0.4097117781639099,0.8408258557319641,0.01226208545267582,0.42896121740341187,0.770384669303894,0.007947380654513836,0.44671300053596497,0.7239688634872437,-0.0019441520562395453,0.4621402621269226,0.6875527501106262,-0.013510657474398613,0.4248351454734802,0.7307034134864807,-0.019144466146826744,0.4521470367908478,0.6369255781173706,-0.043806713074445724,0.46864011883735657,0.5798296928405762,-0.059506140649318695,0.4815812110900879,0.5327267646789551,-0.07010941952466965,0.4212599992752075,0.7442166805267334,-0.04229205846786499,0.4506502151489258,0.6431610584259033,-0.06827862560749054,0.4711080491542816,0.5821890830993652,-0.08479898422956467,0.4867115914821625,0.5318664312362671,-0.0954643040895462,0.42412182688713074,0.7765089273452759,-0.0639636367559433,0.45369458198547363,0.6943808197975159,-0.08833644539117813,0.4783098101615906,0.6526300311088562,-0.10236700624227524,0.49782389402389526,0.6165529489517212,-0.11139009147882462,0.4345243275165558,0.8217926621437073,-0.08425046503543854,0.4568110406398773,0.782272219657898,-0.10540017485618591,0.4733281433582306,0.756233274936676,-0.11409652233123779,0.49049925804138184,0.7328507900238037,-0.11961773037910461
32,left,0,0,0,0,0,0,0,0,0,0,0,0,0,0,0,0,0,0,0,0,0,0,0,0,0,0,0,0,0,0,0,0,0,0,0,0,0,0,0,0,0,0,0,0,0,0,0,0,0,0,0,0,0,0,0,0,0,0,0,0,0,0,0
33,right,0.37907281517982483,0.9152685403823853,2.767752391719114e-07,0.4130965769290924,0.8442124128341675,0.010480687953531742,0.43197041749954224,0.7728987336158752,0.006694377865642309,0.45031365752220154,0.7264271378517151,-0.001960546476766467,0.4648822844028473,0.6899983882904053,-0.012565592303872108,0.42929401993751526,0.7308200001716614,-0.01954909786581993,0.4553559422492981,0.640119731426239,-0.043818261474370956,0.4714811146259308,0.5816259980201721,-0.05988717079162598,0.48342517018318176,0.5337986946105957,-0.07105658948421478,0.42560046911239624,0.7435716986656189,-0.04159891605377197,0.45174676179885864,0.6455864906311035,-0.0670568123459816,0.47121742367744446,0.5836191177368164,-0.08413230627775192,0.4864048957824707,0.5327000617980957,-0.09535030275583267,0.4268169403076172,0.7754446864128113,-0.0623139962553978,0.45433375239372253,0.6944719552993774,-0.08707362413406372,0.47822105884552,0.6519380211830139,-0.10234641283750534,0.49759992957115173,0.6160271167755127,-0.11221569776535034,0.43441227078437805,0.8210926055908203,-0.08163747191429138,0.4558827579021454,0.7844585180282593,-0.10489176958799362,0.472749799489975,0.7587940692901611,-0.11526824533939362,0.4903430640697479,0.735840916633606,-0.12171296775341034
33,left,0,0,0,0,0,0,0,0,0,0,0,0,0,0,0,0,0,0,0,0,0,0,0,0,0,0,0,0,0,0,0,0,0,0,0,0,0,0,0,0,0,0,0,0,0,0,0,0,0,0,0,0,0,0,0,0,0,0,0,0,0,0,0
34,right,0.3802403509616852,0.91538405418396,2.8061273837920453e-07,0.4202080965042114,0.8475209474563599,0.008854568004608154,0.4404369592666626,0.7772548794746399,0.0036779039073735476,0.4585650563240051,0.7301604151725769,-0.006034437101334333,0.4729594588279724,0.6926820278167725,-0.01789814420044422,0.43277794122695923,0.7349568605422974,-0.024422258138656616,0.45830440521240234,0.6439512968063354,-0.05064891278743744,0.4740508794784546,0.5850346088409424,-0.06776394695043564,0.48592424392700195,0.5371608734130859,-0.07948154956102371,0.4271681606769562,0.7490760087966919,-0.04638366773724556,0.452853798866272,0.6510705351829529,-0.07418011128902435,0.472392737865448,0.5886500477790833,-0.09212028235197067,0.4883653521537781,0.5374874472618103,-0.10377093404531479,0.42688465118408203,0.7821559906005859,-0.06693938374519348,0.45534011721611023,0.7008742690086365,-0.09381145238876343,0.4795309901237488,0.6579226851463318,-0.10917669534683228,0.49923259019851685,0.6216742992401123,-0.1187698021531105,0.4336400628089905,0.8285247683525085,-0.0860973596572876,0.4557298421859741,0.790564775466919,-0.11099248379468918,0.47326016426086426,0.7628968358039856,-0.12158805131912231,0.4912874400615692,0.7378997802734375,-0.1279914677143097
34,left,0.590266227722168,0.8620791435241699,-1.194912613300403e-07,0.5688261985778809,0.77143794298172,0.010659048333764076,0.5532427430152893,0.6862293481826782,0.011546584777534008,0.5409721732139587,0.6191166043281555,0.009913905523717403,0.5241706967353821,0.572306752204895,0.004919111263006926,0.5463918447494507,0.6620948910713196,-0.013168217614293098,0.5202116966247559,0.5842487215995789,-0.030660832300782204,0.5029552578926086,0.5529870390892029,-0.0453401580452919,0.49365532398223877,0.52382493019104,-0.05805549398064613,0.5506596565246582,0.6870682239532471,-0.031070776283740997,0.5228305459022522,0.6042817831039429,-0.04777761548757553,0.5059871673583984,0.5680631399154663,-0.06192180514335632,0.4965941607952118,0.5336756110191345,-0.07543336600065231,0.5528303384780884,0.7326095104217529,-0.04819634184241295,0.5268867015838623,0.6674237251281738,-0.06635545194149017,0.5078050494194031,0.6328802108764648,-0.08334288746118546,0.4985177516937256,0.6013582348823547,-0.09938772767782211,0.5521057844161987,0.7883739471435547,-0.0633324459195137,0.5312668681144714,0.7727982401847839,-0.08749065548181534,0.5139885544776917,0.7565662264823914,-0.10419432073831558,0.500584602355957,0.7352362871170044,-0.11836615204811096
35,right,0.38252007961273193,0.9083148241043091,2.771330969153496e-07,0.417402058839798,0.8386739492416382,0.013148859143257141,0.43652093410491943,0.7693055868148804,0.010705629363656044,0.4544283449649811,0.7228182554244995,0.002678215503692627,0.46858400106430054,0.6863831877708435,-0.0072195217944681644,0.4296780526638031,0.7322491407394409,-0.01590544357895851,0.4565958082675934,0.6401636004447937,-0.03872852027416229,0.47349849343299866,0.5826911330223083,-0.05333990603685379,0.48674267530441284,0.5347651243209839,-0.06343866139650345,0.4252934455871582,0.7428730726242065,-0.038541845977306366,0.4513416588306427,0.6431994438171387,-0.06240500137209892,0.47200414538383484,0.5814767479896545,-0.07819943130016327,0.4883238673210144,0.5306593775749207,-0.0884997695684433,0.42721623182296753,0.7722286581993103,-0.059721190482378006,0.45502549409866333,0.6905069947242737,-0.08277704566717148,0.4801023304462433,0.6473179459571838,-0.09657730907201767,0.5002273321151733,0.6109156012535095,-0.1054949089884758,0.4368267357349396,0.8148947954177856,-0.07944267988204956,0.46001100540161133,0.7770042419433594,-0.10042676329612732,0.4782010316848755,0.7512456178665161,-0.10945863276720047,0.49642887711524963,0.7286019921302795,-0.11517851054668427
35,left,0.5862703323364258,0.9184138178825378,3.3490920259282575e-07,0.5214470028877258,0.8528790473937988,0.0018694358877837658,0.5046901106834412,0.7853841185569763,-0.007499594707041979,0.5073456168174744,0.7339409589767456,-0.017633499577641487,0.5088869333267212,0.692278265953064,-0.030210385099053383,0.5450137257575989,0.7304002046585083,-0.030462799593806267,0.5271779298782349,0.6410021781921387,-0.05479447543621063,0.5099278688430786,0.5879133939743042,-0.07153643667697906,0.4974813163280487,0.5383522510528564,-0.0852266252040863,0.5593035817146301,0.738914966583252,-0.04582608491182327,0.5281170010566711,0.6417906284332275,-0.07084716111421585,0.5087457299232483,0.5828610062599182,-0.08787010610103607,0.4953274726867676,0.5273233652114868,-0.1023782417178154,0.5619879961013794,0.7695493698120117,-0.060297079384326935,0.5319797992706299,0.681107759475708,-0.08557689189910889,0.5142682790756226,0.6293347477912903,-0.10252216458320618,0.5039735436439514,0.5831834077835083,-0.11655355989933014,0.5505375862121582,0.8169701099395752,-0.07350009679794312,0.5359656810760498,0.776961088180542,-0.10281295329332352,0.5208448171615601,0.7463163733482361,-0.12132065743207932,0.5078466534614563,0.7115180492401123,-0.13567110896110535
36,right,0.37906116247177124,0.9100946187973022,2.963278689094295e-07,0.4135211706161499,0.8448219895362854,0.008659769780933857,0.43371689319610596,0.7760753035545349,0.0033084528986364603,0.4534359872341156,0.7298706769943237,-0.006295449566096067,0.4686901271343231,0.6937280893325806,-0.018138950690627098,0.4299546480178833,0.7366629838943481,-0.025730710476636887,0.45746368169784546,0.6441302299499512,-0.05139140412211418,0.473273366689682,0.5844943523406982,-0.06763239949941635,0.4845615327358246,0.5367442965507507,-0.07862380146980286,0.42653584480285645,0.7493196725845337,-0.04696672037243843,0.45363640785217285,0.6498465538024902,-0.07380011677742004,0.47292518615722656,0.5874432921409607,-0.09096051007509232,0.48807042837142944,0.5366981029510498,-0.10198194533586502,0.42833220958709717,0.7808086276054382,-0.06655585765838623,0.45773768424987793,0.698205828666687,-0.09242400527000427,0.4809642732143402,0.6567175388336182,-0.10707326978445053,0.49960049986839294,0.6217167973518372,-0.11627742648124695,0.4363725781440735,0.8255202174186707,-0.08465525507926941,0.4584076404571533,0.7881861329078674,-0.10887594521045685,0.4747663736343384,0.7622923254966736,-0.1188284382224083,0.49184346199035645,0.7386153936386108,-0.12468352168798447
36,left,0.5869026184082031,0.9225397706031799,3.5181358271074714e-07,0.5253193378448486,0.8588702082633972,0.001822844846174121,0.5016705393791199,0.7885929346084595,-0.004709717817604542,0.4980497360229492,0.7319841384887695,-0.012267193756997585,0.4940686821937561,0.686906099319458,-0.021502895280718803,0.5355113744735718,0.7325360178947449,-0.022279532626271248,0.522360622882843,0.6456902027130127,-0.04479146748781204,0.5083253383636475,0.5883759260177612,-0.061855632811784744,0.4970594644546509,0.5384638905525208,-0.07568179070949554,0.550880491733551,0.741826057434082,-0.03738494589924812,0.5281145572662354,0.6490400433540344,-0.057459037750959396,0.5122973918914795,0.5873696804046631,-0.07179207354784012,0.501006007194519,0.5300067663192749,-0.0842512920498848,0.5573215484619141,0.7719059586524963,-0.05250561982393265,0.5336389541625977,0.6867464780807495,-0.07375562191009521,0.5176722407341003,0.634020984172821,-0.08854077011346817,0.5071327090263367,0.5888636112213135,-0.10082066804170609,0.5538668632507324,0.8186809420585632,-0.06685468554496765,0.5384992957115173,0.7819740176200867,-0.09384842962026596,0.519995391368866,0.7522550821304321,-0.11023396253585815,0.5027008652687073,0.7214447855949402,-0.12224376201629639
