1,right,0,0,0,0,0,0,0,0,0,0,0,0,0,0,0,0,0,0,0,0,0,0,0,0,0,0,0,0,0,0,0,0,0,0,0,0,0,0,0,0,0,0,0,0,0,0,0,0,0,0,0,0,0,0,0,0,0,0,0,0,0,0,0
1,left,0,0,0,0,0,0,0,0,0,0,0,0,0,0,0,0,0,0,0,0,0,0,0,0,0,0,0,0,0,0,0,0,0,0,0,0,0,0,0,0,0,0,0,0,0,0,0,0,0,0,0,0,0,0,0,0,0,0,0,0,0,0,0
2,right,0,0,0,0,0,0,0,0,0,0,0,0,0,0,0,0,0,0,0,0,0,0,0,0,0,0,0,0,0,0,0,0,0,0,0,0,0,0,0,0,0,0,0,0,0,0,0,0,0,0,0,0,0,0,0,0,0,0,0,0,0,0,0
2,left,0,0,0,0,0,0,0,0,0,0,0,0,0,0,0,0,0,0,0,0,0,0,0,0,0,0,0,0,0,0,0,0,0,0,0,0,0,0,0,0,0,0,0,0,0,0,0,0,0,0,0,0,0,0,0,0,0,0,0,0,0,0,0
3,right,0,0,0,0,0,0,0,0,0,0,0,0,0,0,0,0,0,0,0,0,0,0,0,0,0,0,0,0,0,0,0,0,0,0,0,0,0,0,0,0,0,0,0,0,0,0,0,0,0,0,0,0,0,0,0,0,0,0,0,0,0,0,0
3,left,0,0,0,0,0,0,0,0,0,0,0,0,0,0,0,0,0,0,0,0,0,0,0,0,0,0,0,0,0,0,0,0,0,0,0,0,0,0,0,0,0,0,0,0,0,0,0,0,0,0,0,0,0,0,0,0,0,0,0,0,0,0,0
4,right,0,0,0,0,0,0,0,0,0,0,0,0,0,0,0,0,0,0,0,0,0,0,0,0,0,0,0,0,0,0,0,0,0,0,0,0,0,0,0,0,0,0,0,0,0,0,0,0,0,0,0,0,0,0,0,0,0,0,0,0,0,0,0
4,left,0,0,0,0,0,0,0,0,0,0,0,0,0,0,0,0,0,0,0,0,0,0,0,0,0,0,0,0,0,0,0,0,0,0,0,0,0,0,0,0,0,0,0,0,0,0,0,0,0,0,0,0,0,0,0,0,0,0,0,0,0,0,0
5,right,0,0,0,0,0,0,0,0,0,0,0,0,0,0,0,0,0,0,0,0,0,0,0,0,0,0,0,0,0,0,0,0,0,0,0,0,0,0,0,0,0,0,0,0,0,0,0,0,0,0,0,0,0,0,0,0,0,0,0,0,0,0,0
5,left,0,0,0,0,0,0,0,0,0,0,0,0,0,0,0,0,0,0,0,0,0,0,0,0,0,0,0,0,0,0,0,0,0,0,0,0,0,0,0,0,0,0,0,0,0,0,0,0,0,0,0,0,0,0,0,0,0,0,0,0,0,0,0
6,right,0,0,0,0,0,0,0,0,0,0,0,0,0,0,0,0,0,0,0,0,0,0,0,0,0,0,0,0,0,0,0,0,0,0,0,0,0,0,0,0,0,0,0,0,0,0,0,0,0,0,0,0,0,0,0,0,0,0,0,0,0,0,0
6,left,0,0,0,0,0,0,0,0,0,0,0,0,0,0,0,0,0,0,0,0,0,0,0,0,0,0,0,0,0,0,0,0,0,0,0,0,0,0,0,0,0,0,0,0,0,0,0,0,0,0,0,0,0,0,0,0,0,0,0,0,0,0,0
7,right,0,0,0,0,0,0,0,0,0,0,0,0,0,0,0,0,0,0,0,0,0,0,0,0,0,0,0,0,0,0,0,0,0,0,0,0,0,0,0,0,0,0,0,0,0,0,0,0,0,0,0,0,0,0,0,0,0,0,0,0,0,0,0
7,left,0,0,0,0,0,0,0,0,0,0,0,0,0,0,0,0,0,0,0,0,0,0,0,0,0,0,0,0,0,0,0,0,0,0,0,0,0,0,0,0,0,0,0,0,0,0,0,0,0,0,0,0,0,0,0,0,0,0,0,0,0,0,0
8,right,0,0,0,0,0,0,0,0,0,0,0,0,0,0,0,0,0,0,0,0,0,0,0,0,0,0,0,0,0,0,0,0,0,0,0,0,0,0,0,0,0,0,0,0,0,0,0,0,0,0,0,0,0,0,0,0,0,0,0,0,0,0,0
8,left,0,0,0,0,0,0,0,0,0,0,0,0,0,0,0,0,0,0,0,0,0,0,0,0,0,0,0,0,0,0,0,0,0,0,0,0,0,0,0,0,0,0,0,0,0,0,0,0,0,0,0,0,0,0,0,0,0,0,0,0,0,0,0
9,right,0,0,0,0,0,0,0,0,0,0,0,0,0,0,0,0,0,0,0,0,0,0,0,0,0,0,0,0,0,0,0,0,0,0,0,0,0,0,0,0,0,0,0,0,0,0,0,0,0,0,0,0,0,0,0,0,0,0,0,0,0,0,0
9,left,0.613721489906311,1.0097053050994873,1.1439137637125896e-07,0.5417489409446716,0.9343513250350952,0.002112868707627058,0.5073599219322205,0.8544507026672363,-0.004123579245060682,0.4868190884590149,0.7939376831054688,-0.012135972268879414,0.4658913016319275,0.7446388602256775,-0.023265177384018898,0.5443563461303711,0.8049111366271973,-0.03234368562698364,0.5111446976661682,0.7364194393157959,-0.052654512226581573,0.48658740520477295,0.6977507472038269,-0.06644731014966965,0.46829408407211304,0.6621555089950562,-0.07791560888290405,0.562674880027771,0.8371279835700989,-0.05010668933391571,0.5217680335044861,0.7663124799728394,-0.06847255676984787,0.4948526918888092,0.7244848608970642,-0.08233509957790375,0.4732421338558197,0.6877720952033997,-0.09548396617174149,0.5762096643447876,0.8886143565177917,-0.06668713688850403,0.5367355942726135,0.8464487791061401,-0.08865763992071152,0.5071508288383484,0.8117953538894653,-0.10581759363412857,0.48234760761260986,0.7792325019836426,-0.12106797099113464,0.5842636823654175,0.9514157176017761,-0.08175425231456757,0.5511168837547302,0.9556077718734741,-0.10619892925024033,0.5270146727561951,0.9505212306976318,-0.11894822865724564,0.5067590475082397,0.9436644911766052,-0.1293625831604004
10,right,0.36153915524482727,0.9816967844963074,-1.1575517788742218e-07,0.4358140826225281,0.8919640779495239,0.015927333384752274,0.46720367670059204,0.7981703877449036,0.01608220487833023,0.483612984418869,0.7370041012763977,0.009132479317486286,0.4971354305744171,0.6902955770492554,0.0015528035582974553,0.4127359092235565,0.698620080947876,0.008113344199955463,0.4487358331680298,0.5984879732131958,-0.007924538105726242,0.46246272325515747,0.5593957304954529,-0.02286655083298683,0.4638276994228363,0.5286270380020142,-0.03477102890610695,0.401551753282547,0.7138639688491821,-0.01524467021226883,0.44753798842430115,0.60443115234375,-0.03019089624285698,0.45888638496398926,0.5639308094978333,-0.043551720678806305,0.457849383354187,0.5270487666130066,-0.05507589876651764,0.40216973423957825,0.7453439831733704,-0.03876402601599693,0.4447579085826874,0.6411488056182861,-0.05324605479836464,0.45703935623168945,0.5983358025550842,-0.058959778398275375,0.4593316912651062,0.5598734021186829,-0.0654609277844429,0.41446879506111145,0.7854145169258118,-0.06144697219133377,0.4437461197376251,0.717586100101471,-0.07145678251981735,0.4572087526321411,0.6790180802345276,-0.07025018334388733,0.46579891443252563,0.6450584530830383,-0.07119979709386826
10,left,0.5933476090431213,0.9248973727226257,1.4682005655686226e-07,0.5464721918106079,0.8466788530349731,0.006107023451477289,0.527091383934021,0.7677117586135864,-0.001718949992209673,0.5215341448783875,0.7151108980178833,-0.01103297807276249,0.5167688727378845,0.6756749749183655,-0.023773813620209694,0.5382282137870789,0.729232907295227,-0.03679955005645752,0.5132411122322083,0.6392964720726013,-0.060703735798597336,0.4926547408103943,0.5903977155685425,-0.07649928331375122,0.476443886756897,0.5476392507553101,-0.0890970379114151,0.5479469299316406,0.74765944480896,-0.055505555123090744,0.5160931944847107,0.6557097434997559,-0.07638563960790634,0.4917377531528473,0.6058381795883179,-0.0888155922293663,0.4716470539569855,0.5620002150535583,-0.10089509934186935,0.5500162839889526,0.789690375328064,-0.07239461690187454,0.5179899334907532,0.709470272064209,-0.09334079921245575,0.4959290027618408,0.6694114208221436,-0.10721081495285034,0.48003965616226196,0.636376678943634,-0.12065019458532333,0.5409436225891113,0.847190260887146,-0.08761508762836456,0.5186945796012878,0.8210057616233826,-0.11201141029596329,0.5003997683525085,0.7978188395500183,-0.12578129768371582,0.4852181077003479,0.7725453972816467,-0.13747091591358185
11,right,0.3724828064441681,0.9397466778755188,2.918544623753405e-07,0.4399406313896179,0.8555364012718201,0.01220171432942152,0.46676188707351685,0.7739610075950623,0.01082773320376873,0.481821745634079,0.7264451384544373,0.0029659243300557137,0.4929238557815552,0.6876834034919739,-0.007067443802952766,0.42628732323646545,0.6950157284736633,-0.00674360292032361,0.45377418398857117,0.6078382730484009,-0.028059804812073708,0.4721236228942871,0.5539290308952332,-0.04621770605444908,0.48567652702331543,0.5089365243911743,-0.06105268374085426,0.4148845970630646,0.7146434187889099,-0.030748726800084114,0.45126548409461975,0.6174824237823486,-0.05270393565297127,0.4746793806552887,0.5596354603767395,-0.07315101474523544,0.49331068992614746,0.5054193735122681,-0.09003134816884995,0.41096222400665283,0.7521829605102539,-0.054410818964242935,0.44676050543785095,0.6703364253044128,-0.07800377160310745,0.4711163341999054,0.6221526861190796,-0.09737470746040344,0.48980334401130676,0.5764749050140381,-0.11291699856519699,0.4170108139514923,0.8023002743721008,-0.0768408328294754,0.44724059104919434,0.7618008852005005,-0.09805991500616074,0.46715033054351807,0.7325198650360107,-0.10969890654087067,0.4869604706764221,0.7044278979301453,-0.11980939656496048
11,left,0.5880984663963318,0.9018151760101318,4.639354926894157e-07,0.526140570640564,0.8227659463882446,0.012469644658267498,0.5137300491333008,0.7430084347724915,0.007339158095419407,0.5232391357421875,0.687333345413208,-0.0012773113558068871,0.5372000336647034,0.6422551274299622,-0.013710889033973217,0.537139892578125,0.7060806155204773,-0.018425608053803444,0.5235987305641174,0.6206035614013672,-0.04107684642076492,0.5091851353645325,0.5655118227005005,-0.057996965944767,0.49876710772514343,0.515927791595459,-0.07151451706886292,0.5468963384628296,0.7186952233314514,-0.038620494306087494,0.5248784422874451,0.6225451231002808,-0.05971403047442436,0.507967472076416,0.5609001517295837,-0.07538724690675735,0.49537262320518494,0.5025317668914795,-0.08921493589878082,0.5473181009292603,0.7510208487510681,-0.05739614740014076,0.5253154039382935,0.658366322517395,-0.07815293222665787,0.5095499753952026,0.6075692176818848,-0.09359260648488998,0.5002745985984802,0.5636606216430664,-0.10714127123355865,0.5353692770004272,0.8003077507019043,-0.074283666908741,0.5225483775138855,0.7570458054542542,-0.09875079989433289,0.5083792805671692,0.7261286377906799,-0.11424805968999863,0.4972771406173706,0.6940383315086365,-0.12667812407016754
12,right,0.3820071220397949,0.8921693563461304,2.6842707256946596e-07,0.42752736806869507,0.8138421177864075,0.015204029157757759,0.4500355124473572,0.7378933429718018,0.0173057708889246,0.465115487575531,0.686825156211853,0.013191771693527699,0.47536852955818176,0.6471825838088989,0.006524177268147469,0.43231844902038574,0.6770147085189819,0.003038661787286401,0.4550209045410156,0.5937307476997375,-0.013424535281956196,0.4699900150299072,0.5385183095932007,-0.028353402391076088,0.48282355070114136,0.49336957931518555,-0.040099386125802994,0.42741963267326355,0.6896843910217285,-0.018597302958369255,0.4563586115837097,0.5948538780212402,-0.033929456025362015,0.47541093826293945,0.5352367758750916,-0.05036996677517891,0.49163350462913513,0.47984132170677185,-0.06370463222265244,0.4276539981365204,0.7194411158561707,-0.039773162454366684,0.45513737201690674,0.6339285373687744,-0.05604138225317001,0.47181838750839233,0.5846222639083862,-0.07148668169975281,0.48487454652786255,0.5398081541061401,-0.08414316922426224,0.4346729815006256,0.7634195685386658,-0.059607844799757004,0.45595189929008484,0.7195715308189392,-0.07552820444107056,0.46988388895988464,0.6892673969268799,-0.08425605297088623,0.484474778175354,0.6604838371276855,-0.09165159612894058
12,left,0.5865166187286377,0.8325455188751221,6.883551151304346e-08,0.5793250799179077,0.7456966638565063,0.012398388236761093,0.5660242438316345,0.6638326644897461,0.012914645485579967,0.5566147565841675,0.6027508974075317,0.010309492237865925,0.542145848274231,0.5583844184875488,0.004349278286099434,0.5481242537498474,0.6397944688796997,-0.017633017152547836,0.5239863395690918,0.5571063160896301,-0.03678299859166145,0.5086801052093506,0.509190022945404,-0.05069933459162712,0.49977684020996094,0.467338502407074,-0.061911627650260925,0.5417861938476562,0.6620513200759888,-0.037626802921295166,0.5155998468399048,0.5703489780426025,-0.0565875768661499,0.49945658445358276,0.5161244869232178,-0.07203808426856995,0.48980507254600525,0.46733614802360535,-0.08541902154684067,0.5351945161819458,0.7017579078674316,-0.0559379979968071,0.5132070779800415,0.6237059235572815,-0.075426384806633,0.4975680112838745,0.5720579028129578,-0.09286866337060928,0.490090548992157,0.5275939106941223,-0.10799047350883484,0.526957631111145,0.7522009015083313,-0.07201330363750458,0.507270336151123,0.7171136140823364,-0.09653710573911667,0.49556347727775574,0.6866750717163086,-0.11230429261922836,0.4892616271972656,0.6567463874816895,-0.12481466680765152
13,right,0.38703882694244385,0.8593370318412781,2.1563975849403505e-07,0.4151182174682617,0.7823171019554138,0.016374781727790833,0.4290282130241394,0.7093772888183594,0.016410965472459793,0.44417476654052734,0.6575952768325806,0.010203470475971699,0.45467033982276917,0.6191272735595703,0.001305821118876338,0.4256516396999359,0.6698303818702698,-0.0052925338968634605,0.4490671753883362,0.5854965448379517,-0.024157365784049034,0.4627379775047302,0.5305790901184082,-0.038113784044981,0.4740446209907532,0.48555850982666016,-0.04850480705499649,0.4242091476917267,0.6810644865036011,-0.028191154822707176,0.45096835494041443,0.5839352607727051,-0.046755820512771606,0.4679632782936096,0.5220000743865967,-0.061793047934770584,0.4814794361591339,0.4664599895477295,-0.07302949577569962,0.4274207353591919,0.7075484991073608,-0.049986083060503006,0.45072367787361145,0.6171268820762634,-0.06874217838048935,0.4658590853214264,0.5657323598861694,-0.08289524912834167,0.47794270515441895,0.5189646482467651,-0.09369178861379623,0.4375407099723816,0.7469490170478821,-0.07013986259698868,0.4539739787578583,0.699013352394104,-0.0881788358092308,0.4635851979255676,0.6654940843582153,-0.09712032973766327,0.474405437707901,0.633196234703064,-0.10393182188272476
13,left,0.5655626654624939,0.856743574142456,3.9451393263334467e-07,0.5165301561355591,0.7882299423217773,0.00989808700978756,0.5000048875808716,0.7166953682899475,0.007110408507287502,0.4978041648864746,0.6609431505203247,0.0014673923142254353,0.4954001009464264,0.6201941967010498,-0.0073011647909879684,0.5245787501335144,0.6709785461425781,-0.012274487875401974,0.5136426091194153,0.5847132205963135,-0.031248075887560844,0.5017225742340088,0.5282685160636902,-0.04624030366539955,0.4937067925930023,0.47968101501464844,-0.057527460157871246,0.5318514108657837,0.6784883737564087,-0.02898305468261242,0.5115792155265808,0.5808674693107605,-0.04736153781414032,0.49679267406463623,0.5193184018135071,-0.06358610838651657,0.4873749017715454,0.4631430506706238,-0.07664269208908081,0.5313328504562378,0.703832745552063,-0.044418204575777054,0.5094904899597168,0.6129492521286011,-0.062163062393665314,0.4957212805747986,0.5579864382743835,-0.07831811904907227,0.4892980456352234,0.5125278830528259,-0.09145034849643707,0.5212539434432983,0.7432124614715576,-0.0581984706223011,0.5067936182022095,0.696724534034729,-0.0774986669421196,0.49504727125167847,0.6647171974182129,-0.09024962037801743,0.4867364764213562,0.6333127021789551,-0.10042749345302582
14,right,0.386361300945282,0.8558391332626343,2.2515175146509137e-07,0.406257688999176,0.7773778438568115,0.012783853337168694,0.42072436213493347,0.7008332014083862,0.01180405355989933,0.43811705708503723,0.6465116143226624,0.005930693354457617,0.44955581426620483,0.6056061387062073,-0.002188779879361391,0.4249459207057953,0.6753546595573425,-0.012269650585949421,0.4480156898498535,0.5921689867973328,-0.03317221626639366,0.46070846915245056,0.5348725318908691,-0.0468551367521286,0.4701557457447052,0.4888131618499756,-0.05660467594861984,0.42467236518859863,0.6878826022148132,-0.033497005701065063,0.4501926302909851,0.5925401449203491,-0.055960383266210556,0.46673792600631714,0.5278257131576538,-0.07217703014612198,0.4796372056007385,0.4712218642234802,-0.08331216871738434,0.429330974817276,0.7160627245903015,-0.053364936262369156,0.4523094892501831,0.630495548248291,-0.07508965581655502,0.46598121523857117,0.5788247585296631,-0.08927282691001892,0.47690555453300476,0.5317124724388123,-0.09910409152507782,0.4396255612373352,0.7564051747322083,-0.07164827734231949,0.45484423637390137,0.7117090821266174,-0.09254513680934906,0.46520885825157166,0.6798973679542542,-0.10259799659252167,0.4771958589553833,0.6484957337379456,-0.10945587605237961
14,left,0.5624244213104248,0.8548719882965088,3.1782664677848516e-07,0.5273958444595337,0.7728127837181091,0.014528652653098106,0.5148186683654785,0.6981213092803955,0.012212644331157207,0.5116828680038452,0.6400622129440308,0.006359657738357782,0.5070874691009521,0.5960143208503723,-0.0027053970843553543,0.5316066145896912,0.6721290946006775,-0.015231565572321415,0.5164158344268799,0.5841031074523926,-0.035656869411468506,0.503096342086792,0.529079794883728,-0.050178319215774536,0.4922633469104767,0.4791439175605774,-0.06190437078475952,0.5370389223098755,0.683299720287323,-0.03566444292664528,0.5137406587600708,0.5822687745094299,-0.0555853471159935,0.4986423850059509,0.5203346610069275,-0.0706707239151001,0.4869607090950012,0.46275657415390015,-0.08400316536426544,0.5332687497138977,0.7113658785820007,-0.0543910451233387,0.5102570056915283,0.6165100932121277,-0.07349136471748352,0.49610435962677,0.5629627704620361,-0.08870597928762436,0.48709484934806824,0.5176727771759033,-0.10224992036819458,0.5203201174736023,0.7524304986000061,-0.07094272971153259,0.5095261931419373,0.7061306834220886,-0.09438615292310715,0.49824947118759155,0.6712906956672668,-0.1103249117732048,0.4873957335948944,0.6364144682884216,-0.12328916788101196
15,right,0.38800883293151855,0.8527017831802368,2.409642547718249e-07,0.4082272946834564,0.7808448076248169,0.01094326563179493,0.42212730646133423,0.7056860327720642,0.008451542817056179,0.4391474425792694,0.6514958143234253,0.0014625354669988155,0.450531542301178,0.609718382358551,-0.008264124393463135,0.4236610531806946,0.6815323233604431,-0.018851730972528458,0.4478576183319092,0.5951785445213318,-0.042144592851400375,0.4607216715812683,0.5355739593505859,-0.057228848338127136,0.46979811787605286,0.48724496364593506,-0.06796727329492569,0.4236588776111603,0.6929689645767212,-0.03996513783931732,0.44916558265686035,0.5961402058601379,-0.06451652199029922,0.46492281556129456,0.5311065912246704,-0.08169406652450562,0.4767470061779022,0.47359150648117065,-0.09331260621547699,0.4285927414894104,0.7213526368141174,-0.059507157653570175,0.45354172587394714,0.633564293384552,-0.0831841304898262,0.4685593545436859,0.5813267827033997,-0.09833391010761261,0.4803212285041809,0.5329802632331848,-0.10866733640432358,0.43880563974380493,0.7627956867218018,-0.07743815332651138,0.4546041786670685,0.7193999290466309,-0.10097737610340118,0.46588724851608276,0.6869676113128662,-0.11228256672620773,0.4791393578052521,0.6551290154457092,-0.11961556226015091
15,left,0.5655482411384583,0.8569038510322571,3.092982012731227e-07,0.5350428819656372,0.776349663734436,0.012743660248816013,0.5173648595809937,0.7027967572212219,0.010466333478689194,0.51051265001297,0.6434417963027954,0.005209149327129126,0.5006259679794312,0.5984036326408386,-0.0029826422687619925,0.5312700271606445,0.6794648170471191,-0.01871173083782196,0.5171530842781067,0.5900317430496216,-0.04090042784810066,0.504010021686554,0.5330840945243835,-0.05657190829515457,0.4942759871482849,0.48270440101623535,-0.0686972513794899,0.5364764928817749,0.6899303793907166,-0.0384068489074707,0.5137733817100525,0.5885943174362183,-0.05963727459311485,0.49854764342308044,0.5253484845161438,-0.07487068325281143,0.4877713918685913,0.46835801005363464,-0.08787328004837036,0.5326361656188965,0.7162050008773804,-0.056566767394542694,0.5105822682380676,0.6226886510848999,-0.07697126269340515,0.4957943558692932,0.5677068829536438,-0.09296783804893494,0.4866241216659546,0.5233874917030334,-0.10653854161500931,0.5205407738685608,0.7555803060531616,-0.07263132184743881,0.510205090045929,0.7085630893707275,-0.09807979315519333,0.49901118874549866,0.6731768846511841,-0.11512292921543121,0.48861393332481384,0.6392128467559814,-0.12825189530849457
16,right,0.3819182515144348,0.9202885031700134,9.641767206858276e-08,0.4374225437641144,0.8221197724342346,0.009395762346684933,0.4690336585044861,0.7160221338272095,0.00585181126371026,0.4903261065483093,0.6471037268638611,-0.003535462310537696,0.5012728571891785,0.5936049222946167,-0.015444108285009861,0.43299219012260437,0.6386351585388184,-0.013586768880486488,0.4665003716945648,0.5331407785415649,-0.04099806398153305,0.4865880310535431,0.47612592577934265,-0.0633794292807579,0.4996802508831024,0.4304037094116211,-0.08218454569578171,0.4273011386394501,0.6627600193023682,-0.039955154061317444,0.4704975485801697,0.547975480556488,-0.06946228444576263,0.4902312159538269,0.4901997148990631,-0.0957670584321022,0.5009066462516785,0.43352439999580383,-0.11767720431089401,0.4254191815853119,0.7075928449630737,-0.06622237712144852,0.46523618698120117,0.6141582131385803,-0.09805449098348618,0.4802769124507904,0.5555155277252197,-0.12110026180744171,0.4889390170574188,0.49707141518592834,-0.14057111740112305,0.4314044713973999,0.7640762329101562,-0.09087605774402618,0.45871618390083313,0.7231801152229309,-0.1184668317437172,0.47210824489593506,0.68952476978302,-0.13265390694141388,0.4826580882072449,0.6516002416610718,-0.1462637335062027
16,left,0.5617533326148987,0.8558555245399475,3.49591033454999e-07,0.5256868600845337,0.7761329412460327,0.012844988144934177,0.5074674487113953,0.7045204639434814,0.010678231716156006,0.5008371472358704,0.6470906734466553,0.005239267833530903,0.49232515692710876,0.6037533283233643,-0.0031561015639454126,0.5280856490135193,0.675022542476654,-0.015683302655816078,0.5142088532447815,0.5883548855781555,-0.037602297961711884,0.5014609694480896,0.5325637459754944,-0.053374096751213074,0.4928005039691925,0.48277029395103455,-0.06542810052633286,0.5349140763282776,0.6856145262718201,-0.0351422093808651,0.5133239030838013,0.5877214670181274,-0.05608193576335907,0.49883344769477844,0.5253827571868896,-0.07182129472494125,0.48946908116340637,0.46921253204345703,-0.08485374599695206,0.5326939225196838,0.7128991484642029,-0.05322031304240227,0.5108307600021362,0.6253682374954224,-0.073568195104599,0.4959520697593689,0.5709593296051025,-0.08928702771663666,0.48776519298553467,0.526134192943573,-0.10220388323068619,0.5216532945632935,0.7533092498779297,-0.06927762180566788,0.5106763243675232,0.7077897787094116,-0.09340634196996689,0.49907824397087097,0.6735154390335083,-0.10905231535434723,0.48891210556030273,0.6401810050010681,-0.12097235023975372
17,right,0.38438165187835693,0.9148374795913696,8.685638164251941e-08,0.4516018033027649,0.8303800225257874,0.014775061048567295,0.4777916967868805,0.7479263544082642,0.016919050365686417,0.4934200644493103,0.6985327005386353,0.012182190082967281,0.5009005069732666,0.6547881960868835,0.0062593454495072365,0.4411870539188385,0.6704637408256531,0.0032478831708431244,0.4631573259830475,0.5821108222007751,-0.013286730274558067,0.4756825268268585,0.5284385681152344,-0.027693618088960648,0.48289254307746887,0.4840354919433594,-0.03977607935667038,0.42633330821990967,0.6880759000778198,-0.020079106092453003,0.45621541142463684,0.5896926522254944,-0.03735911101102829,0.47206437587738037,0.5302072763442993,-0.05439324676990509,0.48230913281440735,0.47517862915992737,-0.06860268115997314,0.4196001887321472,0.7234668731689453,-0.0435660183429718,0.4520725607872009,0.6407299637794495,-0.06312305480241776,0.47076210379600525,0.5851196050643921,-0.08144918829202652,0.4818041920661926,0.5316958427429199,-0.0965484082698822,0.42437753081321716,0.7718192338943481,-0.0657670721411705,0.4568292498588562,0.7331900000572205,-0.08442109823226929,0.4741341769695282,0.6975412368774414,-0.09659340232610703,0.48818618059158325,0.6617511510848999,-0.10739482939243317
17,left,0.5683690309524536,0.8551380038261414,3.1373099318443565e-07,0.5458546876907349,0.7682488560676575,0.01232464425265789,0.5301369428634644,0.6928770542144775,0.009618396870791912,0.5254639387130737,0.6324760913848877,0.004209514707326889,0.5195592045783997,0.5875186920166016,-0.0044318451546132565,0.5354759693145752,0.6749951839447021,-0.021282903850078583,0.5178086161613464,0.590693473815918,-0.044616930186748505,0.5035726428031921,0.5360456109046936,-0.06064833328127861,0.49416765570640564,0.48748818039894104,-0.07274159789085388,0.5375268459320068,0.690671980381012,-0.04079139232635498,0.5123595595359802,0.5943052768707275,-0.06390006840229034,0.49704059958457947,0.5328032970428467,-0.07974657416343689,0.48709723353385925,0.47730159759521484,-0.09281561523675919,0.5324126482009888,0.7220385670661926,-0.05859307572245598,0.5092169642448425,0.6330297589302063,-0.08075983822345734,0.4954235851764679,0.578761100769043,-0.09699560701847076,0.48811379075050354,0.5354697108268738,-0.11024967581033707,0.5200968384742737,0.7656669616699219,-0.07417486608028412,0.5106449127197266,0.7210811376571655,-0.10156532377004623,0.5016228556632996,0.6855616569519043,-0.11943598091602325,0.49368953704833984,0.651199221611023,-0.13267464935779572
18,right,0.38506656885147095,0.8854822516441345,1.6591795315434865e-07,0.41929975152015686,0.7960772514343262,0.0183747336268425,0.4382895529270172,0.716754674911499,0.018939800560474396,0.45495399832725525,0.6647288203239441,0.013267379254102707,0.46470481157302856,0.6217315196990967,0.005136133171617985,0.4305403530597687,0.6791552305221558,-0.009433585219085217,0.4542766511440277,0.5878855586051941,-0.029323745518922806,0.46557170152664185,0.5312793254852295,-0.04289035126566887,0.47343170642852783,0.48518529534339905,-0.053403280675411224,0.4276849031448364,0.6954725384712219,-0.034226302057504654,0.45539382100105286,0.5921262502670288,-0.0562402680516243,0.47073274850845337,0.5312075614929199,-0.07254926860332489,0.48173782229423523,0.477426677942276,-0.08499588817358017,0.4296567738056183,0.7271414995193481,-0.057495083659887314,0.45636284351348877,0.6374515891075134,-0.07907082885503769,0.4714165925979614,0.5858467817306519,-0.09529312700033188,0.48212799429893494,0.537310779094696,-0.10805677622556686,0.43758994340896606,0.7695457935333252,-0.07868163287639618,0.4567338228225708,0.7243836522102356,-0.0995827317237854,0.46744465827941895,0.6909630298614502,-0.11177771538496017,0.478763222694397,0.6574974060058594,-0.12157904356718063
18,left,0.5587312579154968,0.8624065518379211,3.7697375887546514e-07,0.5215864181518555,0.7846157550811768,0.01292729564011097,0.503769040107727,0.7129726409912109,0.011075354181230068,0.49866193532943726,0.6565771102905273,0.006134237162768841,0.49328935146331787,0.614439845085144,-0.0017386385006830096,0.5253647565841675,0.6812134981155396,-0.01532840821892023,0.513780951499939,0.5951720476150513,-0.03688758239150047,0.5020142793655396,0.5386565923690796,-0.05241178348660469,0.4937286972999573,0.4889839291572571,-0.06431213766336441,0.5313906669616699,0.6923704147338867,-0.03465965390205383,0.5125243663787842,0.5950926542282104,-0.05541323497891426,0.49841487407684326,0.5322085618972778,-0.07085763663053513,0.4890097677707672,0.4755977392196655,-0.08358963578939438,0.5285731554031372,0.7203394174575806,-0.05263175070285797,0.5102108120918274,0.6315171122550964,-0.07339059561491013,0.49656155705451965,0.5773504376411438,-0.08950643241405487,0.48947417736053467,0.5327807068824768,-0.1025700569152832,0.5169088840484619,0.7618201375007629,-0.068475142121315,0.5091606378555298,0.7165833115577698,-0.09389089047908783,0.49999794363975525,0.6823015809059143,-0.11046336591243744,0.4931113123893738,0.648100733757019,-0.12284769117832184
19,right,0.384309321641922,0.875961422920227,2.4378019247706106e-07,0.4092891812324524,0.7925856709480286,0.014018780551850796,0.4258592128753662,0.7133784294128418,0.01080341450870037,0.4453577697277069,0.659685492515564,0.0023738311138004065,0.4583510458469391,0.6184689402580261,-0.008624599315226078,0.4236032962799072,0.684937596321106,-0.02138962596654892,0.4511343836784363,0.5937262177467346,-0.0457514263689518,0.46533769369125366,0.5361654162406921,-0.060912709683179855,0.47631287574768066,0.488933265209198,-0.07174745947122574,0.4221106767654419,0.7003297209739685,-0.04528069496154785,0.4525292217731476,0.6005064845085144,-0.07275564223527908,0.4699741303920746,0.5364640355110168,-0.09102156013250351,0.482673317193985,0.48044705390930176,-0.10355404764413834,0.4264528751373291,0.7328264713287354,-0.067159503698349,0.45353180170059204,0.644622802734375,-0.0924251526594162,0.4705849587917328,0.5928628444671631,-0.10838548094034195,0.48404979705810547,0.5449594259262085,-0.11968208849430084,0.43727031350135803,0.7778033018112183,-0.0870930477976799,0.45509496331214905,0.7316980957984924,-0.1098756194114685,0.467774897813797,0.6999439001083374,-0.1209263801574707,0.4822765290737152,0.6681309938430786,-0.1289043128490448
19,left,0.5622162222862244,0.8687366247177124,3.3486489314782375e-07,0.532867968082428,0.7889741063117981,0.012035650201141834,0.5169616341590881,0.7142336964607239,0.010942515917122364,0.5134933590888977,0.6554291844367981,0.007320139091461897,0.5089612007141113,0.6126270890235901,0.0007730838260613382,0.5288574695587158,0.6886482834815979,-0.015752920880913734,0.5150070190429688,0.6020238995552063,-0.03706405311822891,0.5028758645057678,0.5450824499130249,-0.05209929123520851,0.49522730708122253,0.4950777292251587,-0.06345565617084503,0.5330274105072021,0.7001993656158447,-0.03385673090815544,0.5120410323143005,0.6018097400665283,-0.05413386970758438,0.49823862314224243,0.538697361946106,-0.06866458058357239,0.4904025197029114,0.48114073276519775,-0.08063245564699173,0.5289778709411621,0.7277164459228516,-0.05060969665646553,0.5082789659500122,0.636868417263031,-0.07040280848741531,0.4956270754337311,0.5812398195266724,-0.08586883544921875,0.49032071232795715,0.5351859927177429,-0.09870221465826035,0.5167324542999268,0.7677462697029114,-0.06531564891338348,0.5074294805526733,0.7238359451293945,-0.09086009860038757,0.4993296265602112,0.6902947425842285,-0.10760455578565598,0.4934295117855072,0.6570262908935547,-0.12001784890890121
20,right,0.3846615254878998,0.8746083974838257,2.456182244259253e-07,0.40530112385749817,0.7994346618652344,0.011008672416210175,0.4195675849914551,0.72530198097229,0.00832605641335249,0.43824806809425354,0.6741366982460022,0.0008936226367950439,0.45020344853401184,0.6342248320579529,-0.008925072848796844,0.42238640785217285,0.6931674480438232,-0.017752492800354958,0.44862285256385803,0.6041820645332336,-0.04031271114945412,0.46224987506866455,0.5456672310829163,-0.05463467538356781,0.47251230478286743,0.4980449080467224,-0.06468193233013153,0.4217648506164551,0.7052878141403198,-0.03879012167453766,0.450040340423584,0.6073712110519409,-0.06320888549089432,0.46684420108795166,0.5430017709732056,-0.08032955229282379,0.4797418415546417,0.4870336949825287,-0.09192824363708496,0.4263516366481781,0.734722375869751,-0.058289285749197006,0.45182493329048157,0.6480928063392639,-0.08133044093847275,0.467542827129364,0.5970322489738464,-0.09623663127422333,0.4800967276096344,0.55064857006073,-0.1064794585108757,0.4368142783641815,0.7770794630050659,-0.07628922164440155,0.4544990360736847,0.7328639626502991,-0.09759664535522461,0.46652474999427795,0.7019064426422119,-0.10760148614645004,0.48040488362312317,0.6712089776992798,-0.11435969918966293
20,left,0.5573711395263672,0.8735960721969604,4.0329095440938545e-07,0.5061895251274109,0.8014672994613647,0.009539489634335041,0.4854744076728821,0.7333676218986511,0.007321544457226992,0.4811972677707672,0.6810925602912903,0.00219037476927042,0.47650477290153503,0.6381341218948364,-0.0056115733459591866,0.5138342380523682,0.6948786973953247,-0.011868194676935673,0.5061295628547668,0.6095196604728699,-0.0325966477394104,0.4956980347633362,0.5535221695899963,-0.04887979105114937,0.4880034625530243,0.5029975771903992,-0.061962030827999115,0.5237770676612854,0.7025977969169617,-0.029339062049984932,0.5090290904045105,0.6049847602844238,-0.048777561634778976,0.49662280082702637,0.5437703728675842,-0.06457964330911636,0.4888792335987091,0.48556020855903625,-0.07791777700185776,0.5245543718338013,0.7276045083999634,-0.04611620679497719,0.5078113079071045,0.6395928859710693,-0.06530351936817169,0.49511900544166565,0.5896235704421997,-0.08062351495027542,0.48914945125579834,0.5462290048599243,-0.09359800815582275,0.5160477161407471,0.7661890387535095,-0.06145861744880676,0.5073666572570801,0.7258367538452148,-0.08608508110046387,0.4978838562965393,0.6953978538513184,-0.1024041548371315,0.4915529787540436,0.6634274125099182,-0.1147921159863472
21,right,0.3832332491874695,0.8764521479606628,2.632485802678275e-07,0.40298447012901306,0.8032611012458801,0.01166635099798441,0.41717955470085144,0.7282055616378784,0.00933838076889515,0.4339298903942108,0.6743756532669067,0.002236888976767659,0.4440491497516632,0.631816565990448,-0.0073318155482411385,0.4195891320705414,0.7001532316207886,-0.018119731917977333,0.4446035921573639,0.6112323999404907,-0.04150419309735298,0.4587671160697937,0.5514689683914185,-0.0559774674475193,0.46971121430397034,0.5037121772766113,-0.06580525636672974,0.41946738958358765,0.7115104794502258,-0.039471354335546494,0.4477517008781433,0.6136513352394104,-0.0648118257522583,0.46624934673309326,0.5468039512634277,-0.08207571506500244,0.4810868799686432,0.48833179473876953,-0.09349214285612106,0.42436060309410095,0.7386806607246399,-0.05928028002381325,0.4517160952091217,0.6516777873039246,-0.08346177637577057,0.46838492155075073,0.5981940031051636,-0.09885483980178833,0.4817436933517456,0.5494439601898193,-0.10897412151098251,0.4348773658275604,0.7784396409988403,-0.07743439823389053,0.4544059932231903,0.7311543822288513,-0.10017659515142441,0.46816059947013855,0.6970595717430115,-0.11116449534893036,0.4832553267478943,0.663719892501831,-0.11831358820199966
21,left,0.5585570931434631,0.877550482749939,4.017353205654217e-07,0.505348265171051,0.8139458298683167,0.010664998553693295,0.485394150018692,0.7434601187705994,0.008965332992374897,0.48237428069114685,0.6927407383918762,0.003970624879002571,0.4787799119949341,0.6520426273345947,-0.0038531136233359575,0.5146510601043701,0.697422206401825,-0.009201445616781712,0.5053400993347168,0.6123824119567871,-0.02868911623954773,0.49590444564819336,0.5551154017448425,-0.04419499263167381,0.48835229873657227,0.505134642124176,-0.05639314278960228,0.5252067446708679,0.7049548625946045,-0.027225619181990623,0.508159339427948,0.605664074420929,-0.044151026755571365,0.49469417333602905,0.5424884557723999,-0.05853213369846344,0.4848364293575287,0.48362356424331665,-0.07075729221105576,0.5259552001953125,0.7292597889900208,-0.04462658613920212,0.5083537101745605,0.6388431787490845,-0.061545856297016144,0.49554458260536194,0.5855505466461182,-0.07599220424890518,0.48811447620391846,0.5391738414764404,-0.08840980380773544,0.517267107963562,0.76703941822052,-0.06058051064610481,0.5089655518531799,0.7225800156593323,-0.08146200329065323,0.49964919686317444,0.6915496587753296,-0.09474807232618332,0.4933820366859436,0.6603637337684631,-0.10526376962661743
22,right,0.3854941725730896,0.8865780830383301,2.7208707820136624e-07,0.4045327305793762,0.8111233711242676,0.009889143519103527,0.42015156149864197,0.7362281680107117,0.006521842908114195,0.43729540705680847,0.6828932166099548,-0.001185883884318173,0.44683024287223816,0.6392203569412231,-0.011118839494884014,0.42239463329315186,0.7122932076454163,-0.02096116729080677,0.4468148946762085,0.6242907643318176,-0.04519474878907204,0.4604896903038025,0.5636448264122009,-0.060137372463941574,0.47119003534317017,0.5144699215888977,-0.07004737854003906,0.42195865511894226,0.7247316837310791,-0.041161682456731796,0.44927382469177246,0.6297948360443115,-0.06708503514528275,0.46675044298171997,0.562807559967041,-0.08425416797399521,0.4812720715999603,0.5048056244850159,-0.0953511893749237,0.42699185013771057,0.7536846399307251,-0.05969185754656792,0.45250704884529114,0.6684174537658691,-0.08349625766277313,0.4680841565132141,0.6158105134963989,-0.09810776263475418,0.48100289702415466,0.5689568519592285,-0.10752706974744797,0.4384046196937561,0.7951511740684509,-0.07678627967834473,0.4558311104774475,0.7497655153274536,-0.09889012575149536,0.467785120010376,0.7176879048347473,-0.10915634781122208,0.4815053343772888,0.687315046787262,-0.11547943204641342
22,left,0.5581960082054138,0.8944491744041443,3.936214341138111e-07,0.5023621916770935,0.8290094137191772,0.008761761710047722,0.47701969742774963,0.7593865394592285,0.005597866605967283,0.468128502368927,0.7084441781044006,-0.0004428019456099719,0.46036309003829956,0.6652939319610596,-0.008975241333246231,0.5082085132598877,0.7131552696228027,-0.014362727291882038,0.49889811873435974,0.6267509460449219,-0.035927630960941315,0.4899861812591553,0.5689305067062378,-0.052651893347501755,0.4827613830566406,0.5175887942314148,-0.0657743364572525,0.5197933912277222,0.7219755053520203,-0.0321894995868206,0.5035672187805176,0.6232547163963318,-0.05208650603890419,0.49222511053085327,0.5605379343032837,-0.0682779923081398,0.48436740040779114,0.5011641383171082,-0.08157140761613846,0.5229847431182861,0.7485633492469788,-0.04907558858394623,0.5058118104934692,0.6589473485946655,-0.06870201230049133,0.4944208860397339,0.6060019731521606,-0.083649180829525,0.4877983331680298,0.5593518018722534,-0.09591016173362732,0.5184841752052307,0.7885650396347046,-0.0644594132900238,0.5101286172866821,0.7448801398277283,-0.08763715624809265,0.5001250505447388,0.7136064171791077,-0.10134384781122208,0.492940753698349,0.6820743680000305,-0.11168269068002701
23,right,0.3840141296386719,0.8851449489593506,2.782454373573273e-07,0.40661677718162537,0.8154077529907227,0.011110273189842701,0.4240078628063202,0.7416867017745972,0.007716302759945393,0.4445299804210663,0.690720796585083,-0.00016024040814954787,0.457283079624176,0.6508703231811523,-0.01074205245822668,0.42253920435905457,0.7159630656242371,-0.02351432666182518,0.44840627908706665,0.6281125545501709,-0.04785267636179924,0.4626941978931427,0.5689648985862732,-0.06292150169610977,0.47414660453796387,0.520470142364502,-0.07349954545497894,0.4215640127658844,0.7276314496994019,-0.044936440885066986,0.44776955246925354,0.6313633322715759,-0.072090744972229,0.46539831161499023,0.5659383535385132,-0.09076917171478271,0.4797384440898895,0.5083969235420227,-0.10345318168401718,0.4268239140510559,0.7562808990478516,-0.06425314396619797,0.45182716846466064,0.6695287227630615,-0.0901908203959465,0.46871688961982727,0.6173274517059326,-0.1072097197175026,0.4822985529899597,0.5695798397064209,-0.11867149919271469,0.43902474641799927,0.7973179817199707,-0.08172569423913956,0.4558178186416626,0.7528069019317627,-0.10640906542539597,0.4686789810657501,0.7209897041320801,-0.11891714483499527,0.4835089445114136,0.689887523651123,-0.12729743123054504
23,left,0.5606164336204529,0.8976427316665649,4.7042922801665554e-07,0.4954797923564911,0.8407061100006104,0.0068618725053966045,0.46621331572532654,0.7775494456291199,0.002345661399886012,0.4542348086833954,0.729122519493103,-0.005266762338578701,0.4446415901184082,0.686635434627533,-0.015441072173416615,0.5037321448326111,0.7192667722702026,-0.014392731711268425,0.4980568289756775,0.6321365237236023,-0.03626628220081329,0.49072250723838806,0.5740666389465332,-0.053836334496736526,0.483988493680954,0.5224721431732178,-0.06770025938749313,0.5180389881134033,0.7256146669387817,-0.03224626183509827,0.5045850872993469,0.6259816884994507,-0.05223831534385681,0.49350929260253906,0.5624346137046814,-0.06890733540058136,0.4854986369609833,0.5029410719871521,-0.08254890143871307,0.5243356227874756,0.7503835558891296,-0.04954151064157486,0.5081369876861572,0.6630818843841553,-0.0689735859632492,0.49724873900413513,0.6112485527992249,-0.08394736051559448,0.49119216203689575,0.5653797388076782,-0.09627912193536758,0.5231585502624512,0.7900282144546509,-0.0657397136092186,0.5153140425682068,0.749675989151001,-0.08781556785106659,0.5047659873962402,0.7193561792373657,-0.10082448273897171,0.49763286113739014,0.6870531439781189,-0.11085694283246994
24,right,0,0,0,0,0,0,0,0,0,0,0,0,0,0,0,0,0,0,0,0,0,0,0,0,0,0,0,0,0,0,0,0,0,0,0,0,0,0,0,0,0,0,0,0,0,0,0,0,0,0,0,0,0,0,0,0,0,0,0,0,0,0,0
24,left,0.5611237287521362,0.8986941576004028,4.405091829084995e-07,0.4990961253643036,0.8376285433769226,0.008796613663434982,0.47255945205688477,0.7725229263305664,0.005591577384620905,0.4623442590236664,0.7222204804420471,-0.00047786548384465277,0.4517166316509247,0.6791870594024658,-0.009473474696278572,0.5065562725067139,0.7175745964050293,-0.016718052327632904,0.5013175010681152,0.6310145854949951,-0.03892013803124428,0.49361950159072876,0.5732898116111755,-0.0564998984336853,0.4873966872692108,0.5219720005989075,-0.0704275593161583,0.5198115706443787,0.7255299687385559,-0.034548114985227585,0.5059689283370972,0.6247181296348572,-0.05556957796216011,0.49454328417778015,0.5623680353164673,-0.07312861829996109,0.48661038279533386,0.5025644302368164,-0.08777821809053421,0.5252292156219482,0.7511361837387085,-0.05116935446858406,0.508812665939331,0.6637698411941528,-0.07082433253526688,0.49651864171028137,0.6131595969200134,-0.08710060268640518,0.49009305238723755,0.5677931308746338,-0.10084899514913559,0.5234936475753784,0.7905785441398621,-0.0663520023226738,0.5147325992584229,0.7506250739097595,-0.09029088169336319,0.5041701793670654,0.7197103500366211,-0.10604136437177658,0.4976404011249542,0.6862108111381531,-0.11821303516626358
25,right,0.4180853068828583,0.9907925128936768,1.0217008394874938e-07,0.44388920068740845,0.8878099918365479,-0.000791337457485497,0.4616139531135559,0.7717005610466003,0.0017853204626590014,0.47914496064186096,0.6967794895172119,0.0015936910640448332,0.48508721590042114,0.6419055461883545,0.002778124762699008,0.43912750482559204,0.6739070415496826,0.01493889931589365,0.4651072919368744,0.5649730563163757,0.00518238777294755,0.4826299548149109,0.5133151412010193,-0.008358507417142391,0.4927106499671936,0.4721102714538574,-0.0199502632021904,0.43680649995803833,0.6984248161315918,0.004373916424810886,0.46852540969848633,0.589090883731842,-0.00151059590280056,0.4885590076446533,0.5337540507316589,-0.017588505521416664,0.5015976428985596,0.4810273051261902,-0.03226441890001297,0.43781381845474243,0.7394293546676636,-0.008734375238418579,0.47003141045570374,0.6595320701599121,-0.015756765380501747,0.48586419224739075,0.6024813652038574,-0.029111851006746292,0.49728861451148987,0.5457105040550232,-0.04289128631353378,0.4453617036342621,0.7907907962799072,-0.02272246778011322,0.46968328952789307,0.7552443742752075,-0.026402274146676064,0.47881680727005005,0.7254075407981873,-0.028253216296434402,0.4857252836227417,0.6942940354347229,-0.0326821394264698
25,left,0.5608428120613098,0.9007735252380371,4.5531086811934074e-07,0.5000800490379333,0.8375144004821777,0.00874427892267704,0.47177499532699585,0.7710288763046265,0.005294421222060919,0.460191011428833,0.7196740508079529,-0.0013314146781340241,0.450419545173645,0.6756449341773987,-0.010697994381189346,0.5045980215072632,0.7207537293434143,-0.014745177701115608,0.4994373321533203,0.6328755617141724,-0.03701448440551758,0.4920405149459839,0.5743961334228516,-0.05492740124464035,0.48524633049964905,0.5223375558853149,-0.06898172199726105,0.5173612833023071,0.7286039590835571,-0.032748300582170486,0.504313051700592,0.6290106177330017,-0.052898187190294266,0.4935120642185211,0.5668302774429321,-0.06976837664842606,0.4858340322971344,0.5073990821838379,-0.08383020758628845,0.5233175158500671,0.7537698149681091,-0.0497530959546566,0.5073777437210083,0.6673330664634705,-0.06842068582773209,0.4961056411266327,0.6174187660217285,-0.08297962695360184,0.4899730682373047,0.5735994577407837,-0.09539283812046051,0.523489773273468,0.7929342985153198,-0.06548915058374405,0.5168250203132629,0.7523226141929626,-0.08723151683807373,0.50748211145401,0.7221038937568665,-0.10039159655570984,0.501193106174469,0.6905028223991394,-0.11070207506418228
26,right,0.3790469169616699,0.9602541923522949,1.6376456812849938e-07,0.4348004162311554,0.8712393045425415,0.007420309353619814,0.46227070689201355,0.7837910652160645,0.0075619095005095005,0.4838750958442688,0.730413556098938,0.002897431841120124,0.4910987317562103,0.6838246583938599,-0.00283118337392807,0.4258236289024353,0.7131271362304688,-0.0038979328237473965,0.45393022894859314,0.619193971157074,-0.022294575348496437,0.47029247879981995,0.5620163679122925,-0.03816117346286774,0.48010528087615967,0.5136843323707581,-0.05169439688324928,0.4184211194515228,0.734877347946167,-0.023115411400794983,0.45506981015205383,0.6282539963722229,-0.04274847358465195,0.47334110736846924,0.5669842958450317,-0.06300957500934601,0.4838119447231293,0.5034013986587524,-0.08055054396390915,0.4186897277832031,0.7706549763679504,-0.04269319772720337,0.4559907913208008,0.6864091753959656,-0.06458820402622223,0.4769882261753082,0.6245920658111572,-0.08680520951747894,0.4906156659126282,0.5623596906661987,-0.10556910187005997,0.4278189539909363,0.8178411722183228,-0.0613507516682148,0.460953950881958,0.7758906483650208,-0.08247694373130798,0.47766104340553284,0.7368021607398987,-0.09799811989068985,0.4930117428302765,0.6958854794502258,-0.11234783381223679
26,left,0,0,0,0,0,0,0,0,0,0,0,0,0,0,0,0,0,0,0,0,0,0,0,0,0,0,0,0,0,0,0,0,0,0,0,0,0,0,0,0,0,0,0,0,0,0,0,0,0,0,0,0,0,0,0,0,0,0,0,0,0,0,0
27,right,0.3829377293586731,0.9223804473876953,2.2261095011799625e-07,0.4233246445655823,0.8451314568519592,0.015251995995640755,0.44404613971710205,0.7679339051246643,0.014783838763833046,0.4607176184654236,0.7202125787734985,0.008536738343536854,0.4709303081035614,0.6800438761711121,0.0001704844762571156,0.4322188198566437,0.7124536633491516,-0.01053373422473669,0.4561728239059448,0.621762216091156,-0.0299670547246933,0.46975967288017273,0.5668827295303345,-0.04382506385445595,0.4778170585632324,0.5206912755966187,-0.05406448617577553,0.42695358395576477,0.7262483239173889,-0.03361334279179573,0.45870938897132874,0.6230078935623169,-0.052758388221263885,0.47549429535865784,0.5597149133682251,-0.06782113015651703,0.4863502085208893,0.5043449401855469,-0.07943961769342422,0.42700114846229553,0.7567497491836548,-0.055299062281847,0.4579378664493561,0.6692615747451782,-0.0732489675283432,0.4776003360748291,0.6165851950645447,-0.08741467446088791,0.49211180210113525,0.569393515586853,-0.09890555590391159,0.43421974778175354,0.7992243766784668,-0.07551982253789902,0.459132581949234,0.7545666694641113,-0.09139721840620041,0.47503021359443665,0.7223086357116699,-0.09929535537958145,0.4910271167755127,0.692811906337738,-0.1061607375741005
27,left,0,0,0,0,0,0,0,0,0,0,0,0,0,0,0,0,0,0,0,0,0,0,0,0,0,0,0,0,0,0,0,0,0,0,0,0,0,0,0,0,0,0,0,0,0,0,0,0,0,0,0,0,0,0,0,0,0,0,0,0,0,0,0
28,right,0.3815543055534363,0.9123254418373108,2.2114495834557601e-07,0.41368070244789124,0.8343561887741089,0.014034767635166645,0.43146032094955444,0.7573026418685913,0.011856463737785816,0.44973403215408325,0.7072650194168091,0.004097520373761654,0.4631889760494232,0.6673635840415955,-0.006039297208189964,0.42858952283859253,0.7207319736480713,-0.016615554690361023,0.4540400505065918,0.6289597749710083,-0.03978265821933746,0.46868476271629333,0.5709637403488159,-0.054871123284101486,0.47930818796157837,0.5230085849761963,-0.06550093740224838,0.4267905056476593,0.7348429560661316,-0.0398978516459465,0.4558921158313751,0.63432377576828,-0.06465218961238861,0.4735669493675232,0.5698379278182983,-0.08199620991945267,0.48630592226982117,0.5140814185142517,-0.09402772039175034,0.4303051233291626,0.7667276859283447,-0.061486467719078064,0.45722532272338867,0.6783880591392517,-0.08447656780481339,0.47475823760032654,0.6264728307723999,-0.09992825984954834,0.4882652163505554,0.5794995427131653,-0.1108841821551323,0.4398142695426941,0.8113316893577576,-0.08140072226524353,0.4596364200115204,0.7662432789802551,-0.10219641774892807,0.47356003522872925,0.7335238456726074,-0.11246877163648605,0.48905348777770996,0.7020671963691711,-0.11987527459859848
28,left,0,0,0,0,0,0,0,0,0,0,0,0,0,0,0,0,0,0,0,0,0,0,0,0,0,0,0,0,0,0,0,0,0,0,0,0,0,0,0,0,0,0,0,0,0,0,0,0,0,0,0,0,0,0,0,0,0,0,0,0,0,0,0
29,right,0,0,0,0,0,0,0,0,0,0,0,0,0,0,0,0,0,0,0,0,0,0,0,0,0,0,0,0,0,0,0,0,0,0,0,0,0,0,0,0,0,0,0,0,0,0,0,0,0,0,0,0,0,0,0,0,0,0,0,0,0,0,0
29,left,0,0,0,0,0,0,0,0,0,0,0,0,0,0,0,0,0,0,0,0,0,0,0,0,0,0,0,0,0,0,0,0,0,0,0,0,0,0,0,0,0,0,0,0,0,0,0,0,0,0,0,0,0,0,0,0,0,0,0,0,0,0,0
30,right,0.4247688949108124,1.011208415031433,1.731350494083017e-07,0.44652384519577026,0.8979660272598267,-0.004918959923088551,0.4621407389640808,0.7710109949111938,-0.009820329956710339,0.47843512892723083,0.6866066455841064,-0.01711042784154415,0.4852879047393799,0.6211050152778625,-0.024496108293533325,0.4377850890159607,0.6964248418807983,-0.012193047441542149,0.471548855304718,0.5834105610847473,-0.03787644952535629,0.49049699306488037,0.5191388130187988,-0.059625860303640366,0.5045118927955627,0.465288907289505,-0.07720381766557693,0.4364047050476074,0.7246401309967041,-0.028514442965388298,0.4744211733341217,0.6059067249298096,-0.05449361354112625,0.49453696608543396,0.5385770797729492,-0.07837598770856857,0.5093868970870972,0.4726731479167938,-0.09787972271442413,0.4399428069591522,0.7709897756576538,-0.04671311005949974,0.47414031624794006,0.6752266883850098,-0.07430417090654373,0.4898531138896942,0.609946072101593,-0.09217335283756256,0.5019491314888,0.543696403503418,-0.10736897587776184,0.45035701990127563,0.8288414478302002,-0.06519662588834763,0.4716411530971527,0.7830638289451599,-0.08879076689481735,0.48064643144607544,0.7425978779792786,-0.09853757172822952,0.48879939317703247,0.6961414813995361,-0.10781431943178177
30,left,0,0,0,0,0,0,0,0,0,0,0,0,0,0,0,0,0,0,0,0,0,0,0,0,0,0,0,0,0,0,0,0,0,0,0,0,0,0,0,0,0,0,0,0,0,0,0,0,0,0,0,0,0,0,0,0,0,0,0,0,0,0,0
31,right,0.38685375452041626,0.9681605100631714,2.357227089078151e-07,0.4429521858692169,0.8934451341629028,0.007887456566095352,0.46467843651771545,0.8176385760307312,0.005431939847767353,0.48233562707901,0.7687546014785767,-0.002231792313978076,0.4862995147705078,0.7230579853057861,-0.011620215140283108,0.42301225662231445,0.7262765169143677,-0.007935479283332825,0.4504810571670532,0.6315582990646362,-0.026411600410938263,0.46796491742134094,0.574251651763916,-0.04263361915946007,0.4788965582847595,0.5261245965957642,-0.056251443922519684,0.41706082224845886,0.7452185750007629,-0.027476496994495392,0.45419368147850037,0.6338103413581848,-0.04484044015407562,0.475225031375885,0.5705366134643555,-0.06279364973306656,0.4888380169868469,0.5087448954582214,-0.0791342705488205,0.420303612947464,0.7783574461936951,-0.04700816050171852,0.4591968059539795,0.6876072287559509,-0.0651782676577568,0.48369652032852173,0.6291705369949341,-0.08384755253791809,0.5001891851425171,0.5727998614311218,-0.10093340277671814,0.43327996134757996,0.8234540224075317,-0.06579670310020447,0.4656183123588562,0.7785161137580872,-0.08326424658298492,0.4822702407836914,0.7411463856697083,-0.0953599363565445,0.49848777055740356,0.7039260864257812,-0.1074567511677742
31,left,0,0,0,0,0,0,0,0,0,0,0,0,0,0,0,0,0,0,0,0,0,0,0,0,0,0,0,0,0,0,0,0,0,0,0,0,0,0,0,0,0,0,0,0,0,0,0,0,0,0,0,0,0,0,0,0,0,0,0,0,0,0,0
32,right,0.3851684629917145,0.9151140451431274,2.5283503646278405e-07,0.41628706455230713,0.8295415043830872,0.015299893915653229,0.4377843141555786,0.7541540861129761,0.014881164766848087,0.45678114891052246,0.7063283920288086,0.008767313323915005,0.47026437520980835,0.6689771413803101,0.0002415649069007486,0.433416485786438,0.7107988595962524,-0.009768357500433922,0.456211119890213,0.6230657696723938,-0.029445528984069824,0.4694192707538605,0.5695428252220154,-0.04375257343053818,0.4785056412220001,0.5247395038604736,-0.054189831018447876,0.4321313500404358,0.7263042330741882,-0.032324209809303284,0.46162137389183044,0.6261552572250366,-0.05105103924870491,0.47962844371795654,0.563995361328125,-0.06691507250070572,0.49250683188438416,0.5091179609298706,-0.07937277853488922,0.4358736276626587,0.7581115365028381,-0.05345527455210686,0.4628303050994873,0.6728916168212891,-0.07120417058467865,0.4820185601711273,0.6221791505813599,-0.08633184432983398,0.495938241481781,0.5771127939224243,-0.09859243780374527,0.44590839743614197,0.8012969493865967,-0.0730382651090622,0.4688641428947449,0.757732629776001,-0.08936361968517303,0.483074814081192,0.7251803874969482,-0.09844615310430527,0.49752894043922424,0.6949952840805054,-0.10620132833719254
32,left,0,0,0,0,0,0,0,0,0,0,0,0,0,0,0,0,0,0,0,0,0,0,0,0,0,0,0,0,0,0,0,0,0,0,0,0,0,0,0,0,0,0,0,0,0,0,0,0,0,0,0,0,0,0,0,0,0,0,0,0,0,0,0
33,right,0,0,0,0,0,0,0,0,0,0,0,0,0,0,0,0,0,0,0,0,0,0,0,0,0,0,0,0,0,0,0,0,0,0,0,0,0,0,0,0,0,0,0,0,0,0,0,0,0,0,0,0,0,0,0,0,0,0,0,0,0,0,0
33,left,0,0,0,0,0,0,0,0,0,0,0,0,0,0,0,0,0,0,0,0,0,0,0,0,0,0,0,0,0,0,0,0,0,0,0,0,0,0,0,0,0,0,0,0,0,0,0,0,0,0,0,0,0,0,0,0,0,0,0,0,0,0,0
34,right,0,0,0,0,0,0,0,0,0,0,0,0,0,0,0,0,0,0,0,0,0,0,0,0,0,0,0,0,0,0,0,0,0,0,0,0,0,0,0,0,0,0,0,0,0,0,0,0,0,0,0,0,0,0,0,0,0,0,0,0,0,0,0
34,left,0,0,0,0,0,0,0,0,0,0,0,0,0,0,0,0,0,0,0,0,0,0,0,0,0,0,0,0,0,0,0,0,0,0,0,0,0,0,0,0,0,0,0,0,0,0,0,0,0,0,0,0,0,0,0,0,0,0,0,0,0,0,0
35,right,0,0,0,0,0,0,0,0,0,0,0,0,0,0,0,0,0,0,0,0,0,0,0,0,0,0,0,0,0,0,0,0,0,0,0,0,0,0,0,0,0,0,0,0,0,0,0,0,0,0,0,0,0,0,0,0,0,0,0,0,0,0,0
35,left,0,0,0,0,0,0,0,0,0,0,0,0,0,0,0,0,0,0,0,0,0,0,0,0,0,0,0,0,0,0,0,0,0,0,0,0,0,0,0,0,0,0,0,0,0,0,0,0,0,0,0,0,0,0,0,0,0,0,0,0,0,0,0
36,right,0,0,0,0,0,0,0,0,0,0,0,0,0,0,0,0,0,0,0,0,0,0,0,0,0,0,0,0,0,0,0,0,0,0,0,0,0,0,0,0,0,0,0,0,0,0,0,0,0,0,0,0,0,0,0,0,0,0,0,0,0,0,0
36,left,0,0,0,0,0,0,0,0,0,0,0,0,0,0,0,0,0,0,0,0,0,0,0,0,0,0,0,0,0,0,0,0,0,0,0,0,0,0,0,0,0,0,0,0,0,0,0,0,0,0,0,0,0,0,0,0,0,0,0,0,0,0,0
