0.7877534627914429,0.8403358459472656,-0.1857231706380844,0.43667420744895935,0.732229471206665,-0.2555946707725525
0.7877215147018433,0.8399591445922852,-0.19589921832084656,0.43645167350769043,0.7351895570755005,-0.2577802538871765
0.7876743078231812,0.8396636247634888,-0.1932830512523651,0.4341079592704773,0.7351111769676208,-0.25997811555862427
0.7876388430595398,0.8394325375556946,-0.19419482350349426,0.433596670627594,0.7354807257652283,-0.26014697551727295
0.787097692489624,0.8392518162727356,-0.21082988381385803,0.4331822991371155,0.735455334186554,-0.22699585556983948
0.7870667576789856,0.8391082286834717,-0.2125982791185379,0.4336244463920593,0.7354968190193176,-0.13791367411613464
0.7868789434432983,0.8389765620231628,-0.24275049567222595,0.433418333530426,0.7355296015739441,-0.13802188634872437
0.7868591547012329,0.8388388156890869,-0.2535131871700287,0.432699978351593,0.7354677319526672,-0.16078589856624603
0.7869064211845398,0.8421413898468018,-0.2880677580833435,0.432656466960907,0.7349892854690552,-0.16224539279937744
0.787140965461731,0.841984748840332,-0.2871869206428528,0.4326849579811096,0.7350324988365173,-0.14482876658439636
0.7869959473609924,0.841852605342865,-0.2929077446460724,0.4326658844947815,0.7354009747505188,-0.11987283080816269
0.7855517864227295,0.8407043218612671,-0.28532981872558594,0.4326365888118744,0.7354136109352112,-0.1286170929670334
0.7842350006103516,0.8392450213432312,-0.28086480498313904,0.43228116631507874,0.7353419065475464,-0.1001647561788559
0.7831657528877258,0.8391866087913513,-0.2783353328704834,0.43373575806617737,0.7370606660842896,-0.08419341593980789
0.7828117609024048,0.8390828371047974,-0.24875624477863312,0.4350794851779938,0.7439293265342712,-0.07360626012086868
0.7824937701225281,0.8390193581581116,-0.24320748448371887,0.4365638792514801,0.7509171962738037,-0.07442175596952438
0.7824875712394714,0.840695321559906,-0.28085780143737793,0.43722718954086304,0.7505794167518616,-0.08709929883480072
0.7825511693954468,0.8440881371498108,-0.31877586245536804,0.4371771812438965,0.7399274706840515,-0.08908834308385849
0.7825859785079956,0.8446744680404663,-0.3114634156227112,0.4364601969718933,0.7374282479286194,-0.09340603649616241
0.7825706601142883,0.8444734811782837,-0.3213934898376465,0.43607378005981445,0.7374649047851562,-0.09536521136760712
0.782427191734314,0.8446007966995239,-0.33026543259620667,0.43604984879493713,0.7379173040390015,-0.07115502655506134
0.7819587588310242,0.8445490598678589,-0.32232341170310974,0.4361414313316345,0.7412815690040588,-0.05649857968091965
0.7817773818969727,0.8445127010345459,-0.3180239200592041,0.43614810705184937,0.7428396344184875,-0.06413678824901581
0.781732439994812,0.8445389866828918,-0.3077007532119751,0.43637195229530334,0.7447589039802551,-0.06523312628269196
0.7815519571304321,0.8445189595222473,-0.31120002269744873,0.4363858699798584,0.7445665001869202,-0.06265019625425339
0.7808531522750854,0.8444139957427979,-0.33512210845947266,0.4364609718322754,0.74455326795578,-0.05294864624738693
0.7809146046638489,0.8447376489639282,-0.344626247882843,0.4367493987083435,0.7446054220199585,-0.050533682107925415
0.7811034321784973,0.8447983860969543,-0.3405073285102844,0.4367700517177582,0.7448358535766602,-0.05431158468127251
0.7813709378242493,0.8447882533073425,-0.34287387132644653,0.4371877610683441,0.7464760541915894,-0.05384662002325058
0.7810458540916443,0.8447092175483704,-0.34027743339538574,0.4372802674770355,0.7499521970748901,-0.02967354655265808
0.7809826135635376,0.844610333442688,-0.3360464870929718,0.4382244050502777,0.7528162002563477,-0.019983641803264618
0.7809790372848511,0.8444643020629883,-0.2843739092350006,0.43822020292282104,0.7535203695297241,-0.11087123304605484
0.7810519933700562,0.8450748920440674,-0.30159372091293335,0.4382217824459076,0.7530257105827332,-0.11211591958999634
0.7807372808456421,0.8450667262077332,-0.2921724021434784,0.43808603286743164,0.7518318295478821,-0.10433316230773926
0.7795592546463013,0.8451544046401978,-0.30834513902664185,0.43990248441696167,0.7539821863174438,-0.0757528692483902
0.7788615822792053,0.8453434109687805,-0.3186269700527191,0.4396344721317291,0.7539552450180054,-0.05802031606435776
