0.7791463732719421,0.8476946353912354,-0.28575509786605835,0.43329936265945435,0.7471389770507812,-0.09367533773183823
0.7791377902030945,0.8474425077438354,-0.28224438428878784,0.43357425928115845,0.7479345798492432,-0.09676118195056915
0.7787094712257385,0.8472659587860107,-0.272155225276947,0.43358078598976135,0.7483693957328796,-0.09408379346132278
0.7785808444023132,0.8473188877105713,-0.27522531151771545,0.4338878095149994,0.7491806745529175,-0.0646636039018631
0.7785515785217285,0.84931480884552,-0.3245869576931,0.4339246153831482,0.7495182752609253,-0.05903018265962601
0.7780431509017944,0.8503410220146179,-0.3431059718132019,0.43415504693984985,0.7436842322349548,-0.06874459236860275
0.7781003713607788,0.8522442579269409,-0.3697693943977356,0.43426498770713806,0.7389324307441711,-0.07563194632530212
0.7783371210098267,0.8528006672859192,-0.3633935749530792,0.43517574667930603,0.7387956976890564,-0.1064632311463356
0.7782870531082153,0.8516900539398193,-0.34416109323501587,0.4351953864097595,0.7358682155609131,-0.08350636065006256
0.7782917618751526,0.8517409563064575,-0.34201502799987793,0.4352412223815918,0.7387579083442688,-0.063957080245018
0.7783960700035095,0.8520969152450562,-0.30526474118232727,0.4355945587158203,0.740702211856842,-0.03957844525575638
0.7783918976783752,0.8509942889213562,-0.2949201166629791,0.43564659357070923,0.7414183020591736,-0.03376036882400513
0.7783142924308777,0.8491820693016052,-0.27936694025993347,0.4358275532722473,0.7414531707763672,-0.029065439477562904
0.7786732912063599,0.8493064045906067,-0.29240795969963074,0.43785420060157776,0.7416397333145142,-0.03050694428384304
0.778672456741333,0.8493106365203857,-0.3233921527862549,0.4385499954223633,0.7437801957130432,-0.013415979221463203
0.778672993183136,0.8502378463745117,-0.3353371024131775,0.438607394695282,0.743987500667572,-0.016566995531320572
0.7785705327987671,0.8465937972068787,-0.3332466185092926,0.4390779435634613,0.7428345084190369,-0.07645013928413391
0.7785685658454895,0.845089316368103,-0.3418028950691223,0.44021639227867126,0.7431413531303406,-0.07172094285488129
0.7785866856575012,0.8446153402328491,-0.342965304851532,0.44026070833206177,0.7425435781478882,-0.05591229721903801
0.7778942584991455,0.8446310758590698,-0.3425215482711792,0.4401969313621521,0.7417861223220825,-0.05396080017089844
0.7770816683769226,0.8446654677391052,-0.34059491753578186,0.44032883644104004,0.7428971529006958,-0.026500174775719643
0.7765051126480103,0.8446106314659119,-0.31518515944480896,0.43960267305374146,0.7421830296516418,-0.027695689350366592
0.7764719724655151,0.844486653804779,-0.3147961497306824,0.4400591254234314,0.7421857118606567,-0.015621486119925976
0.776992917060852,0.8452200293540955,-0.328766793012619,0.44311222434043884,0.7428610920906067,-0.002846649382263422
0.7769619226455688,0.8452291488647461,-0.2988298833370209,0.44309911131858826,0.743867039680481,0.03961564600467682
0.7767161130905151,0.8446381688117981,-0.30013877153396606,0.44308894872665405,0.7434158325195312,0.026931965723633766
0.7768856883049011,0.8446456789970398,-0.3388136923313141,0.44289430975914,0.7430903315544128,-0.028401274234056473
0.7784494161605835,0.8447287082672119,-0.33914709091186523,0.4441397190093994,0.7442031502723694,-0.04696652293205261
0.7785840034484863,0.8446147441864014,-0.31640592217445374,0.44410523772239685,0.7455512285232544,-0.00586618110537529
0.7790486812591553,0.84412682056427,-0.3041543960571289,0.4441307485103607,0.74564528465271,0.007204238325357437
0.7787761688232422,0.842732846736908,-0.3067794442176819,0.44424763321876526,0.7486708164215088,0.0065963068045675755
0.7786250710487366,0.8418444991111755,-0.30727750062942505,0.4443143308162689,0.7502825260162354,0.0075312042608857155
0.7786163687705994,0.8417825102806091,-0.3081910312175751,0.44503912329673767,0.7502711415290833,-0.0036209598183631897
0.7786148190498352,0.841410219669342,-0.30867499113082886,0.4450201988220215,0.749839723110199,-0.0171077698469162
0.7788236141204834,0.8415310978889465,-0.2868131697177887,0.44509249925613403,0.7494314312934875,-0.035464219748973846
0.7789544463157654,0.8438184261322021,-0.2885874807834625,0.4460281431674957,0.750335693359375,-0.04272335767745972
