0.7745939493179321,0.8203614950180054,-0.24987530708312988,0.4326406419277191,0.7571314573287964,-0.010098839178681374
0.7746211290359497,0.8206794261932373,-0.25052377581596375,0.43366891145706177,0.7569289803504944,-0.012866218574345112
0.7746440172195435,0.8208361864089966,-0.25054770708084106,0.4347460865974426,0.7570644617080688,-0.007824346423149109
0.7744214534759521,0.8212020993232727,-0.25551268458366394,0.43462443351745605,0.7556250095367432,0.0052144527435302734
0.7744385004043579,0.822178065776825,-0.29338568449020386,0.4346456527709961,0.7532519102096558,-0.0058868201449513435
0.7744420170783997,0.8222524523735046,-0.28989940881729126,0.4346392750740051,0.7510579824447632,-0.009854698553681374
0.7748366594314575,0.8229634761810303,-0.3029922544956207,0.4357825219631195,0.7493050694465637,-0.017670707777142525
0.7749172449111938,0.8235557675361633,-0.29923778772354126,0.43582215905189514,0.7492516040802002,-0.017862703651189804
0.7749146223068237,0.8235515356063843,-0.29609888792037964,0.4355662763118744,0.7493221163749695,-0.017964687198400497
0.7749109268188477,0.8232896327972412,-0.29933932423591614,0.43563565611839294,0.7493331432342529,-0.032861027866601944
0.7748144865036011,0.8231772184371948,-0.3082354664802551,0.43626195192337036,0.7494354844093323,-0.051144957542419434
0.7748826742172241,0.8229072690010071,-0.31119397282600403,0.43627557158470154,0.7505151033401489,-0.07993917167186737
0.7748912572860718,0.8229750394821167,-0.31027525663375854,0.43495988845825195,0.7505778670310974,-0.08316169679164886
0.7747385501861572,0.8229705691337585,-0.3086855709552765,0.434943288564682,0.7494340538978577,-0.03488156571984291
0.7747593522071838,0.8229697346687317,-0.30495816469192505,0.4351196885108948,0.7474364638328552,-0.02052910067141056
0.7751412987709045,0.8232268691062927,-0.3256221115589142,0.4364878237247467,0.7425452470779419,-0.00892612338066101
0.7753282785415649,0.8228551745414734,-0.3475748896598816,0.4383893609046936,0.7419090867042542,-0.005550932604819536
0.7752901315689087,0.8229026794433594,-0.3404068946838379,0.43966221809387207,0.7422354817390442,-0.03256431967020035
0.7751102447509766,0.8228176236152649,-0.33865952491760254,0.4398282468318939,0.7428942322731018,-0.03107992745935917
0.7750728130340576,0.8227694034576416,-0.3117079734802246,0.44005870819091797,0.744809091091156,-0.033593423664569855
0.7753378748893738,0.8244364261627197,-0.30111953616142273,0.44046276807785034,0.747315526008606,-0.03196199983358383
0.7755608558654785,0.8248196840286255,-0.30041807889938354,0.4407716393470764,0.7517739534378052,-0.04293995350599289
0.7755938768386841,0.8253162503242493,-0.29988545179367065,0.44066983461380005,0.751765251159668,-0.05254688113927841
0.7755671739578247,0.8255733251571655,-0.31391316652297974,0.4395722448825836,0.7470932602882385,-0.05874379724264145
0.7755686044692993,0.8265403509140015,-0.3160446286201477,0.4396969676017761,0.7438550591468811,-0.010202014818787575
0.775549054145813,0.8265562653541565,-0.321455717086792,0.44072452187538147,0.738592803478241,-0.007847564294934273
0.7756549119949341,0.826860785484314,-0.3286242187023163,0.44123417139053345,0.735688328742981,0.0007449096301570535
0.7757545113563538,0.8271469473838806,-0.3495759069919586,0.44188132882118225,0.7339280843734741,0.025018751621246338
0.7756844758987427,0.8280879259109497,-0.34528446197509766,0.44192275404930115,0.7341225743293762,0.043651677668094635
0.7756924033164978,0.8285843729972839,-0.34825021028518677,0.4411739408969879,0.7342004776000977,-0.028942495584487915
0.7758055925369263,0.8293182253837585,-0.3755030035972595,0.4406355023384094,0.7352980375289917,-0.10772357136011124
0.7758052349090576,0.8287572264671326,-0.34204787015914917,0.43900054693222046,0.7359029650688171,-0.09087525308132172
0.7758533358573914,0.8281437754631042,-0.31812697649002075,0.43766695261001587,0.7385109663009644,-0.08982717245817184
0.7760955095291138,0.828212320804596,-0.3052626848220825,0.43568915128707886,0.7389733195304871,-0.09985284507274628
0.7761846780776978,0.828359842300415,-0.3051932752132416,0.43557262420654297,0.7374809384346008,-0.08300057798624039
0.7763320207595825,0.8292347192764282,-0.3280530869960785,0.43643370270729065,0.734082043170929,-0.02772914431989193
