0.7578500509262085,0.8097227215766907,-0.2751857340335846,0.4127902090549469,0.7210729122161865,-0.0738646537065506
0.7579076290130615,0.8097370862960815,-0.27050918340682983,0.4127263128757477,0.7208117842674255,-0.08259669691324234
0.7579441070556641,0.8101583123207092,-0.266517698764801,0.41302376985549927,0.7205440998077393,-0.0627339631319046
0.7583305239677429,0.8106762170791626,-0.2661104202270508,0.41366395354270935,0.7210974097251892,-0.056867558509111404
0.7599764466285706,0.8122990131378174,-0.26960456371307373,0.41393494606018066,0.722201943397522,-0.06928272545337677
0.7608073949813843,0.814674973487854,-0.2821311950683594,0.4167294502258301,0.7225474119186401,-0.04744210094213486
0.7621018290519714,0.8161835074424744,-0.29001566767692566,0.4175855219364166,0.7228262424468994,-0.03756251186132431
0.7630720734596252,0.8164017200469971,-0.29045945405960083,0.41755181550979614,0.7242835760116577,-0.048891112208366394
0.7634678483009338,0.8163501620292664,-0.28594058752059937,0.41747957468032837,0.7282320261001587,-0.06620758026838303
0.7636352777481079,0.8163341283798218,-0.2869369387626648,0.4173884987831116,0.7282828688621521,-0.06567947566509247
0.7644034624099731,0.8171196579933167,-0.2932102084159851,0.42037734389305115,0.7293046712875366,-0.028817802667617798
0.7646681070327759,0.8172513842582703,-0.29124945402145386,0.42088866233825684,0.7327739000320435,-0.03516807779669762
0.7646726369857788,0.8173089623451233,-0.28641799092292786,0.4209224283695221,0.7325558066368103,-0.0573933906853199
0.7646575570106506,0.8174097537994385,-0.2863634526729584,0.42151159048080444,0.7325685620307922,-0.014331186190247536
0.7646133899688721,0.8174075484275818,-0.28477638959884644,0.4214581549167633,0.7326297760009766,-0.024631379172205925
0.7645730376243591,0.8171721696853638,-0.2780669927597046,0.4216187596321106,0.7332175970077515,-0.048983193933963776
0.7645745873451233,0.8167762756347656,-0.2774755358695984,0.42168205976486206,0.7336894869804382,-0.049497339874506
0.764411449432373,0.8162190318107605,-0.27758699655532837,0.42194628715515137,0.7338603138923645,-0.040955398231744766
0.7644841074943542,0.8162239193916321,-0.2804531455039978,0.42193523049354553,0.7338585257530212,-0.04112972319126129
0.76465904712677,0.8163456320762634,-0.29234999418258667,0.4219258427619934,0.733638346195221,-0.06433720886707306
0.7647127509117126,0.8163437247276306,-0.2921849191188812,0.42157381772994995,0.7336421608924866,-0.08144202083349228
0.7647372484207153,0.8165422677993774,-0.2895734906196594,0.4215189814567566,0.7342163324356079,-0.08199181407690048
0.7647439241409302,0.8167961835861206,-0.3012615144252777,0.4219139516353607,0.7336671948432922,-0.02441517636179924
0.7648890018463135,0.8168485164642334,-0.30992594361305237,0.42236965894699097,0.7330306172370911,-0.029921650886535645
0.7659681439399719,0.8187563419342041,-0.31153997778892517,0.4227469563484192,0.732947587966919,-0.09105460345745087
0.7661232352256775,0.8192242980003357,-0.31047728657722473,0.4228031039237976,0.7323810458183289,-0.08872336894273758
0.7666627168655396,0.8208605647087097,-0.3093200922012329,0.42264944314956665,0.7320136427879333,-0.1024898886680603
0.7667601108551025,0.8212240934371948,-0.3093964755535126,0.4226457476615906,0.7319642901420593,-0.11213946342468262
0.766422688961029,0.821290135383606,-0.3228583335876465,0.4226894974708557,0.7333135604858398,-0.10701626539230347
0.7651561498641968,0.8213688135147095,-0.3397541642189026,0.42273157835006714,0.7336435317993164,-0.05336163192987442
0.765041708946228,0.8218234777450562,-0.3394603729248047,0.4228877127170563,0.7336165308952332,0.010135749354958534
0.7650457620620728,0.8229352831840515,-0.3349086046218872,0.425262987613678,0.733476459980011,0.048045337200164795
0.7648171186447144,0.8229424357414246,-0.3424220681190491,0.42626872658729553,0.7335710525512695,0.02489112690091133
0.7647953033447266,0.8228676319122314,-0.3393001854419708,0.42626065015792847,0.7341340780258179,0.016191471368074417
0.7647818326950073,0.8228706121444702,-0.33075687289237976,0.42559701204299927,0.7341340184211731,-0.03584693372249603
0.7643823623657227,0.8221496939659119,-0.3058541715145111,0.42520514130592346,0.7341319918632507,-0.04315011575818062
