0.6860989928245544,0.7157931923866272,-0.304757297039032,0.2565669119358063,0.7296081781387329,-0.3981796205043793
0.6860800385475159,0.7164509296417236,-0.23906107246875763,0.2559092342853546,0.7360895872116089,-0.3480009436607361
0.6865734457969666,0.7164698839187622,-0.2732689082622528,0.254734605550766,0.7412169575691223,-0.3581940233707428
0.6865692734718323,0.7164350748062134,-0.2660771310329437,0.2541060745716095,0.7423152923583984,-0.3662540912628174
0.6867153644561768,0.716965913772583,-0.2304726094007492,0.2535802721977234,0.7461692690849304,-0.344796359539032
0.6867257356643677,0.7177277207374573,-0.21850939095020294,0.2534344792366028,0.7462160587310791,-0.339256227016449
0.6866939663887024,0.7184115052223206,-0.2391461879014969,0.24996817111968994,0.7444086670875549,-0.3440607190132141
0.6867446303367615,0.717198371887207,-0.21796202659606934,0.2491656094789505,0.7444971203804016,-0.34786829352378845
0.686728835105896,0.7152827978134155,-0.22054560482501984,0.24888470768928528,0.744470477104187,-0.30693143606185913
0.6868837475776672,0.713999330997467,-0.2235490083694458,0.24895772337913513,0.7442901134490967,-0.30670320987701416
0.6868959665298462,0.7136493921279907,-0.2834030091762543,0.24866649508476257,0.7436879277229309,-0.31042295694351196
0.6863113045692444,0.711337685585022,-0.281753271818161,0.24873986840248108,0.7416527271270752,-0.31533676385879517
0.6854879856109619,0.7094982862472534,-0.2814268171787262,0.24863502383232117,0.7359811067581177,-0.3205699622631073
0.6853151321411133,0.7092413306236267,-0.28106725215911865,0.24889259040355682,0.7308854460716248,-0.32450079917907715
0.6853753328323364,0.709381103515625,-0.2792308032512665,0.2493683099746704,0.7297843098640442,-0.32059019804000854
0.6856463551521301,0.7093954086303711,-0.2651522755622864,0.2493118941783905,0.7301723957061768,-0.3130360245704651
0.6866887807846069,0.7099965810775757,-0.2558167576789856,0.24931669235229492,0.7302684187889099,-0.31064432859420776
0.6885606050491333,0.7114518284797668,-0.27982452511787415,0.24928374588489532,0.7304584383964539,-0.33597058057785034
0.6893478035926819,0.7123607993125916,-0.28000977635383606,0.24881091713905334,0.7303778529167175,-0.34218671917915344
0.6908785104751587,0.713319718837738,-0.2790411114692688,0.24883241951465607,0.7297490835189819,-0.33858075737953186
0.6912049055099487,0.7151516675949097,-0.2756073772907257,0.2488042116165161,0.7268604040145874,-0.3404619097709656
0.6912041902542114,0.7152385115623474,-0.28465980291366577,0.24859674274921417,0.7220637798309326,-0.35244518518447876
0.6908298134803772,0.7150628566741943,-0.28391075134277344,0.24761101603507996,0.7146891951560974,-0.35157155990600586
0.6905524730682373,0.7148866653442383,-0.3045315146446228,0.24701733887195587,0.7079584002494812,-0.36328914761543274
0.6900079846382141,0.7148540019989014,-0.30128762125968933,0.24662292003631592,0.7086737155914307,-0.36186105012893677
0.6895674467086792,0.7149645090103149,-0.3028632700443268,0.24505922198295593,0.7090768218040466,-0.3570981025695801
0.688947856426239,0.7142524123191833,-0.30340826511383057,0.24498727917671204,0.7094563245773315,-0.354694664478302
0.6882106065750122,0.7132024765014648,-0.30214977264404297,0.24387165904045105,0.7096830010414124,-0.35136401653289795
0.6869614124298096,0.7124043703079224,-0.29644256830215454,0.2433796375989914,0.7097504734992981,-0.3430941700935364
0.67546546459198,0.712035059928894,-0.21736295521259308,0.23621408641338348,0.7051517367362976,-0.306330144405365
0.6742428541183472,0.7119844555854797,-0.18372777104377747,0.2261541187763214,0.7058955430984497,-0.33810561895370483
0.6743055582046509,0.7165412902832031,-0.20605215430259705,0.22408361732959747,0.7044404149055481,-0.39925190806388855
0.6744024157524109,0.722038984298706,-0.2009323090314865,0.2246907502412796,0.7046377658843994,-0.26316729187965393
0.6712807416915894,0.7250776886940002,-0.21039478480815887,0.22607198357582092,0.7044021487236023,-0.27458634972572327
0.671222448348999,0.7309587597846985,-0.30616503953933716,0.2346598207950592,0.7047460675239563,-0.25636786222457886
0.6713390946388245,0.7372348308563232,-0.30288296937942505,0.23894114792346954,0.7049214839935303,-0.2249123603105545
