0.6905933618545532,0.7234917283058167,-0.149963840842247,0.26780566573143005,0.6992014646530151,-0.08641140162944794
0.6900429129600525,0.7235099077224731,-0.14396624267101288,0.26780495047569275,0.6981090307235718,-0.08434460312128067
0.6893094778060913,0.723762571811676,-0.1473480761051178,0.26704174280166626,0.6978113651275635,-0.08297807723283768
0.6893090605735779,0.7240937948226929,-0.14653220772743225,0.2658348083496094,0.6978984475135803,-0.09827124327421188
0.6888400316238403,0.7245058417320251,-0.14709268510341644,0.26442354917526245,0.6980937123298645,-0.09377993643283844
0.6885973215103149,0.7254298329353333,-0.14943961799144745,0.2626996338367462,0.6982824802398682,-0.08682072907686234
0.6886115074157715,0.7256236672401428,-0.15149036049842834,0.2628776431083679,0.6982825398445129,-0.08608695864677429
0.6885977983474731,0.7256618738174438,-0.1518629491329193,0.2629615366458893,0.698381781578064,-0.08481139689683914
0.6886310577392578,0.7258849740028381,-0.15334728360176086,0.2630026936531067,0.69868403673172,-0.08451385051012039
0.6886509656906128,0.7259630560874939,-0.15436884760856628,0.26303207874298096,0.6992147564888,-0.08758841454982758
0.6886758804321289,0.7262882590293884,-0.15474656224250793,0.26310551166534424,0.6997646689414978,-0.08706026524305344
0.688689112663269,0.7270950675010681,-0.15507617592811584,0.2631484568119049,0.7012041807174683,-0.07816441357135773
0.6887099742889404,0.7274075746536255,-0.15588438510894775,0.2631925344467163,0.7013578414916992,-0.07831184566020966
0.688703179359436,0.727443516254425,-0.17338763177394867,0.2633281946182251,0.701424241065979,-0.07205008715391159
0.6886205673217773,0.7281444668769836,-0.16672943532466888,0.26327618956565857,0.7018098831176758,-0.0737982839345932
0.6885741353034973,0.7293692827224731,-0.16633440554141998,0.26334264874458313,0.7018827795982361,-0.07637110352516174
0.6884892582893372,0.7294237613677979,-0.17066489160060883,0.2634064555168152,0.7020477056503296,-0.07662571221590042
0.6884105205535889,0.7294429540634155,-0.17371295392513275,0.26338720321655273,0.7023299932479858,-0.07959849387407303
0.6883830428123474,0.72957444190979,-0.18202444911003113,0.26332056522369385,0.7026670575141907,-0.08109502494335175
0.6883804798126221,0.7296492457389832,-0.18135249614715576,0.2632763683795929,0.7035020589828491,-0.08440716564655304
0.6885481476783752,0.729608416557312,-0.1906617134809494,0.2635060250759125,0.7041903734207153,-0.09346060454845428
0.6885767579078674,0.7296310663223267,-0.19004103541374207,0.26350799202919006,0.7052436470985413,-0.09705860912799835
0.6886143684387207,0.729648768901825,-0.19051165878772736,0.2634630799293518,0.7055456638336182,-0.09744936972856522
0.6886720061302185,0.7297384142875671,-0.19552311301231384,0.26356127858161926,0.7062345147132874,-0.09947066009044647
0.6886647343635559,0.7298988699913025,-0.2039298564195633,0.26358896493911743,0.7065684199333191,-0.0994754284620285
0.6886848211288452,0.7299622297286987,-0.22481243312358856,0.2635762095451355,0.7069900631904602,-0.11377354711294174
0.6886835098266602,0.7299829721450806,-0.2201234996318817,0.2634807527065277,0.7074606418609619,-0.11539725959300995
0.6887487173080444,0.7299997210502625,-0.21820275485515594,0.2634732723236084,0.7074620127677917,-0.11685794591903687
0.688709557056427,0.7301276922225952,-0.20488512516021729,0.2628348469734192,0.7078951001167297,-0.11556003242731094
0.6886328458786011,0.7301872372627258,-0.20761020481586456,0.26231062412261963,0.7080482244491577,-0.128025621175766
0.6880241632461548,0.7299221158027649,-0.20047137141227722,0.2618909478187561,0.7080913186073303,-0.12630966305732727
0.687926173210144,0.7297661304473877,-0.1970861852169037,0.26150092482566833,0.7081296443939209,-0.12559901177883148
0.6878895163536072,0.7298190593719482,-0.20342221856117249,0.26106154918670654,0.7089322805404663,-0.1321667581796646
0.6879037618637085,0.7298286557197571,-0.21653814613819122,0.26103511452674866,0.7089528441429138,-0.1399642527103424
0.6878916025161743,0.7298864126205444,-0.2241067886352539,0.2609870731830597,0.709033727645874,-0.13835512101650238
0.6878888607025146,0.7298248410224915,-0.21648955345153809,0.26097914576530457,0.7090889811515808,-0.13171717524528503
