0.6279160976409912,0.48784923553466797,-0.8835843205451965,0.27457544207572937,0.4959705173969269,-0.8342096209526062
0.6285382509231567,0.4921248257160187,-0.7852619290351868,0.27480512857437134,0.4960746765136719,-0.7281678318977356
0.6258991956710815,0.4920513927936554,-0.5121820569038391,0.274731308221817,0.49889275431632996,-0.3998519480228424
0.61918705701828,0.49372437596321106,-0.4088168144226074,0.2655571699142456,0.4995235204696655,-0.2038695514202118
0.6118658781051636,0.4686427414417267,-0.26172107458114624,0.26659533381462097,0.486221045255661,-0.1277027726173401
0.6121522188186646,0.46348312497138977,-0.17863845825195312,0.26975417137145996,0.48332178592681885,-0.04836542159318924
0.609040379524231,0.4509786069393158,-0.14847637712955475,0.2772986590862274,0.47620442509651184,-0.022414501756429672
0.6057561039924622,0.445557564496994,-0.1862741857767105,0.27830344438552856,0.47467365860939026,-0.06642039120197296
0.6037110090255737,0.44883304834365845,-0.12481807172298431,0.27841824293136597,0.47497066855430603,-0.03761741518974304
0.6037306189537048,0.45088809728622437,-0.1403726041316986,0.28262975811958313,0.47509506344795227,-0.010240734554827213
0.6041477918624878,0.4523155987262726,-0.13572630286216736,0.28266194462776184,0.47542622685432434,-0.021866513416171074
0.6044584512710571,0.45315149426460266,-0.14885123074054718,0.2855549156665802,0.47726836800575256,-0.044079896062612534
0.6045227646827698,0.45273736119270325,-0.14136895537376404,0.2884133458137512,0.48207348585128784,-0.04038476198911667
0.6046714782714844,0.4532138705253601,-0.12497170269489288,0.28824582695961,0.48228123784065247,-0.027879521250724792
0.6064647436141968,0.45632320642471313,-0.12144571542739868,0.2948661148548126,0.48309627175331116,-0.024136733263731003
0.6065176725387573,0.4563690721988678,-0.1195375919342041,0.2943316698074341,0.4836738705635071,-0.03639225289225578
0.6065974831581116,0.4568754732608795,-0.13125190138816833,0.29496151208877563,0.4865555465221405,-0.039176877588033676
0.6061870455741882,0.4557667672634125,-0.15383926033973694,0.29461807012557983,0.48747724294662476,-0.096939817070961
0.6063045859336853,0.4558475613594055,-0.1364499181509018,0.2943618595600128,0.48759210109710693,-0.05661708116531372
0.6070195436477661,0.4589391350746155,-0.141229048371315,0.2951371669769287,0.488404244184494,-0.04025968909263611
0.6073353886604309,0.4598974287509918,-0.1332094520330429,0.2937265634536743,0.48652777075767517,-0.04191332310438156
0.6090057492256165,0.45991864800453186,-0.1320953369140625,0.29457899928092957,0.4860052168369293,-0.037317220121622086
0.6096077561378479,0.4611322283744812,-0.1435345560312271,0.29447636008262634,0.4868978261947632,-0.04096478596329689
0.6096714735031128,0.4611099660396576,-0.14217433333396912,0.2950485944747925,0.48677581548690796,-0.03579453378915787
0.6108236312866211,0.4611232876777649,-0.1161942332983017,0.29539936780929565,0.4869486391544342,-0.006792765110731125
0.6117895245552063,0.46478182077407837,-0.15262119472026825,0.29527515172958374,0.4869546890258789,-0.0342828631401062
0.6133989691734314,0.46445685625076294,-0.14147517085075378,0.2955312430858612,0.4852905869483948,-0.03241431713104248
0.6136387586593628,0.46444159746170044,-0.16634517908096313,0.2944132685661316,0.48286786675453186,-0.0551481731235981
0.6138644218444824,0.4654974341392517,-0.1405067890882492,0.29495513439178467,0.47911933064460754,-0.03242875263094902
0.6135507822036743,0.4653608202934265,-0.14098359644412994,0.29446351528167725,0.4798179566860199,-0.03307396173477173
0.6135319471359253,0.46590641140937805,-0.13371577858924866,0.2944474518299103,0.48002102971076965,-0.020353324711322784
0.6136112213134766,0.46565186977386475,-0.11133762449026108,0.2943924069404602,0.47948217391967773,-0.0013628766173496842
0.6135982275009155,0.4657701849937439,-0.13487878441810608,0.29384130239486694,0.4795283377170563,-0.011202946305274963
0.6141894459724426,0.4657684564590454,-0.17832818627357483,0.2948973774909973,0.4792458117008209,-0.04630906879901886
0.6126677393913269,0.46564456820487976,-0.1768982708454132,0.29494088888168335,0.4806261360645294,-0.038815826177597046
0.6125082969665527,0.4656927287578583,-0.1421222984790802,0.2951716482639313,0.4819435179233551,-0.032001662999391556
