0.6182388663291931,0.4842795133590698,-0.8840987086296082,0.2760252356529236,0.4942988455295563,-0.7930316925048828
0.6191741228103638,0.4862609803676605,-0.826008141040802,0.27377694845199585,0.4923531115055084,-0.7582757472991943
0.6212476491928101,0.4928312599658966,-0.7451167702674866,0.27271002531051636,0.49227991700172424,-0.6380823254585266
0.6241430044174194,0.5131690502166748,-0.40382665395736694,0.2730967402458191,0.4972898066043854,-0.15588048100471497
0.6227171421051025,0.5095041990280151,-0.35328608751296997,0.26069730520248413,0.5128329992294312,-0.20121026039123535
0.6216208338737488,0.4986066520214081,-0.2959510385990143,0.2617391347885132,0.51119065284729,-0.14229199290275574
0.6205114126205444,0.4948916435241699,-0.20457403361797333,0.2625473439693451,0.5105693936347961,-0.08090643584728241
0.6205071210861206,0.48733383417129517,-0.11404450982809067,0.27177804708480835,0.5081378817558289,-0.008856160566210747
0.6181934475898743,0.4712643623352051,-0.11350990831851959,0.27876195311546326,0.5077497363090515,-0.013440927490592003
0.6098333597183228,0.46198979020118713,-0.13851960003376007,0.278685063123703,0.49554699659347534,-0.05663220211863518
0.6085494160652161,0.4629863202571869,-0.12119016796350479,0.28100258111953735,0.49540120363235474,-0.029756437987089157
0.6070725917816162,0.46164238452911377,-0.12353429943323135,0.28389543294906616,0.4962810277938843,-0.023146338760852814
0.6067856550216675,0.4616798162460327,-0.09062985330820084,0.28375473618507385,0.4941116273403168,-0.012802645564079285
0.6077032089233398,0.4606214165687561,-0.1030827984213829,0.2874639630317688,0.4933921992778778,0.01305650919675827
0.6074227094650269,0.46095162630081177,-0.10117731243371964,0.28739848732948303,0.49402952194213867,-0.0069565074518322945
0.6077581644058228,0.46139344573020935,-0.12729063630104065,0.2873404324054718,0.4957275390625,-0.015089990571141243
0.6082128882408142,0.46152034401893616,-0.1268443912267685,0.29013025760650635,0.49807167053222656,0.002163573633879423
0.6084250211715698,0.46191224455833435,-0.12114347517490387,0.289783775806427,0.4980277121067047,-0.012883278541266918
0.6087325811386108,0.4630061388015747,-0.12545077502727509,0.2895351052284241,0.4968499541282654,0.0015185053925961256
0.6085919737815857,0.4620545208454132,-0.12643256783485413,0.29074180126190186,0.4990383982658386,0.01660751923918724
0.6086689233779907,0.46239328384399414,-0.1319606751203537,0.29017388820648193,0.4990101754665375,-0.011899607256054878
0.6086984872817993,0.4609614610671997,-0.12188558280467987,0.29217275977134705,0.498871773481369,-0.0038320906460285187
0.6081812381744385,0.4607289731502533,-0.1792450249195099,0.2921183407306671,0.501758337020874,-0.07586739957332611
0.6082119941711426,0.4611799120903015,-0.15231795608997345,0.2920664846897125,0.4980517029762268,-0.03264594450592995
0.6081637740135193,0.4596664607524872,-0.1406071037054062,0.29283833503723145,0.5000478029251099,-0.019833030179142952
0.6081478595733643,0.4548012316226959,-0.13305599987506866,0.29071250557899475,0.49786248803138733,-0.020584208890795708
0.6084815859794617,0.455017626285553,-0.13065528869628906,0.29306933283805847,0.49785739183425903,0.02425326034426689
0.608521580696106,0.4539850354194641,-0.13179358839988708,0.29298391938209534,0.4994748830795288,0.022094275802373886
0.6084753274917603,0.4541155695915222,-0.1023324504494667,0.28955525159835815,0.49798133969306946,0.016139212995767593
0.6088154315948486,0.4542030692100525,-0.10362400114536285,0.2912876009941101,0.4981854259967804,0.013415495865046978
0.6088858842849731,0.4545823037624359,-0.10245734453201294,0.2887048125267029,0.4952922463417053,0.01214545127004385
0.6098952293395996,0.46019214391708374,-0.10313667356967926,0.2912288308143616,0.49627384543418884,0.009842151775956154
0.609796941280365,0.46006980538368225,-0.12293209135532379,0.29103952646255493,0.49826690554618835,-0.003939349669963121
0.6096934080123901,0.45936474204063416,-0.1228482574224472,0.28993239998817444,0.49554601311683655,-0.004341998137533665
0.6100047826766968,0.4595643877983093,-0.12492267042398453,0.2933218479156494,0.49554452300071716,0.008837959729135036
0.6094213128089905,0.45958441495895386,-0.12684336304664612,0.29096198081970215,0.4955946207046509,-0.007496270351111889
