1,right,0.2514413595199585,0.5764235258102417,6.182288529998914e-07,0.28343483805656433,0.5081706643104553,0.003266771323978901,0.32038724422454834,0.4434378147125244,-0.005548948422074318,0.3552481234073639,0.4047290086746216,-0.017263388261198997,0.3830197751522064,0.3796531558036804,-0.028768956661224365,0.29999619722366333,0.363795667886734,-0.023614495992660522,0.36392784118652344,0.33233222365379333,-0.042168404906988144,0.4022384583950043,0.3107786774635315,-0.05456450209021568,0.4349934458732605,0.2924897074699402,-0.06289087980985641,0.2932385802268982,0.38649141788482666,-0.0362149253487587,0.38005122542381287,0.40438053011894226,-0.056661199778318405,0.4266490340232849,0.41430628299713135,-0.06424611061811447,0.4616769552230835,0.4216635823249817,-0.06909409165382385,0.29239219427108765,0.42482510209083557,-0.04706481844186783,0.3668159544467926,0.470782607793808,-0.0628323182463646,0.3575146198272705,0.5055875182151794,-0.05639416351914406,0.34323781728744507,0.5269140601158142,-0.04968632385134697,0.29529038071632385,0.46862345933914185,-0.05856263265013695,0.3574143648147583,0.49731433391571045,-0.06619474291801453,0.36438170075416565,0.5233279466629028,-0.05787999927997589,0.36553671956062317,0.5404989123344421,-0.04925775155425072
1,left,0,0,0,0,0,0,0,0,0,0,0,0,0,0,0,0,0,0,0,0,0,0,0,0,0,0,0,0,0,0,0,0,0,0,0,0,0,0,0,0,0,0,0,0,0,0,0,0,0,0,0,0,0,0,0,0,0,0,0,0,0,0,0
2,right,0.24473510682582855,0.5568274855613708,6.608955231968139e-07,0.2646651566028595,0.4951547384262085,0.002752911299467087,0.30220043659210205,0.43823903799057007,-0.0072011398151516914,0.34790974855422974,0.4190146327018738,-0.01962199993431568,0.38535556197166443,0.41807880997657776,-0.03299488127231598,0.2929202616214752,0.36303919553756714,-0.023539841175079346,0.3583759665489197,0.3348594307899475,-0.04024553298950195,0.39687320590019226,0.3127617835998535,-0.05188124254345894,0.4286961555480957,0.29582977294921875,-0.059481069445610046,0.28991350531578064,0.384915828704834,-0.03441234678030014,0.3716452717781067,0.4009231626987457,-0.052952542901039124,0.4101014733314514,0.4066459834575653,-0.06097390502691269,0.4386090040206909,0.41160738468170166,-0.06476639956235886,0.29227638244628906,0.42211079597473145,-0.04312789812684059,0.35931533575057983,0.4680706858634949,-0.05591032654047012,0.35483264923095703,0.5003831386566162,-0.05260598659515381,0.3444858193397522,0.5224869251251221,-0.04728001728653908,0.29698318243026733,0.4649182856082916,-0.052376676350831985,0.3523654639720917,0.49784141778945923,-0.05726180598139763,0.35520488023757935,0.5258268117904663,-0.04971102625131607,0.35315048694610596,0.542691707611084,-0.04140563681721687
2,left,0,0,0,0,0,0,0,0,0,0,0,0,0,0,0,0,0,0,0,0,0,0,0,0,0,0,0,0,0,0,0,0,0,0,0,0,0,0,0,0,0,0,0,0,0,0,0,0,0,0,0,0,0,0,0,0,0,0,0,0,0,0,0
3,right,0,0,0,0,0,0,0,0,0,0,0,0,0,0,0,0,0,0,0,0,0,0,0,0,0,0,0,0,0,0,0,0,0,0,0,0,0,0,0,0,0,0,0,0,0,0,0,0,0,0,0,0,0,0,0,0,0,0,0,0,0,0,0
3,left,0,0,0,0,0,0,0,0,0,0,0,0,0,0,0,0,0,0,0,0,0,0,0,0,0,0,0,0,0,0,0,0,0,0,0,0,0,0,0,0,0,0,0,0,0,0,0,0,0,0,0,0,0,0,0,0,0,0,0,0,0,0,0
4,right,0.2500630021095276,0.6529677510261536,9.408588397263884e-08,0.2550962567329407,0.5721280574798584,0.025102995336055756,0.2693374752998352,0.5015984773635864,0.03136565908789635,0.28649473190307617,0.45978569984436035,0.027620749548077583,0.3039604127407074,0.4263399541378021,0.023184258490800858,0.26770204305648804,0.4413994550704956,0.03355756402015686,0.3021552562713623,0.4007813632488251,0.031219711527228355,0.32198819518089294,0.3823156952857971,0.025412436574697495,0.3356403708457947,0.3719550371170044,0.019869279116392136,0.2688027620315552,0.4426771402359009,0.01359301246702671,0.3086594343185425,0.41494911909103394,0.016453076153993607,0.3300777077674866,0.40494269132614136,0.014721721410751343,0.34570640325546265,0.4020606279373169,0.011084801517426968,0.2753838002681732,0.4600813388824463,-0.006628721486777067,0.3170052170753479,0.4440802037715912,-0.004876378923654556,0.3345395624637604,0.45466214418411255,-0.0004891123971901834,0.34419023990631104,0.46979010105133057,0.0004945769906044006,0.2853163480758667,0.4887712299823761,-0.026728933677077293,0.3178035318851471,0.48120439052581787,-0.02723974548280239,0.33393579721450806,0.4913330674171448,-0.023719921708106995,0.3462067246437073,0.5044812560081482,-0.021068371832370758
4,left,0,0,0,0,0,0,0,0,0,0,0,0,0,0,0,0,0,0,0,0,0,0,0,0,0,0,0,0,0,0,0,0,0,0,0,0,0,0,0,0,0,0,0,0,0,0,0,0,0,0,0,0,0,0,0,0,0,0,0,0,0,0,0
5,right,0.26702725887298584,0.5346288084983826,7.265406338774483e-07,0.29707109928131104,0.4866655766963959,-0.0016793804243206978,0.3220749497413635,0.43726372718811035,-0.0153988441452384,0.35000506043434143,0.4126855432987213,-0.03174256160855293,0.373032808303833,0.3916451632976532,-0.04787452891469002,0.27524620294570923,0.3492620587348938,-0.03371094539761543,0.3076646029949188,0.27968987822532654,-0.05453980714082718,0.33099859952926636,0.2322356104850769,-0.06856931746006012,0.3504941761493683,0.1917465180158615,-0.07778426259756088,0.2667666971683502,0.36622411012649536,-0.045783624053001404,0.34881263971328735,0.34973597526550293,-0.07366760075092316,0.39945095777511597,0.3465273380279541,-0.08436374366283417,0.43591588735580444,0.3466360867023468,-0.087936632335186,0.2708190679550171,0.40094366669654846,-0.05553876608610153,0.34926196932792664,0.4307350814342499,-0.07613828778266907,0.35317888855934143,0.4739620089530945,-0.06747231632471085,0.3453793525695801,0.506973922252655,-0.05608229339122772,0.28336554765701294,0.4413810968399048,-0.06652926653623581,0.34707972407341003,0.45316773653030396,-0.07694488018751144,0.36173951625823975,0.47971564531326294,-0.06461165845394135,0.36666759848594666,0.502934455871582,-0.051227204501628876
5,left,0,0,0,0,0,0,0,0,0,0,0,0,0,0,0,0,0,0,0,0,0,0,0,0,0,0,0,0,0,0,0,0,0,0,0,0,0,0,0,0,0,0,0,0,0,0,0,0,0,0,0,0,0,0,0,0,0,0,0,0,0,0,0
6,right,0.264620840549469,0.5524318814277649,7.644321726729686e-07,0.2994425892829895,0.4851102828979492,-0.004377210047096014,0.3129076361656189,0.41945672035217285,-0.017231646925210953,0.32592347264289856,0.3746127784252167,-0.03296642005443573,0.3409631848335266,0.3364560604095459,-0.04753052443265915,0.24676531553268433,0.34632784128189087,-0.025297367945313454,0.2745581865310669,0.27437207102775574,-0.04633665829896927,0.29326486587524414,0.22440820932388306,-0.059495653957128525,0.3088323771953583,0.1821422576904297,-0.06741863489151001,0.23991355299949646,0.3639160394668579,-0.035379379987716675,0.318972110748291,0.3286649286746979,-0.062152039259672165,0.369091272354126,0.3107910752296448,-0.07209945470094681,0.4068460464477539,0.2990714907646179,-0.07567960023880005,0.24735666811466217,0.39487922191619873,-0.044912829995155334,0.3333289921283722,0.4058115780353546,-0.0701831728219986,0.3401457667350769,0.4534185230731964,-0.06470363587141037,0.3353308141231537,0.49140384793281555,-0.05412927642464638,0.263994425535202,0.42946621775627136,-0.05556807667016983,0.3315276801586151,0.4265991449356079,-0.06945625692605972,0.3495306670665741,0.4551829695701599,-0.06059173867106438,0.3584718108177185,0.48337996006011963,-0.04907909035682678
6,left,0,0,0,0,0,0,0,0,0,0,0,0,0,0,0,0,0,0,0,0,0,0,0,0,0,0,0,0,0,0,0,0,0,0,0,0,0,0,0,0,0,0,0,0,0,0,0,0,0,0,0,0,0,0,0,0,0,0,0,0,0,0,0
7,right,0.2625355124473572,0.5585209727287292,7.404739790217718e-07,0.29773226380348206,0.4745097756385803,-0.002159132855013013,0.3040001094341278,0.40827155113220215,-0.01386114303022623,0.31057289242744446,0.36030298471450806,-0.029421165585517883,0.3234860599040985,0.31725695729255676,-0.04324827715754509,0.220076322555542,0.351249635219574,-0.014627358876168728,0.2371387481689453,0.2771689295768738,-0.03364524617791176,0.2505114674568176,0.22543452680110931,-0.046232521533966064,0.262056440114975,0.18165090680122375,-0.05351690948009491,0.21343527734279633,0.3649546205997467,-0.025305641815066338,0.2853342890739441,0.31527698040008545,-0.049301840364933014,0.3323608338832855,0.2876608967781067,-0.05964602157473564,0.36773648858070374,0.26961565017700195,-0.06317133456468582,0.22337520122528076,0.3900131583213806,-0.03594408184289932,0.3106931746006012,0.3854292929172516,-0.0608648844063282,0.3261857330799103,0.43449318408966064,-0.05827290192246437,0.3288043439388275,0.4765971899032593,-0.04884340241551399,0.2436327189207077,0.4172142744064331,-0.047447387129068375,0.3130149841308594,0.4062204360961914,-0.060674913227558136,0.33589184284210205,0.43529435992240906,-0.053097259253263474,0.348606139421463,0.4646647870540619,-0.042067669332027435
7,left,0,0,0,0,0,0,0,0,0,0,0,0,0,0,0,0,0,0,0,0,0,0,0,0,0,0,0,0,0,0,0,0,0,0,0,0,0,0,0,0,0,0,0,0,0,0,0,0,0,0,0,0,0,0,0,0,0,0,0,0,0,0,0
8,right,0.26687103509902954,0.556904137134552,7.535302302130731e-07,0.292802631855011,0.4673638939857483,-0.003560947719961405,0.292697548866272,0.40408480167388916,-0.015742802992463112,0.2929489314556122,0.3599192798137665,-0.03238026425242424,0.2965288460254669,0.31856340169906616,-0.04717664793133736,0.1996801793575287,0.3645901083946228,-0.011041689664125443,0.2087843269109726,0.28554755449295044,-0.03043166920542717,0.21763889491558075,0.23188288509845734,-0.04418729618191719,0.2247391939163208,0.18635405600070953,-0.0523555725812912,0.19524496793746948,0.37959814071655273,-0.021599670872092247,0.2572847902774811,0.31587934494018555,-0.04715351387858391,0.30140674114227295,0.27850738167762756,-0.059453871101140976,0.3354065418243408,0.2518981099128723,-0.06400305032730103,0.2077658623456955,0.3998278081417084,-0.03266695514321327,0.2909887135028839,0.37580931186676025,-0.059008900076150894,0.3110440671443939,0.4228791892528534,-0.05735132470726967,0.31784576177597046,0.46401405334472656,-0.04800081253051758,0.23102626204490662,0.4199378788471222,-0.04485731199383736,0.2956802248954773,0.393848717212677,-0.05910303071141243,0.322340190410614,0.41745567321777344,-0.05201694369316101,0.33937469124794006,0.44424307346343994,-0.04097256064414978
8,left,0,0,0,0,0,0,0,0,0,0,0,0,0,0,0,0,0,0,0,0,0,0,0,0,0,0,0,0,0,0,0,0,0,0,0,0,0,0,0,0,0,0,0,0,0,0,0,0,0,0,0,0,0,0,0,0,0,0,0,0,0,0,0
9,right,0.2638627588748932,0.559479296207428,7.189308917077142e-07,0.2882682979106903,0.4670502543449402,-0.0034687728621065617,0.28469762206077576,0.4051130712032318,-0.014256959781050682,0.2795640528202057,0.36519700288772583,-0.029519271105527878,0.2764979302883148,0.3278135359287262,-0.04347401484847069,0.18823972344398499,0.3731248378753662,-0.010915575549006462,0.19635623693466187,0.28910791873931885,-0.029329558834433556,0.201956108212471,0.23386257886886597,-0.042719025164842606,0.20570817589759827,0.18798619508743286,-0.05076756328344345,0.18269731104373932,0.38866379857063293,-0.02167486399412155,0.24208030104637146,0.31210875511169434,-0.047488875687122345,0.28188660740852356,0.2691584825515747,-0.06058282032608986,0.3133993148803711,0.2411186844110489,-0.06533560156822205,0.19527703523635864,0.4062817394733429,-0.03275703638792038,0.28082960844039917,0.37140795588493347,-0.05779281631112099,0.30365288257598877,0.41642916202545166,-0.05736878141760826,0.3129546046257019,0.45762962102890015,-0.04937775433063507,0.21920688450336456,0.42270830273628235,-0.045134998857975006,0.2838132977485657,0.39042001962661743,-0.05879221484065056,0.31142520904541016,0.41088420152664185,-0.05306907743215561,0.33117377758026123,0.43421536684036255,-0.04340464994311333
9,left,0,0,0,0,0,0,0,0,0,0,0,0,0,0,0,0,0,0,0,0,0,0,0,0,0,0,0,0,0,0,0,0,0,0,0,0,0,0,0,0,0,0,0,0,0,0,0,0,0,0,0,0,0,0,0,0,0,0,0,0,0,0,0
10,right,0.26324462890625,0.5613225102424622,6.435570867324714e-07,0.29075729846954346,0.47016555070877075,-0.0030369777232408524,0.2873755395412445,0.40811294317245483,-0.012469104491174221,0.28103184700012207,0.36656150221824646,-0.02571398951113224,0.27657943964004517,0.3267933428287506,-0.03754522651433945,0.18988460302352905,0.3769955039024353,-0.013643085025250912,0.1965121030807495,0.29159921407699585,-0.03099641762673855,0.20198822021484375,0.23629316687583923,-0.0424283929169178,0.2059895545244217,0.19138535857200623,-0.049363646656274796,0.1843421757221222,0.3910170793533325,-0.023862700909376144,0.2402271181344986,0.3084522485733032,-0.04729248583316803,0.2773488759994507,0.26429909467697144,-0.05839633196592331,0.30708661675453186,0.23623450100421906,-0.06244306638836861,0.196213960647583,0.40718957781791687,-0.033983342349529266,0.2778224050998688,0.37201324105262756,-0.0572127029299736,0.3006507158279419,0.414188027381897,-0.05628146231174469,0.31041237711906433,0.4550248682498932,-0.048929959535598755,0.21905814111232758,0.4224618375301361,-0.04527315869927406,0.28277960419654846,0.39431703090667725,-0.05917754024267197,0.3114258050918579,0.41194242238998413,-0.05446680262684822,0.33248233795166016,0.4324353039264679,-0.04580804705619812
10,left,0,0,0,0,0,0,0,0,0,0,0,0,0,0,0,0,0,0,0,0,0,0,0,0,0,0,0,0,0,0,0,0,0,0,0,0,0,0,0,0,0,0,0,0,0,0,0,0,0,0,0,0,0,0,0,0,0,0,0,0,0,0,0
11,right,0.26322129368782043,0.5608705282211304,6.424626235457254e-07,0.290849506855011,0.4692187011241913,-0.001792407245375216,0.28880617022514343,0.4055957496166229,-0.01109472755342722,0.28586065769195557,0.36310186982154846,-0.024453219026327133,0.2847687602043152,0.320524662733078,-0.0365351140499115,0.19319221377372742,0.3747762441635132,-0.011722974479198456,0.20092043280601501,0.2909777760505676,-0.028903242200613022,0.20802660286426544,0.23676277697086334,-0.04014609009027481,0.21328750252723694,0.19284169375896454,-0.04696774110198021,0.18753217160701752,0.3892114758491516,-0.022496799007058144,0.24496641755104065,0.30956414341926575,-0.04534504935145378,0.28410178422927856,0.2673923373222351,-0.0565296933054924,0.3153628706932068,0.24109353125095367,-0.060710176825523376,0.1990927755832672,0.4064745604991913,-0.03313909098505974,0.2792746424674988,0.3756943941116333,-0.05513909459114075,0.30164554715156555,0.41632527112960815,-0.05400886759161949,0.3115517199039459,0.4550497233867645,-0.04694986343383789,0.22155092656612396,0.42271697521209717,-0.04489269480109215,0.286010205745697,0.39854440093040466,-0.0572458878159523,0.3144312798976898,0.41641443967819214,-0.051932353526353836,0.33447009325027466,0.4363403618335724,-0.04323285445570946
11,left,0,0,0,0,0,0,0,0,0,0,0,0,0,0,0,0,0,0,0,0,0,0,0,0,0,0,0,0,0,0,0,0,0,0,0,0,0,0,0,0,0,0,0,0,0,0,0,0,0,0,0,0,0,0,0,0,0,0,0,0,0,0,0
12,right,0.26126864552497864,0.5699990391731262,5.725089522456983e-07,0.2964703440666199,0.4745756685733795,-0.0014460338279604912,0.300737589597702,0.4041481614112854,-0.01204702164977789,0.30434978008270264,0.3561885952949524,-0.026930058375000954,0.3118981719017029,0.3123458921909332,-0.04086865857243538,0.2054852396249771,0.3623850643634796,-0.012625251896679401,0.2229922115802765,0.2847563624382019,-0.032599031925201416,0.2395336627960205,0.23485291004180908,-0.04737096279859543,0.25373604893684387,0.19493357837200165,-0.05703455209732056,0.19823460280895233,0.3802753686904907,-0.025314750149846077,0.26198747754096985,0.3119511604309082,-0.05129539594054222,0.3038543164730072,0.27835074067115784,-0.06474833190441132,0.33732613921165466,0.25957897305488586,-0.07066242396831512,0.20836493372917175,0.40428248047828674,-0.03793167695403099,0.29250770807266235,0.38060006499290466,-0.06265471130609512,0.31144270300865173,0.42528781294822693,-0.06197025626897812,0.3178917169570923,0.4641849398612976,-0.055451128631830215,0.22853204607963562,0.42807385325431824,-0.05166346952319145,0.2964867949485779,0.406356543302536,-0.06644143909215927,0.3237290680408478,0.42973649501800537,-0.061382271349430084,0.3410758972167969,0.4514521658420563,-0.05304531380534172
12,left,0,0,0,0,0,0,0,0,0,0,0,0,0,0,0,0,0,0,0,0,0,0,0,0,0,0,0,0,0,0,0,0,0,0,0,0,0,0,0,0,0,0,0,0,0,0,0,0,0,0,0,0,0,0,0,0,0,0,0,0,0,0,0
13,right,0.25678160786628723,0.577207088470459,5.594584990831208e-07,0.29616913199424744,0.48081570863723755,0.00047791830729693174,0.30444568395614624,0.4089727997779846,-0.008643393404781818,0.3109246492385864,0.36446407437324524,-0.021973319351673126,0.32501304149627686,0.3222847878932953,-0.034543879330158234,0.21959108114242554,0.35573720932006836,-0.012101037427783012,0.24966944754123688,0.28065216541290283,-0.030810650438070297,0.27086976170539856,0.23336370289325714,-0.04428857937455177,0.28845468163490295,0.1945335865020752,-0.05308808013796806,0.21142196655273438,0.3763161897659302,-0.024851595982909203,0.2850414514541626,0.31728142499923706,-0.04951050132513046,0.32941094040870667,0.2929486036300659,-0.06177113577723503,0.3636420965194702,0.2810511887073517,-0.06697394698858261,0.22044000029563904,0.4048159718513489,-0.037117913365364075,0.30793341994285583,0.39348119497299194,-0.060259267687797546,0.3208469748497009,0.4394669532775879,-0.05901776999235153,0.3217683434486389,0.4785158634185791,-0.05244719609618187,0.23865127563476562,0.433575838804245,-0.050235502421855927,0.3085208237171173,0.4199744164943695,-0.06356622278690338,0.33332210779190063,0.44653162360191345,-0.05770527571439743,0.3479883074760437,0.47062355279922485,-0.04894819110631943
13,left,0,0,0,0,0,0,0,0,0,0,0,0,0,0,0,0,0,0,0,0,0,0,0,0,0,0,0,0,0,0,0,0,0,0,0,0,0,0,0,0,0,0,0,0,0,0,0,0,0,0,0,0,0,0,0,0,0,0,0,0,0,0,0
14,right,0.2608160376548767,0.5561633706092834,8.658332717459416e-07,0.29318246245384216,0.4997017979621887,-0.01066577062010765,0.3049841523170471,0.44025975465774536,-0.027944840490818024,0.31269487738609314,0.3985119163990021,-0.04733613133430481,0.324625164270401,0.36349302530288696,-0.06457828730344772,0.23333513736724854,0.3637239336967468,-0.03750691935420036,0.2688456177711487,0.2926260828971863,-0.0633329451084137,0.29578909277915955,0.24854975938796997,-0.07838690280914307,0.31862565875053406,0.21345634758472443,-0.08675163984298706,0.22770196199417114,0.3829736113548279,-0.04655659943819046,0.3059892952442169,0.3416201174259186,-0.08018262684345245,0.3582340478897095,0.3238346576690674,-0.09257445484399796,0.397564172744751,0.3146665394306183,-0.09678636491298676,0.23493100702762604,0.41464272141456604,-0.055113837122917175,0.3175831139087677,0.41773995757102966,-0.08612676709890366,0.32304495573043823,0.46890416741371155,-0.0780610591173172,0.315097838640213,0.5095211267471313,-0.06394963711500168,0.25252673029899597,0.4520513713359833,-0.06500818580389023,0.3171246647834778,0.4375239610671997,-0.08278246968984604,0.3354472815990448,0.46752017736434937,-0.07151130586862564,0.34006738662719727,0.49878644943237305,-0.05731484666466713
14,left,0,0,0,0,0,0,0,0,0,0,0,0,0,0,0,0,0,0,0,0,0,0,0,0,0,0,0,0,0,0,0,0,0,0,0,0,0,0,0,0,0,0,0,0,0,0,0,0,0,0,0,0,0,0,0,0,0,0,0,0,0,0,0
15,right,0.24757468700408936,0.5785466432571411,4.788561227542232e-07,0.2978712320327759,0.505021333694458,0.0014846280682832003,0.3198995590209961,0.43787214159965515,-0.00754977110773325,0.333239883184433,0.3974897265434265,-0.019736273214221,0.3482605218887329,0.3626745343208313,-0.03160927817225456,0.24587316811084747,0.3551850914955139,-0.01704711653292179,0.2901192307472229,0.2872454822063446,-0.03305214270949364,0.3188204765319824,0.2484796941280365,-0.044941969215869904,0.3428182005882263,0.21601469814777374,-0.05440021678805351,0.23923856019973755,0.375926673412323,-0.030535489320755005,0.32496383786201477,0.3472914397716522,-0.05396962910890579,0.3742992877960205,0.3462567925453186,-0.06409965455532074,0.4088742136955261,0.34748417139053345,-0.06941989064216614,0.24649043381214142,0.4105985462665558,-0.04255364090204239,0.332303911447525,0.4241783022880554,-0.05980358645319939,0.3346650302410126,0.4701773524284363,-0.054050713777542114,0.32403862476348877,0.502520740032196,-0.0482700951397419,0.261839359998703,0.4497795104980469,-0.05563340336084366,0.3277743458747864,0.4586891531944275,-0.06577315926551819,0.33928224444389343,0.49096933007240295,-0.05794401094317436,0.339430034160614,0.5134949088096619,-0.0499604195356369
15,left,0,0,0,0,0,0,0,0,0,0,0,0,0,0,0,0,0,0,0,0,0,0,0,0,0,0,0,0,0,0,0,0,0,0,0,0,0,0,0,0,0,0,0,0,0,0,0,0,0,0,0,0,0,0,0,0,0,0,0,0,0,0,0
16,right,0.24151840806007385,0.5993902087211609,4.543515217392269e-07,0.2879891097545624,0.5175149440765381,0.0038500160444527864,0.3161318898200989,0.44562792778015137,-0.003393840044736862,0.33494165539741516,0.39919620752334595,-0.014937481842935085,0.3534356355667114,0.36443889141082764,-0.025730228051543236,0.263573557138443,0.36389583349227905,-0.012154881842434406,0.3196960985660553,0.3042912483215332,-0.026731057092547417,0.3517823815345764,0.27393192052841187,-0.03645602613687515,0.3784354031085968,0.2497115135192871,-0.04358357936143875,0.25680220127105713,0.386300265789032,-0.025445153936743736,0.34543657302856445,0.38124021887779236,-0.045372266322374344,0.3936377763748169,0.38558337092399597,-0.05407113954424858,0.4282938241958618,0.3905313014984131,-0.05895555391907692,0.25972700119018555,0.4240913391113281,-0.037523869425058365,0.3409069776535034,0.45490771532058716,-0.05225697532296181,0.3412782847881317,0.4951833188533783,-0.04794783145189285,0.3328758478164673,0.5217458009719849,-0.04303817078471184,0.26843923330307007,0.4647637605667114,-0.05054265633225441,0.33178916573524475,0.4847097098827362,-0.05731360986828804,0.3432888090610504,0.5123754739761353,-0.05022513493895531,0.3465327024459839,0.5319006443023682,-0.042779769748449326
16,left,0,0,0,0,0,0,0,0,0,0,0,0,0,0,0,0,0,0,0,0,0,0,0,0,0,0,0,0,0,0,0,0,0,0,0,0,0,0,0,0,0,0,0,0,0,0,0,0,0,0,0,0,0,0,0,0,0,0,0,0,0,0,0
17,right,0.24056121706962585,0.6022936105728149,5.673566647601547e-07,0.2814280390739441,0.5225393772125244,0.003752816701307893,0.312812477350235,0.4537394046783447,-0.005342780612409115,0.338212788105011,0.413095086812973,-0.019096100702881813,0.3626360297203064,0.38731855154037476,-0.03245224058628082,0.2731490433216095,0.3672615885734558,-0.015714062377810478,0.3287694454193115,0.316098153591156,-0.03257213532924652,0.3632991909980774,0.2869560718536377,-0.04409174993634224,0.39263415336608887,0.2626226544380188,-0.05220840498805046,0.26627668738365173,0.3891798257827759,-0.029997285455465317,0.3554447293281555,0.39409127831459045,-0.05095100775361061,0.40645432472229004,0.4002734124660492,-0.060052502900362015,0.4432413876056671,0.4089943468570709,-0.06558836251497269,0.26757362484931946,0.4278262257575989,-0.043041158467531204,0.3465821146965027,0.4648596942424774,-0.058654144406318665,0.34186530113220215,0.5029930472373962,-0.05405818670988083,0.3295828104019165,0.527947187423706,-0.049123816192150116,0.27474820613861084,0.47087228298187256,-0.057068921625614166,0.34111955761909485,0.49666810035705566,-0.06371211260557175,0.3483501374721527,0.5256344676017761,-0.0557706393301487,0.3472710847854614,0.5451595783233643,-0.04800296947360039
17,left,0,0,0,0,0,0,0,0,0,0,0,0,0,0,0,0,0,0,0,0,0,0,0,0,0,0,0,0,0,0,0,0,0,0,0,0,0,0,0,0,0,0,0,0,0,0,0,0,0,0,0,0,0,0,0,0,0,0,0,0,0,0,0
18,right,0.2423451840877533,0.6024229526519775,5.847570037076366e-07,0.27687373757362366,0.5217331051826477,0.0050298604182899,0.3096647262573242,0.4515823423862457,-0.0041324682533741,0.3421323895454407,0.4112311899662018,-0.01795876957476139,0.37190231680870056,0.3879452347755432,-0.03158976137638092,0.2796812951564789,0.3686223030090332,-0.017310747876763344,0.3397160768508911,0.32440945506095886,-0.034352853894233704,0.3753378987312317,0.29730403423309326,-0.0459882952272892,0.4058188796043396,0.27453482151031494,-0.05449281260371208,0.27371764183044434,0.3917767405509949,-0.03217253461480141,0.3601429760456085,0.40430620312690735,-0.05160848796367645,0.41073134541511536,0.4104738235473633,-0.05971192941069603,0.4494131803512573,0.4165214002132416,-0.06575201451778412,0.2752688229084015,0.43225300312042236,-0.045584749430418015,0.3526603877544403,0.4707465171813965,-0.059798985719680786,0.34729745984077454,0.506087064743042,-0.05382264405488968,0.33586594462394714,0.5287540555000305,-0.048862919211387634,0.28192880749702454,0.47781187295913696,-0.059943631291389465,0.3463585376739502,0.5027535557746887,-0.06572742015123367,0.3550788164138794,0.528119683265686,-0.05723882466554642,0.3573659658432007,0.5454623103141785,-0.0495765283703804
18,left,0,0,0,0,0,0,0,0,0,0,0,0,0,0,0,0,0,0,0,0,0,0,0,0,0,0,0,0,0,0,0,0,0,0,0,0,0,0,0,0,0,0,0,0,0,0,0,0,0,0,0,0,0,0,0,0,0,0,0,0,0,0,0
19,right,0.2454383671283722,0.6006242036819458,6.107748617978359e-07,0.27638742327690125,0.5222461223602295,0.0030914735980331898,0.3083864450454712,0.45377835631370544,-0.0072082458063960075,0.3410544693470001,0.4132428467273712,-0.021477648988366127,0.370320200920105,0.39000004529953003,-0.03555300831794739,0.2813017666339874,0.3710363507270813,-0.022280970588326454,0.3436843752861023,0.3276434540748596,-0.040738895535469055,0.37931028008461,0.3004888594150543,-0.05256210267543793,0.40969106554985046,0.2775552272796631,-0.060799490660429,0.27596235275268555,0.39437875151634216,-0.03608928993344307,0.3637291491031647,0.4049902856349945,-0.05749652162194252,0.4132043123245239,0.4137524664402008,-0.06561968475580215,0.45124733448028564,0.4230436384677887,-0.07082051783800125,0.27826422452926636,0.43439483642578125,-0.04833917319774628,0.35748568177223206,0.4738730192184448,-0.06522907316684723,0.3523653447628021,0.5112766027450562,-0.05954708904027939,0.3413628935813904,0.5361762046813965,-0.05346066877245903,0.2848297357559204,0.4796978235244751,-0.06137213110923767,0.350259393453598,0.505509078502655,-0.06895183026790619,0.360534131526947,0.5325508117675781,-0.06057445704936981,0.3646758496761322,0.552273154258728,-0.05214711278676987
19,left,0,0,0,0,0,0,0,0,0,0,0,0,0,0,0,0,0,0,0,0,0,0,0,0,0,0,0,0,0,0,0,0,0,0,0,0,0,0,0,0,0,0,0,0,0,0,0,0,0,0,0,0,0,0,0,0,0,0,0,0,0,0,0
20,right,0.24616897106170654,0.5967897772789001,6.945831501070643e-07,0.28118929266929626,0.5205623507499695,-0.00034244373091496527,0.31133055686950684,0.45236513018608093,-0.011216131038963795,0.33892130851745605,0.4089075028896332,-0.025507373735308647,0.361877977848053,0.381116658449173,-0.03913119435310364,0.2752184271812439,0.3670656979084015,-0.02089994214475155,0.33122462034225464,0.31931349635124207,-0.04193133860826492,0.3649509847164154,0.2891804277896881,-0.05601908266544342,0.3939081132411957,0.2647995054721832,-0.06529082357883453,0.26970404386520386,0.39198267459869385,-0.033983007073402405,0.35539671778678894,0.38599804043769836,-0.05967909097671509,0.4069385528564453,0.3917637765407562,-0.0704692080616951,0.446951687335968,0.4001930356025696,-0.07596731930971146,0.27263426780700684,0.43162184953689575,-0.046247921884059906,0.35458216071128845,0.4646415710449219,-0.06825155019760132,0.3508618474006653,0.5034457445144653,-0.06367573887109756,0.3396231532096863,0.5300812721252441,-0.05619726702570915,0.2801215648651123,0.4766647219657898,-0.059490978717803955,0.34631335735321045,0.497014582157135,-0.0712573379278183,0.35827338695526123,0.5244613885879517,-0.06351721286773682,0.36274272203445435,0.5461241602897644,-0.05419263243675232
20,left,0,0,0,0,0,0,0,0,0,0,0,0,0,0,0,0,0,0,0,0,0,0,0,0,0,0,0,0,0,0,0,0,0,0,0,0,0,0,0,0,0,0,0,0,0,0,0,0,0,0,0,0,0,0,0,0,0,0,0,0,0,0,0
21,right,0.24947406351566315,0.5954395532608032,7.094178613442637e-07,0.2899811565876007,0.5192735195159912,-0.003575877519324422,0.3105170428752899,0.4511529207229614,-0.013221222907304764,0.3241150677204132,0.39755603671073914,-0.025715086609125137,0.3327784538269043,0.3476707339286804,-0.03620566055178642,0.25791218876838684,0.37032997608184814,-0.015515096485614777,0.30600887537002563,0.3079799711704254,-0.0338299497961998,0.3337780833244324,0.2716090977191925,-0.045168906450271606,0.355307400226593,0.2414379119873047,-0.05191682279109955,0.2518579065799713,0.39173975586891174,-0.02503838948905468,0.33324241638183594,0.3671624958515167,-0.04918352887034416,0.3852047324180603,0.3606873154640198,-0.05927582457661629,0.42547276616096497,0.3587093949317932,-0.06380856037139893,0.25612151622772217,0.42618706822395325,-0.034796092659235,0.34279143810272217,0.4501742720603943,-0.059029728174209595,0.34675899147987366,0.4961457848548889,-0.05579848960042,0.3400327265262604,0.5304622650146484,-0.04746317118406296,0.26800158619880676,0.46543997526168823,-0.04558146372437477,0.3343956172466278,0.4779896140098572,-0.06072895601391792,0.3502572774887085,0.5084286332130432,-0.05535423383116722,0.3576472997665405,0.5368049740791321,-0.04642496630549431
21,left,0,0,0,0,0,0,0,0,0,0,0,0,0,0,0,0,0,0,0,0,0,0,0,0,0,0,0,0,0,0,0,0,0,0,0,0,0,0,0,0,0,0,0,0,0,0,0,0,0,0,0,0,0,0,0,0,0,0,0,0,0,0,0
22,right,0.24789965152740479,0.5954541563987732,7.298455102500156e-07,0.2947099506855011,0.5205947160720825,-0.0025821938179433346,0.316864013671875,0.45474347472190857,-0.014906522817909718,0.33476191759109497,0.4135684370994568,-0.030586091801524162,0.35291439294815063,0.38128718733787537,-0.045103609561920166,0.24924883246421814,0.369998037815094,-0.020531563088297844,0.2925771474838257,0.30120956897735596,-0.04040975496172905,0.31940194964408875,0.2559717297554016,-0.05359795317053795,0.33942142128944397,0.21892184019088745,-0.06189413368701935,0.24091356992721558,0.39032116532325745,-0.032786883413791656,0.32280099391937256,0.350129097700119,-0.05953465402126312,0.3757030963897705,0.341937392950058,-0.0707007348537445,0.4147912561893463,0.3431968092918396,-0.0747389867901802,0.24566669762134552,0.42405393719673157,-0.04428887367248535,0.3337550461292267,0.43762269616127014,-0.06926564127206802,0.33916202187538147,0.48545190691947937,-0.06485188007354736,0.3325996696949005,0.5235218405723572,-0.05504028499126434,0.25931215286254883,0.4636543393135071,-0.05676768347620964,0.328191339969635,0.46595802903175354,-0.07046779990196228,0.3463745713233948,0.49709826707839966,-0.0617835633456707,0.3553222417831421,0.5277106165885925,-0.05042613670229912
22,left,0,0,0,0,0,0,0,0,0,0,0,0,0,0,0,0,0,0,0,0,0,0,0,0,0,0,0,0,0,0,0,0,0,0,0,0,0,0,0,0,0,0,0,0,0,0,0,0,0,0,0,0,0,0,0,0,0,0,0,0,0,0,0
23,right,0.25146275758743286,0.5956426858901978,7.587449317725259e-07,0.2970203459262848,0.5110838413238525,-0.0034324333537369967,0.3129274845123291,0.44330671429634094,-0.015104341320693493,0.32332485914230347,0.39984607696533203,-0.030393224209547043,0.3344374895095825,0.36463892459869385,-0.04407352954149246,0.23842361569404602,0.3666478991508484,-0.016466479748487473,0.27461954951286316,0.2955172061920166,-0.03629421815276146,0.2971650958061218,0.2489326298236847,-0.04948969930410385,0.3146410286426544,0.21018067002296448,-0.05762360617518425,0.22806406021118164,0.38669633865356445,-0.02811896614730358,0.3046800196170807,0.3412332832813263,-0.05382872745394707,0.35562461614608765,0.3234017789363861,-0.06539446115493774,0.39452528953552246,0.3162370026111603,-0.07017232477664948,0.23194172978401184,0.41991952061653137,-0.039781153202056885,0.3206897974014282,0.4260331094264984,-0.06581073254346848,0.3290695250034332,0.473484605550766,-0.0628615990281105,0.32488730549812317,0.5120440721511841,-0.0538337305188179,0.24584202468395233,0.45926427841186523,-0.05249472334980965,0.31659287214279175,0.45484912395477295,-0.06782972812652588,0.33911728858947754,0.4845513105392456,-0.06054191663861275,0.35110238194465637,0.5145444273948669,-0.04995417967438698
23,left,0,0,0,0,0,0,0,0,0,0,0,0,0,0,0,0,0,0,0,0,0,0,0,0,0,0,0,0,0,0,0,0,0,0,0,0,0,0,0,0,0,0,0,0,0,0,0,0,0,0,0,0,0,0,0,0,0,0,0,0,0,0,0
24,right,0.2619549036026001,0.5701736211776733,8.383174758819223e-07,0.2889084815979004,0.4982241988182068,-0.008347316645085812,0.2937100827693939,0.43552589416503906,-0.023610593751072884,0.2974179983139038,0.3875434994697571,-0.041993577033281326,0.3037492632865906,0.34398937225341797,-0.057437825947999954,0.20865100622177124,0.38137757778167725,-0.02892361395061016,0.22780710458755493,0.30254438519477844,-0.055906157940626144,0.24302098155021667,0.25156134366989136,-0.07116606831550598,0.25677555799484253,0.2095712572336197,-0.07959692180156708,0.20116691291332245,0.3985157907009125,-0.03921045362949371,0.2689037621021271,0.3354599177837372,-0.0743025466799736,0.3144092857837677,0.30294907093048096,-0.08816277235746384,0.3502839505672455,0.2826578915119171,-0.09299151599407196,0.2091698944568634,0.42525821924209595,-0.04959626868367195,0.29362401366233826,0.4081732928752899,-0.08354619145393372,0.30712974071502686,0.4545901417732239,-0.07713404297828674,0.306490033864975,0.49373915791511536,-0.06324879825115204,0.2281312346458435,0.4560641646385193,-0.0612189844250679,0.29613131284713745,0.4364042282104492,-0.0818665474653244,0.3214496374130249,0.46317556500434875,-0.07315780967473984,0.33241382241249084,0.49159717559814453,-0.059997495263814926
24,left,0,0,0,0,0,0,0,0,0,0,0,0,0,0,0,0,0,0,0,0,0,0,0,0,0,0,0,0,0,0,0,0,0,0,0,0,0,0,0,0,0,0,0,0,0,0,0,0,0,0,0,0,0,0,0,0,0,0,0,0,0,0,0
25,right,0.2513619661331177,0.5834078788757324,7.370059620370739e-07,0.2821905016899109,0.49338769912719727,-0.0012414876837283373,0.2843104600906372,0.4250093996524811,-0.012217098847031593,0.28807491064071655,0.378985732793808,-0.027298858389258385,0.2963457703590393,0.3361246585845947,-0.04169251769781113,0.19279927015304565,0.3818674087524414,-0.01599634438753128,0.2083805948495865,0.3042391538619995,-0.03803392872214317,0.2225940227508545,0.24916866421699524,-0.053368210792541504,0.23443365097045898,0.2052116096019745,-0.062347475439310074,0.18724118173122406,0.4026871919631958,-0.028720421716570854,0.2503533661365509,0.32928842306137085,-0.05703513324260712,0.29528144001960754,0.2913241982460022,-0.07026699185371399,0.3297945261001587,0.27109384536743164,-0.07480717450380325,0.19920417666435242,0.4289904236793518,-0.04109057039022446,0.2848973274230957,0.4040861427783966,-0.06830146908760071,0.3060288727283478,0.44749972224235535,-0.06605486571788788,0.31176459789276123,0.48719048500061035,-0.05679447576403618,0.22053249180316925,0.4561039209365845,-0.05437014251947403,0.29129400849342346,0.430637001991272,-0.0702848806977272,0.3176608681678772,0.45543214678764343,-0.0633532851934433,0.3318551182746887,0.481038898229599,-0.05250249803066254
25,left,0,0,0,0,0,0,0,0,0,0,0,0,0,0,0,0,0,0,0,0,0,0,0,0,0,0,0,0,0,0,0,0,0,0,0,0,0,0,0,0,0,0,0,0,0,0,0,0,0,0,0,0,0,0,0,0,0,0,0,0,0,0,0
26,right,0.2546014189720154,0.584773063659668,8.006530833881698e-07,0.2780553698539734,0.4948244094848633,-0.007275837939232588,0.27160143852233887,0.43035072088241577,-0.020544208586215973,0.26603224873542786,0.3864286541938782,-0.036892011761665344,0.2629455327987671,0.3414461016654968,-0.05111553519964218,0.1757034808397293,0.39968693256378174,-0.02125900611281395,0.1868923008441925,0.3126627206802368,-0.04404643177986145,0.19661566615104675,0.25521472096443176,-0.05903032794594765,0.20367300510406494,0.20920972526073456,-0.06756750494241714,0.1715455800294876,0.42075255513191223,-0.030385982245206833,0.22760121524333954,0.3409186005592346,-0.059041354805231094,0.2694583833217621,0.2961627244949341,-0.07164862751960754,0.3016462028026581,0.26671943068504333,-0.07630333304405212,0.1850171983242035,0.44340425729751587,-0.03981855511665344,0.2672410309314728,0.40606507658958435,-0.0681743249297142,0.2916165590286255,0.4494529366493225,-0.06487599015235901,0.3006601631641388,0.48901790380477905,-0.05456320568919182,0.20875553786754608,0.46447935700416565,-0.05064931511878967,0.2743750810623169,0.4310026168823242,-0.06766659021377563,0.3034921884536743,0.4504477381706238,-0.060825467109680176,0.3217669427394867,0.4726618528366089,-0.049678295850753784
26,left,0,0,0,0,0,0,0,0,0,0,0,0,0,0,0,0,0,0,0,0,0,0,0,0,0,0,0,0,0,0,0,0,0,0,0,0,0,0,0,0,0,0,0,0,0,0,0,0,0,0,0,0,0,0,0,0,0,0,0,0,0,0,0
27,right,0.2542817294597626,0.5892891883850098,6.690171403533896e-07,0.27936822175979614,0.49442073702812195,-0.001861091353930533,0.27657145261764526,0.4280811548233032,-0.012349232099950314,0.2743779718875885,0.3866337239742279,-0.026737580075860023,0.2712725102901459,0.3450019955635071,-0.04016200080513954,0.18059973418712616,0.3940197825431824,-0.018431317061185837,0.18866808712482452,0.31150728464126587,-0.039285317063331604,0.196794331073761,0.2569665312767029,-0.05387523025274277,0.20345771312713623,0.21115610003471375,-0.06310677528381348,0.1752496361732483,0.4178144037723541,-0.030832739546895027,0.23002782464027405,0.33779177069664,-0.05744050443172455,0.2681981921195984,0.2926604747772217,-0.07093396782875061,0.3003826141357422,0.26348352432250977,-0.07707217335700989,0.18790976703166962,0.44418954849243164,-0.04282530024647713,0.2697971761226654,0.40925440192222595,-0.06837072223424911,0.2925805151462555,0.4497494399547577,-0.06715128570795059,0.30195629596710205,0.48788347840309143,-0.06006428599357605,0.21040937304496765,0.4682351350784302,-0.05586935207247734,0.27632635831832886,0.43629610538482666,-0.07197531312704086,0.3066602945327759,0.4509608745574951,-0.06683938950300217,0.32772141695022583,0.4680933952331543,-0.058062657713890076
27,left,0,0,0,0,0,0,0,0,0,0,0,0,0,0,0,0,0,0,0,0,0,0,0,0,0,0,0,0,0,0,0,0,0,0,0,0,0,0,0,0,0,0,0,0,0,0,0,0,0,0,0,0,0,0,0,0,0,0,0,0,0,0,0
28,right,0.25562143325805664,0.5891022086143494,6.900558560118952e-07,0.28229787945747375,0.49398383498191833,-0.004242191091179848,0.27970969676971436,0.43049129843711853,-0.016434049233794212,0.27789008617401123,0.3876790404319763,-0.032530102878808975,0.27557599544525146,0.34218478202819824,-0.04731054976582527,0.1823626160621643,0.3974924087524414,-0.019683605059981346,0.19089436531066895,0.3116721510887146,-0.04302409663796425,0.19950519502162933,0.2554411292076111,-0.05880993232131004,0.207538440823555,0.20993167161941528,-0.06828687340021133,0.17759910225868225,0.4203921854496002,-0.03161473572254181,0.23178724944591522,0.3372895121574402,-0.06127104163169861,0.2709653377532959,0.2918922007083893,-0.07550744712352753,0.3033767640590668,0.26319456100463867,-0.08137611299753189,0.19037240743637085,0.4453519880771637,-0.04357188194990158,0.272853821516037,0.4060448110103607,-0.0722423866391182,0.29629820585250854,0.44675299525260925,-0.07051397860050201,0.30534785985946655,0.4855540990829468,-0.06188809871673584,0.21284757554531097,0.468445360660553,-0.05676751211285591,0.2787801921367645,0.4350530803203583,-0.07451796531677246,0.30814436078071594,0.4514116048812866,-0.06869848072528839,0.3275896906852722,0.471120685338974,-0.058744922280311584
28,left,0,0,0,0,0,0,0,0,0,0,0,0,0,0,0,0,0,0,0,0,0,0,0,0,0,0,0,0,0,0,0,0,0,0,0,0,0,0,0,0,0,0,0,0,0,0,0,0,0,0,0,0,0,0,0,0,0,0,0,0,0,0,0
29,right,0.2578308880329132,0.5905258059501648,6.734109661010734e-07,0.28337007761001587,0.4958570897579193,-0.004236789420247078,0.2801964282989502,0.43054747581481934,-0.01596745476126671,0.2780124843120575,0.38637736439704895,-0.03139451518654823,0.27626341581344604,0.34093955159187317,-0.04557664319872856,0.18421703577041626,0.396602064371109,-0.019594132900238037,0.19268302619457245,0.31258243322372437,-0.04249853640794754,0.20172449946403503,0.25664740800857544,-0.05827990174293518,0.20974253118038177,0.21151602268218994,-0.0679003968834877,0.17903046309947968,0.42001256346702576,-0.03134242072701454,0.23314431309700012,0.3398071229457855,-0.06014194339513779,0.27263882756233215,0.2952127456665039,-0.07401784509420395,0.3049057424068451,0.2669527530670166,-0.07982700318098068,0.19149355590343475,0.44644707441329956,-0.043091654777526855,0.2746480703353882,0.40870699286460876,-0.07114224880933762,0.2986043393611908,0.4489297866821289,-0.06916140764951706,0.30759644508361816,0.4870782792568207,-0.06053810566663742,0.21351464092731476,0.4715108573436737,-0.05609605833888054,0.280375212430954,0.43846309185028076,-0.07370901852846146,0.30987900495529175,0.4543340504169464,-0.06782988458871841,0.32902592420578003,0.4734143316745758,-0.057854533195495605
29,left,0,0,0,0,0,0,0,0,0,0,0,0,0,0,0,0,0,0,0,0,0,0,0,0,0,0,0,0,0,0,0,0,0,0,0,0,0,0,0,0,0,0,0,0,0,0,0,0,0,0,0,0,0,0,0,0,0,0,0,0,0,0,0
30,right,0.2592245638370514,0.5922430157661438,6.765433226973983e-07,0.28524458408355713,0.49656519293785095,-0.0029028942808508873,0.2820124328136444,0.4307677447795868,-0.014388513751327991,0.28042691946029663,0.3865058720111847,-0.02976931445300579,0.2806287407875061,0.340304970741272,-0.04397914931178093,0.18512865900993347,0.39743155241012573,-0.018966278061270714,0.19493255019187927,0.3119998574256897,-0.041378870606422424,0.20398388803005219,0.2561125159263611,-0.05670533701777458,0.21230730414390564,0.21106047928333282,-0.06610214710235596,0.18088282644748688,0.4205203354358673,-0.031281378120183945,0.23634879291057587,0.3379760682582855,-0.05989211052656174,0.2762039303779602,0.29451918601989746,-0.07369625568389893,0.3089739680290222,0.2678486704826355,-0.079478919506073,0.19417057931423187,0.4460808336734772,-0.04340062662959099,0.2757987678050995,0.40745529532432556,-0.0711616575717926,0.2989441752433777,0.44773218035697937,-0.06963749974966049,0.3076426684856415,0.48619893193244934,-0.061549197882413864,0.21703249216079712,0.46960049867630005,-0.05656848102807999,0.2831188440322876,0.4360766112804413,-0.07385917752981186,0.3126450181007385,0.4523065686225891,-0.06820261478424072,0.3320394456386566,0.47192174196243286,-0.05856891721487045
30,left,0,0,0,0,0,0,0,0,0,0,0,0,0,0,0,0,0,0,0,0,0,0,0,0,0,0,0,0,0,0,0,0,0,0,0,0,0,0,0,0,0,0,0,0,0,0,0,0,0,0,0,0,0,0,0,0,0,0,0,0,0,0,0
31,right,0.260868102312088,0.5923426151275635,6.806412784499116e-07,0.2854231297969818,0.49703025817871094,-0.003257772186771035,0.2818599343299866,0.42977821826934814,-0.01476992480456829,0.2799648344516754,0.3854135572910309,-0.03024331107735634,0.27952951192855835,0.3398456573486328,-0.04454765096306801,0.18632560968399048,0.39680302143096924,-0.018881363794207573,0.19444765150547028,0.31192177534103394,-0.04134393855929375,0.20459920167922974,0.2562559247016907,-0.056662220507860184,0.21423162519931793,0.21207350492477417,-0.06581088155508041,0.18108782172203064,0.41992586851119995,-0.030928250402212143,0.23664289712905884,0.3386877179145813,-0.059352826327085495,0.27706146240234375,0.2946317493915558,-0.0729019045829773,0.3101254999637604,0.26825278997421265,-0.07835837453603745,0.19349785149097443,0.4460604786872864,-0.04288356378674507,0.2753032445907593,0.4066782295703888,-0.07060908526182175,0.29979538917541504,0.4469760060310364,-0.06888549029827118,0.30956441164016724,0.48598814010620117,-0.060434114187955856,0.2157800942659378,0.4703855514526367,-0.055920884013175964,0.2828996181488037,0.4355854094028473,-0.0730520710349083,0.3127041459083557,0.45173323154449463,-0.06716457009315491,0.3322538435459137,0.47169098258018494,-0.05719919130206108
31,left,0,0,0,0,0,0,0,0,0,0,0,0,0,0,0,0,0,0,0,0,0,0,0,0,0,0,0,0,0,0,0,0,0,0,0,0,0,0,0,0,0,0,0,0,0,0,0,0,0,0,0,0,0,0,0,0,0,0,0,0,0,0,0
32,right,0.259750634431839,0.5922508239746094,6.775476890652499e-07,0.28408846259117126,0.49445733428001404,-0.003818277968093753,0.28135108947753906,0.42708662152290344,-0.015760960057377815,0.2799421548843384,0.38346046209335327,-0.03159887716174126,0.28004345297813416,0.3380163013935089,-0.04621480032801628,0.1861470490694046,0.39633655548095703,-0.018425829708576202,0.19458676874637604,0.31224656105041504,-0.04130282998085022,0.2045430988073349,0.25685781240463257,-0.0569731667637825,0.21390925347805023,0.21257343888282776,-0.06637007743120193,0.1818409264087677,0.41971248388290405,-0.03039480373263359,0.23680314421653748,0.338956356048584,-0.05901101604104042,0.276917964220047,0.29541075229644775,-0.07281432300806046,0.30948543548583984,0.26839643716812134,-0.07856820523738861,0.19478432834148407,0.44604209065437317,-0.042428795248270035,0.27604931592941284,0.40573325753211975,-0.07051961123943329,0.30024051666259766,0.4452899694442749,-0.06903927773237228,0.3095932602882385,0.48315271735191345,-0.06079413369297981,0.21746528148651123,0.4703148603439331,-0.05559610202908516,0.283662348985672,0.4355871081352234,-0.07285864651203156,0.3129507303237915,0.4512547552585602,-0.06714458763599396,0.3319746255874634,0.4703017771244049,-0.057395387440919876
32,left,0,0,0,0,0,0,0,0,0,0,0,0,0,0,0,0,0,0,0,0,0,0,0,0,0,0,0,0,0,0,0,0,0,0,0,0,0,0,0,0,0,0,0,0,0,0,0,0,0,0,0,0,0,0,0,0,0,0,0,0,0,0,0
33,right,0.26083552837371826,0.5916014313697815,6.90492527155584e-07,0.2859070897102356,0.49432122707366943,-0.004364142194390297,0.28208789229393005,0.42712804675102234,-0.016577206552028656,0.2793164849281311,0.3834419250488281,-0.03251678869128227,0.27845266461372375,0.33876779675483704,-0.047175779938697815,0.18670634925365448,0.39707809686660767,-0.01989535428583622,0.1951197385787964,0.3121098279953003,-0.04346416890621185,0.20535285770893097,0.2563171088695526,-0.05946899577975273,0.21502910554409027,0.21202270686626434,-0.06901807337999344,0.18152070045471191,0.4203808307647705,-0.03157879412174225,0.2367960810661316,0.3391925096511841,-0.06108427047729492,0.2776530086994171,0.2960972189903259,-0.07480687648057938,0.3108099102973938,0.2702784538269043,-0.08026255667209625,0.19374988973140717,0.4463544189929962,-0.04334571212530136,0.2746163606643677,0.40561649203300476,-0.0720505490899086,0.2989611327648163,0.4452577829360962,-0.07033106684684753,0.30854862928390503,0.4837680459022522,-0.061788056045770645,0.2158719152212143,0.4704677164554596,-0.05628771334886551,0.2833941876888275,0.43553024530410767,-0.07408558577299118,0.3130481243133545,0.4520523250102997,-0.06839936226606369,0.3319944739341736,0.47214460372924805,-0.05855827406048775
33,left,0,0,0,0,0,0,0,0,0,0,0,0,0,0,0,0,0,0,0,0,0,0,0,0,0,0,0,0,0,0,0,0,0,0,0,0,0,0,0,0,0,0,0,0,0,0,0,0,0,0,0,0,0,0,0,0,0,0,0,0,0,0,0
34,right,0.2603728175163269,0.5922895073890686,6.750489092155476e-07,0.28520888090133667,0.4952349066734314,-0.004266797099262476,0.28150296211242676,0.42719775438308716,-0.016145672649145126,0.27905571460723877,0.3821982443332672,-0.03175301477313042,0.2797284722328186,0.33611729741096497,-0.04613054543733597,0.18665650486946106,0.3969370722770691,-0.019277231767773628,0.19537308812141418,0.31261932849884033,-0.042156513780355453,0.20522969961166382,0.25726547837257385,-0.057743944227695465,0.21438519656658173,0.21303178369998932,-0.06711483746767044,0.18184876441955566,0.42006662487983704,-0.030812596902251244,0.23691542446613312,0.33954113721847534,-0.05939929932355881,0.2770516872406006,0.2958442270755768,-0.0729173794388771,0.3097837567329407,0.2689647078514099,-0.07840780168771744,0.1942977011203766,0.44613176584243774,-0.0424114391207695,0.2755226790904999,0.4062274992465973,-0.07060302048921585,0.29985669255256653,0.44547954201698303,-0.06907041370868683,0.3096673786640167,0.48347651958465576,-0.06071630120277405,0.21633796393871307,0.47026383876800537,-0.0551598034799099,0.2833109498023987,0.43554896116256714,-0.07269878685474396,0.31286945939064026,0.4512278437614441,-0.06713218986988068,0.33218589425086975,0.4705822765827179,-0.05739063769578934
34,left,0,0,0,0,0,0,0,0,0,0,0,0,0,0,0,0,0,0,0,0,0,0,0,0,0,0,0,0,0,0,0,0,0,0,0,0,0,0,0,0,0,0,0,0,0,0,0,0,0,0,0,0,0,0,0,0,0,0,0,0,0,0,0
35,right,0.25981608033180237,0.5928270816802979,6.796739739911573e-07,0.2839099168777466,0.4961399435997009,-0.003894501132890582,0.27980706095695496,0.42782679200172424,-0.015759307891130447,0.27773410081863403,0.38301733136177063,-0.03136704862117767,0.2789686918258667,0.3383956849575043,-0.045808833092451096,0.1856042742729187,0.397369384765625,-0.019677605479955673,0.1941567063331604,0.312666654586792,-0.042488958686590195,0.20421701669692993,0.2572234272956848,-0.05806881561875343,0.2137186974287033,0.21347662806510925,-0.06742563843727112,0.1808357536792755,0.4206496477127075,-0.031362175941467285,0.23677028715610504,0.3395046591758728,-0.06003251299262047,0.2775569260120392,0.29591113328933716,-0.07360690087080002,0.31053024530410767,0.2697720527648926,-0.079112209379673,0.1935451179742813,0.4465527832508087,-0.04295134171843529,0.2742820382118225,0.4056115448474884,-0.07065584510564804,0.29828524589538574,0.44484466314315796,-0.06878692656755447,0.30779027938842773,0.4832621216773987,-0.060375574976205826,0.21602454781532288,0.47054678201675415,-0.05569067597389221,0.28297358751296997,0.43521222472190857,-0.07280763238668442,0.31218403577804565,0.45145049691200256,-0.06693493574857712,0.3312717378139496,0.4714217483997345,-0.05704665929079056
35,left,0,0,0,0,0,0,0,0,0,0,0,0,0,0,0,0,0,0,0,0,0,0,0,0,0,0,0,0,0,0,0,0,0,0,0,0,0,0,0,0,0,0,0,0,0,0,0,0,0,0,0,0,0,0,0,0,0,0,0,0,0,0,0
36,right,0.25963836908340454,0.5925415754318237,6.760733413102571e-07,0.2842501401901245,0.49489906430244446,-0.004102329257875681,0.2806812822818756,0.42699286341667175,-0.016126878559589386,0.2787172794342041,0.3821801245212555,-0.032014064490795135,0.2799324095249176,0.3354741632938385,-0.04667593538761139,0.18541261553764343,0.39745983481407166,-0.019013158977031708,0.19437944889068604,0.313004732131958,-0.04221488535404205,0.20459310710430145,0.257537841796875,-0.05802888795733452,0.2141261249780655,0.21340274810791016,-0.06748990714550018,0.18087197840213776,0.42142120003700256,-0.030874643474817276,0.23621715605258942,0.34065040946006775,-0.059997715055942535,0.27666300535202026,0.29729628562927246,-0.07346177846193314,0.30923566222190857,0.2706003487110138,-0.07882137596607208,0.19342006742954254,0.44801101088523865,-0.04287012293934822,0.274730384349823,0.40639984607696533,-0.07161279022693634,0.29931992292404175,0.446321964263916,-0.06960904598236084,0.3088735342025757,0.48477545380592346,-0.0607965812087059,0.2154664397239685,0.4726037085056305,-0.05602014437317848,0.28235387802124023,0.4361264407634735,-0.0739227682352066,0.3117404878139496,0.452818900346756,-0.06795376539230347,0.3304927349090576,0.47323936223983765,-0.05785806104540825
36,left,0,0,0,0,0,0,0,0,0,0,0,0,0,0,0,0,0,0,0,0,0,0,0,0,0,0,0,0,0,0,0,0,0,0,0,0,0,0,0,0,0,0,0,0,0,0,0,0,0,0,0,0,0,0,0,0,0,0,0,0,0,0,0
