0.7457249760627747,0.8139424920082092,-0.5232577919960022,0.35804179310798645,0.8380280137062073,-0.1553022861480713
0.7457388639450073,0.8140903115272522,-0.5191094875335693,0.3584766983985901,0.8382987380027771,-0.1621817946434021
0.7457709312438965,0.8144449591636658,-0.5411244034767151,0.35877877473831177,0.8383133411407471,-0.16450932621955872
0.7457410097122192,0.8145333528518677,-0.5494407415390015,0.3589305579662323,0.8380259871482849,-0.16098652780056
0.7456041574478149,0.8145576119422913,-0.5088680982589722,0.35923710465431213,0.837824821472168,-0.1380317360162735
0.7453790307044983,0.8148325681686401,-0.5110991597175598,0.35936081409454346,0.8377391695976257,-0.14036023616790771
0.7450514435768127,0.8148562908172607,-0.51081782579422,0.35935619473457336,0.8377832770347595,-0.126816987991333
0.745054304599762,0.8153762221336365,-0.5131831765174866,0.35968950390815735,0.8375824689865112,-0.13309668004512787
0.7446218729019165,0.8153987526893616,-0.5091490149497986,0.35970303416252136,0.8371480703353882,-0.13666163384914398
0.7438009977340698,0.8154183626174927,-0.4999127984046936,0.3597162663936615,0.8366119265556335,-0.1384049355983734
0.7433222532272339,0.8154085278511047,-0.5057142972946167,0.3596697449684143,0.8364875912666321,-0.1399814784526825
0.7428158521652222,0.8154162764549255,-0.5221790671348572,0.3596961200237274,0.8365291357040405,-0.1497124284505844
0.7426019310951233,0.8154252767562866,-0.49173682928085327,0.3596791625022888,0.8367384076118469,-0.13549116253852844
0.7422634363174438,0.8154348134994507,-0.5179922580718994,0.3596562147140503,0.8367113471031189,-0.15106849372386932
0.7415761947631836,0.8152467012405396,-0.4668274521827698,0.35954123735427856,0.8365362882614136,-0.13222721219062805
0.7414067387580872,0.8152519464492798,-0.4711827337741852,0.35953113436698914,0.8361902236938477,-0.13215692341327667
0.740960955619812,0.815209150314331,-0.4759100377559662,0.3593115210533142,0.8355693817138672,-0.13173489272594452
0.7407487630844116,0.8151734471321106,-0.4808421730995178,0.3589966893196106,0.8346267938613892,-0.12906567752361298
0.740626335144043,0.8151550889015198,-0.47106194496154785,0.3589840233325958,0.8338660001754761,-0.12303771078586578
0.7405060529708862,0.8149394392967224,-0.4696219563484192,0.3589508831501007,0.8314168453216553,-0.11745835840702057
0.740426242351532,0.8145089745521545,-0.48680442571640015,0.3592981696128845,0.8312960863113403,-0.11681653559207916
0.7401888966560364,0.8144062161445618,-0.4823300242424011,0.35930129885673523,0.8310651183128357,-0.11004041135311127
0.7399762272834778,0.8144070506095886,-0.4569569230079651,0.35929784178733826,0.8308867812156677,-0.11038094758987427
0.7399481534957886,0.8144164681434631,-0.4786311686038971,0.3593360185623169,0.8304107785224915,-0.11166776716709137
0.7397308349609375,0.8144102692604065,-0.4645848274230957,0.35928043723106384,0.8299961090087891,-0.10999678075313568
0.7391340732574463,0.8143768906593323,-0.5161221027374268,0.35926270484924316,0.8280722498893738,-0.16782580316066742
0.7388959527015686,0.814066469669342,-0.5112828612327576,0.3590366542339325,0.8262473940849304,-0.16233447194099426
0.7387892007827759,0.8139458298683167,-0.5225527286529541,0.3590756356716156,0.8257333636283875,-0.20277972519397736
0.738653838634491,0.8138623833656311,-0.5192520618438721,0.3590443432331085,0.8253015875816345,-0.19879169762134552
0.7386210560798645,0.8137073516845703,-0.5167773962020874,0.3588651716709137,0.8236860632896423,-0.19654861092567444
0.738594651222229,0.8131582140922546,-0.5140616297721863,0.35885658860206604,0.8234026432037354,-0.18679381906986237
0.738581120967865,0.8128385543823242,-0.4905301630496979,0.35883039236068726,0.8234156370162964,-0.16234098374843597
0.7385504245758057,0.8119627833366394,-0.49564677476882935,0.35882773995399475,0.8234624266624451,-0.16578586399555206
0.7385369539260864,0.8119458556175232,-0.5105288028717041,0.3588694930076599,0.8234614133834839,-0.16346928477287292
0.7385659217834473,0.811957061290741,-0.49476704001426697,0.3588659167289734,0.8235897421836853,-0.14588788151741028
0.7385229468345642,0.8118835687637329,-0.49898943305015564,0.3588253855705261,0.8248215317726135,-0.14663872122764587
