0.7693364024162292,0.8266239762306213,-0.25276535749435425,0.39102280139923096,0.8220588564872742,-0.030750274658203125
0.7692877054214478,0.8269274830818176,-0.2520318627357483,0.3909674286842346,0.82501620054245,-0.011397350579500198
0.7690319418907166,0.8267834782600403,-0.252385675907135,0.3906216621398926,0.8263213038444519,-0.020405147224664688
0.7691173553466797,0.8269630074501038,-0.2663958966732025,0.39022961258888245,0.828900933265686,-0.025040417909622192
0.7691105604171753,0.8271321058273315,-0.2887972891330719,0.390159010887146,0.8298278450965881,-0.05743743106722832
0.7693408727645874,0.827197253704071,-0.29122868180274963,0.3901735842227936,0.829776406288147,-0.062270618975162506
0.7692623138427734,0.8272237181663513,-0.2891915738582611,0.39010104537010193,0.8297431468963623,-0.06331412494182587
0.7692756056785583,0.827314019203186,-0.28933656215667725,0.39014703035354614,0.8295066952705383,-0.08236117660999298
0.7692604660987854,0.8274246454238892,-0.2875746190547943,0.3907337486743927,0.8293889760971069,-0.0855400562286377
0.7693465948104858,0.8278923034667969,-0.28575599193573,0.3909643292427063,0.8289058208465576,-0.08403535187244415
0.7693984508514404,0.8282068967819214,-0.2861098051071167,0.3910539746284485,0.8288837671279907,-0.0834728330373764
0.7697762250900269,0.828857421875,-0.28755319118499756,0.3914600908756256,0.8286040425300598,-0.08074178546667099
0.7698981165885925,0.8291382193565369,-0.3147810995578766,0.39189213514328003,0.8281645178794861,-0.09046070277690887
0.7702767252922058,0.8293306231498718,-0.31048813462257385,0.39221101999282837,0.8269444108009338,-0.08806044608354568
0.7705631852149963,0.8300222158432007,-0.3073107898235321,0.3922284245491028,0.8268182873725891,-0.08787741512060165
0.7705752849578857,0.8300861716270447,-0.3048258125782013,0.3923420011997223,0.8264749646186829,-0.09233931452035904
0.770586371421814,0.830153226852417,-0.30388420820236206,0.3923562169075012,0.8259965777397156,-0.0916784256696701
0.7706307172775269,0.8303497433662415,-0.2856300175189972,0.3924596905708313,0.8259682059288025,-0.08661942183971405
0.7706190347671509,0.8304134011268616,-0.2863394618034363,0.39261963963508606,0.8258434534072876,-0.08665409684181213
0.7706516981124878,0.8305349349975586,-0.3289332687854767,0.3929332196712494,0.825474739074707,-0.13051661849021912
0.7706049680709839,0.8306742906570435,-0.33435875177383423,0.39295634627342224,0.825232744216919,-0.1714899092912674
0.7705944180488586,0.830714762210846,-0.330070823431015,0.39298173785209656,0.8252097964286804,-0.1806589663028717
0.7704821228981018,0.8306918740272522,-0.32731369137763977,0.39300113916397095,0.8251847624778748,-0.17865745723247528
0.7704815864562988,0.8307272791862488,-0.29533544182777405,0.39295464754104614,0.8251060247421265,-0.14745406806468964
0.7706657648086548,0.8307244181632996,-0.27720993757247925,0.3929624557495117,0.8243393301963806,-0.1457529366016388
0.7706880569458008,0.8307796716690063,-0.29834550619125366,0.3928442597389221,0.8242664933204651,-0.18615905940532684
0.7706789970397949,0.8307939171791077,-0.28507739305496216,0.3926602900028229,0.8239045739173889,-0.17546889185905457
0.7706816792488098,0.8306361436843872,-0.2831685245037079,0.39265382289886475,0.8237059712409973,-0.16901782155036926
0.7706953287124634,0.8306552171707153,-0.2758197486400604,0.3926314413547516,0.8236391544342041,-0.15762358903884888
0.7706748247146606,0.8307531476020813,-0.2800050675868988,0.39227813482284546,0.8230672478675842,-0.14199687540531158
0.7707186937332153,0.8308337926864624,-0.27662062644958496,0.39210766553878784,0.822618305683136,-0.1410622000694275
0.7707598209381104,0.8310969471931458,-0.3068801164627075,0.39074987173080444,0.8225890398025513,-0.1612713783979416
0.7707010507583618,0.830733597278595,-0.281768262386322,0.39068788290023804,0.8226431012153625,-0.16111133992671967
0.770599365234375,0.8305506110191345,-0.3072879910469055,0.3905135989189148,0.8224973678588867,-0.18306902050971985
0.7705995440483093,0.8305327892303467,-0.2918882966041565,0.39044153690338135,0.8228169679641724,-0.1651068776845932
0.7706867456436157,0.8307659029960632,-0.3279045820236206,0.39005255699157715,0.8230856657028198,-0.19394418597221375
