1,right,0,0,0,0,0,0,0,0,0,0,0,0,0,0,0,0,0,0,0,0,0,0,0,0,0,0,0,0,0,0,0,0,0,0,0,0,0,0,0,0,0,0,0,0,0,0,0,0,0,0,0,0,0,0,0,0,0,0,0,0,0,0,0
1,left,0,0,0,0,0,0,0,0,0,0,0,0,0,0,0,0,0,0,0,0,0,0,0,0,0,0,0,0,0,0,0,0,0,0,0,0,0,0,0,0,0,0,0,0,0,0,0,0,0,0,0,0,0,0,0,0,0,0,0,0,0,0,0
2,right,0,0,0,0,0,0,0,0,0,0,0,0,0,0,0,0,0,0,0,0,0,0,0,0,0,0,0,0,0,0,0,0,0,0,0,0,0,0,0,0,0,0,0,0,0,0,0,0,0,0,0,0,0,0,0,0,0,0,0,0,0,0,0
2,left,0,0,0,0,0,0,0,0,0,0,0,0,0,0,0,0,0,0,0,0,0,0,0,0,0,0,0,0,0,0,0,0,0,0,0,0,0,0,0,0,0,0,0,0,0,0,0,0,0,0,0,0,0,0,0,0,0,0,0,0,0,0,0
3,right,0,0,0,0,0,0,0,0,0,0,0,0,0,0,0,0,0,0,0,0,0,0,0,0,0,0,0,0,0,0,0,0,0,0,0,0,0,0,0,0,0,0,0,0,0,0,0,0,0,0,0,0,0,0,0,0,0,0,0,0,0,0,0
3,left,0,0,0,0,0,0,0,0,0,0,0,0,0,0,0,0,0,0,0,0,0,0,0,0,0,0,0,0,0,0,0,0,0,0,0,0,0,0,0,0,0,0,0,0,0,0,0,0,0,0,0,0,0,0,0,0,0,0,0,0,0,0,0
4,right,0.3013722896575928,0.8479706645011902,-1.427516593821565e-07,0.3509085178375244,0.8553892374038696,-0.004262913949787617,0.3915662169456482,0.9024114608764648,-0.012788855470716953,0.4098138213157654,0.9561371207237244,-0.020374881103634834,0.4143364429473877,0.9983686208724976,-0.027069097384810448,0.39748629927635193,0.8979921936988831,-0.03818317875266075,0.428926944732666,0.9923973679542542,-0.05156482011079788,0.4267878532409668,1.02147376537323,-0.05250735953450203,0.4175906479358673,1.03458571434021,-0.05104062706232071,0.3680691123008728,0.9188644886016846,-0.04128260165452957,0.393573135137558,1.0148334503173828,-0.05517754331231117,0.3853948414325714,1.0120820999145508,-0.052270032465457916,0.37255382537841797,0.9906945824623108,-0.049057066440582275,0.338072270154953,0.9408818483352661,-0.04278215393424034,0.36698251962661743,1.0258336067199707,-0.05142302066087723,0.35978031158447266,1.0165035724639893,-0.04214106500148773,0.34867116808891296,0.9925415515899658,-0.03537822887301445,0.3141789138317108,0.9629260897636414,-0.04428132623434067,0.3382635712623596,1.027579426765442,-0.04882943257689476,0.3346889317035675,1.0216656923294067,-0.042398713529109955,0.32670724391937256,1.0019508600234985,-0.03757690638303757
4,left,0,0,0,0,0,0,0,0,0,0,0,0,0,0,0,0,0,0,0,0,0,0,0,0,0,0,0,0,0,0,0,0,0,0,0,0,0,0,0,0,0,0,0,0,0,0,0,0,0,0,0,0,0,0,0,0,0,0,0,0,0,0,0
5,right,0.3013436794281006,0.7792701721191406,-2.498998981081968e-07,0.35106393694877625,0.7985233068466187,0.0029464594554156065,0.3936445116996765,0.8540338277816772,-0.009430637583136559,0.4164358377456665,0.9111265540122986,-0.0202447772026062,0.41971462965011597,0.9409834742546082,-0.028400888666510582,0.3934170603752136,0.8182114362716675,-0.06103822961449623,0.4227023720741272,0.909716010093689,-0.07001608610153198,0.408987432718277,0.9023116230964661,-0.05700983479619026,0.3974965810775757,0.8783037662506104,-0.0458356998860836,0.3615204095840454,0.8262383341789246,-0.07034652680158615,0.3916286528110504,0.9265985488891602,-0.07923822104930878,0.3803494870662689,0.9068317413330078,-0.05980076268315315,0.3696005046367645,0.8734734654426575,-0.0476623959839344,0.3306572437286377,0.8425164222717285,-0.07591038942337036,0.363605260848999,0.937159538269043,-0.0767243430018425,0.3530811369419098,0.9148301482200623,-0.05224040150642395,0.34124261140823364,0.8845772743225098,-0.03900447487831116,0.3020220100879669,0.8618427515029907,-0.08106503635644913,0.33127281069755554,0.9361540675163269,-0.07612284272909164,0.3265851140022278,0.9178345203399658,-0.05950239300727844,0.3175663352012634,0.892214298248291,-0.05095917731523514
5,left,0,0,0,0,0,0,0,0,0,0,0,0,0,0,0,0,0,0,0,0,0,0,0,0,0,0,0,0,0,0,0,0,0,0,0,0,0,0,0,0,0,0,0,0,0,0,0,0,0,0,0,0,0,0,0,0,0,0,0,0,0,0,0
6,right,0.299887090921402,0.7242533564567566,-7.890499631457715e-08,0.35354331135749817,0.7462990880012512,-0.007346715312451124,0.39749979972839355,0.8109465837478638,-0.02485085092484951,0.4117288291454315,0.8764089345932007,-0.039433300495147705,0.4014213979244232,0.8975427746772766,-0.05064509063959122,0.3946744501590729,0.7556451559066772,-0.0702008605003357,0.4157494306564331,0.8584229350090027,-0.08736562728881836,0.401174396276474,0.8507974743843079,-0.0816086158156395,0.3884119987487793,0.8211541175842285,-0.07518784701824188,0.3596521317958832,0.7612970471382141,-0.07729791104793549,0.3821520507335663,0.8758954405784607,-0.09291327744722366,0.37062108516693115,0.8566373586654663,-0.07666658610105515,0.36283358931541443,0.8206518292427063,-0.06678105890750885,0.32650381326675415,0.7769376039505005,-0.08210674673318863,0.3523734509944916,0.8842756748199463,-0.08812111616134644,0.34342896938323975,0.8640479445457458,-0.06512174010276794,0.3349694013595581,0.8330228328704834,-0.052263256162405014,0.2960941791534424,0.7980354428291321,-0.08777579665184021,0.3221437931060791,0.8842533826828003,-0.0848802998661995,0.3182668387889862,0.865872859954834,-0.0684833824634552,0.31110042333602905,0.8353495001792908,-0.060182783752679825
6,left,0.43689027428627014,0.5989251732826233,-1.9823518382366956e-09,0.3947431147098541,0.5927861332893372,-0.005965462885797024,0.36967337131500244,0.5770261287689209,-0.014427526853978634,0.3510679304599762,0.5699941515922546,-0.024219492450356483,0.33665335178375244,0.5685951709747314,-0.03624791279435158,0.3703673183917999,0.5098872184753418,-0.02266831509768963,0.3635515570640564,0.4710816740989685,-0.04242117330431938,0.36215633153915405,0.4345652461051941,-0.05724969878792763,0.3626731038093567,0.4051763117313385,-0.06722824275493622,0.39499667286872864,0.5079015493392944,-0.028583548963069916,0.3635190427303314,0.5477426052093506,-0.0528237409889698,0.3437771201133728,0.5908682346343994,-0.0650382786989212,0.3334316611289978,0.6254758834838867,-0.0713416039943695,0.4154861867427826,0.5271971225738525,-0.034579481929540634,0.38108935952186584,0.5725839734077454,-0.05896974354982376,0.36242711544036865,0.6114707589149475,-0.06513508409261703,0.3514708876609802,0.6413830518722534,-0.06472261250019073,0.4293438196182251,0.5555582642555237,-0.040177296847105026,0.39927545189857483,0.5916630625724792,-0.06048097088932991,0.3819087743759155,0.6165298223495483,-0.06446179002523422,0.3692188858985901,0.6351730227470398,-0.0626738891005516
7,right,0.2940947413444519,0.702820897102356,-2.4198140380349287e-08,0.3474089205265045,0.7164043188095093,-0.007020408753305674,0.3957052230834961,0.7793029546737671,-0.02355886809527874,0.41459575295448303,0.8464047908782959,-0.03708574175834656,0.4013420641422272,0.8730734586715698,-0.04765057936310768,0.39260807633399963,0.7300870418548584,-0.06577984988689423,0.41050049662590027,0.8329681158065796,-0.08303157240152359,0.3954436182975769,0.835220992565155,-0.07984794676303864,0.38548409938812256,0.8119547367095947,-0.07555840164422989,0.3581409752368927,0.7381072640419006,-0.07280606031417847,0.3780146837234497,0.8516878485679626,-0.08759456127882004,0.36465203762054443,0.838783860206604,-0.07319684326648712,0.35683754086494446,0.8050077557563782,-0.06454809755086899,0.32514989376068115,0.7529159188270569,-0.07758522033691406,0.34874942898750305,0.8569893836975098,-0.08370102196931839,0.3382926881313324,0.8417481780052185,-0.06290116161108017,0.3302800953388214,0.8124679327011108,-0.05131281912326813,0.29429009556770325,0.7716223001480103,-0.08310916274785995,0.3186540901660919,0.8514545559883118,-0.0806390568614006,0.3140799105167389,0.8356761336326599,-0.06547485291957855,0.3076358139514923,0.806406557559967,-0.05772150307893753
7,left,0.42782407999038696,0.6110249161720276,-6.99139803828075e-08,0.3864966928958893,0.6016443371772766,-0.009926863014698029,0.3583383858203888,0.5828612446784973,-0.018666373565793037,0.34115952253341675,0.5695048570632935,-0.027350476011633873,0.3328106999397278,0.5578978657722473,-0.038137588649988174,0.3540676534175873,0.5318559408187866,-0.028687337413430214,0.3441685438156128,0.4985693097114563,-0.045568231493234634,0.34153151512145996,0.4674455225467682,-0.05786017328500748,0.33939698338508606,0.44110625982284546,-0.06706533581018448,0.3799622654914856,0.5270577669143677,-0.03187932074069977,0.350244402885437,0.5778659582138062,-0.05641297250986099,0.33457571268081665,0.6209704279899597,-0.06738477945327759,0.32605263590812683,0.6539872884750366,-0.07225753366947174,0.40209126472473145,0.5434044003486633,-0.03486793115735054,0.3707192838191986,0.6003637313842773,-0.058497652411460876,0.3525320887565613,0.6370110511779785,-0.06417439877986908,0.3406253457069397,0.666949987411499,-0.06360877305269241,0.41751328110694885,0.5694020390510559,-0.037909071892499924,0.3899436593055725,0.6123133301734924,-0.0574091374874115,0.3716749846935272,0.6371349096298218,-0.061578474938869476,0.3573702871799469,0.6584100127220154,-0.0601893775165081
8,right,0.2932811379432678,0.7042163610458374,-4.7638938127647634e-08,0.3483140170574188,0.7199203372001648,-0.007839556783437729,0.3977283537387848,0.7846778035163879,-0.026390450075268745,0.41260936856269836,0.8539602160453796,-0.041586291044950485,0.39485451579093933,0.8762491345405579,-0.05433579161763191,0.3927226662635803,0.731989324092865,-0.07402562350034714,0.4081733226776123,0.8328143954277039,-0.09190075099468231,0.3913142681121826,0.8284372687339783,-0.08807649463415146,0.3800186514854431,0.7988741993904114,-0.08377984166145325,0.3563823699951172,0.7376221418380737,-0.08143790811300278,0.37646815180778503,0.8507354259490967,-0.09501936286687851,0.36244237422943115,0.8363285660743713,-0.07846493273973465,0.3543733060359955,0.8027359247207642,-0.06984294950962067,0.32215026021003723,0.7510775327682495,-0.08633836358785629,0.3476427495479584,0.8577123880386353,-0.09119162708520889,0.33758288621902466,0.8402264714241028,-0.06890349090099335,0.32923322916030884,0.8094895482063293,-0.057680707424879074,0.29067978262901306,0.7683526277542114,-0.09208941459655762,0.3176392614841461,0.8519914746284485,-0.08903592824935913,0.3136367201805115,0.8358916640281677,-0.07350517809391022,0.3063330352306366,0.8057636618614197,-0.06641878187656403
8,left,0.42091917991638184,0.6139734387397766,-3.3771819119010615e-08,0.3791491687297821,0.6049998998641968,-0.007615862414240837,0.3482030928134918,0.5907859206199646,-0.015812352299690247,0.32703959941864014,0.5871520638465881,-0.024426579475402832,0.31352901458740234,0.5854174494743347,-0.03529505431652069,0.3474205434322357,0.5390554666519165,-0.026072414591908455,0.33849552273750305,0.5088922381401062,-0.04319384694099426,0.3363429605960846,0.4778663218021393,-0.05573444068431854,0.33396676182746887,0.45000413060188293,-0.06495444476604462,0.3734034597873688,0.5327274799346924,-0.03067505545914173,0.3472275137901306,0.5853483080863953,-0.054748743772506714,0.33101892471313477,0.6286426782608032,-0.0662875697016716,0.3215039074420929,0.6609982848167419,-0.07188273221254349,0.39632248878479004,0.5478798747062683,-0.03500539809465408,0.3662087917327881,0.6057835817337036,-0.059344738721847534,0.3479470908641815,0.6442731618881226,-0.06627732515335083,0.3356437683105469,0.6752306818962097,-0.0664854347705841,0.41279762983322144,0.5721828937530518,-0.0389682911336422,0.38577160239219666,0.6175188422203064,-0.059584323316812515,0.36907958984375,0.6443773508071899,-0.06439869105815887,0.355581134557724,0.6661381125450134,-0.06333769112825394
9,right,0.29605740308761597,0.7017550468444824,-5.6727849084836635e-08,0.35143181681632996,0.7145488858222961,-0.007990382611751556,0.40346166491508484,0.7774585485458374,-0.025570077821612358,0.41879919171333313,0.8466247916221619,-0.03985327482223511,0.39964497089385986,0.8685647249221802,-0.05145421624183655,0.3954206109046936,0.7259482145309448,-0.06916847079992294,0.41434967517852783,0.8271645307540894,-0.08594997972249985,0.39536938071250916,0.8201512098312378,-0.08270364999771118,0.38308048248291016,0.7908825278282166,-0.07922378182411194,0.3604753613471985,0.7347581386566162,-0.07618391513824463,0.3812952935695648,0.8475417494773865,-0.0887567475438118,0.3662198781967163,0.8309365510940552,-0.07365456223487854,0.3578188419342041,0.7969443798065186,-0.06606753915548325,0.32771092653274536,0.7501078844070435,-0.08092180639505386,0.3518606722354889,0.8547472357749939,-0.08417456597089767,0.34095299243927,0.8350167274475098,-0.0628889948129654,0.3326263427734375,0.8033386468887329,-0.05272996798157692,0.29767993092536926,0.7684108018875122,-0.0867355465888977,0.32293933629989624,0.8488407731056213,-0.0831034854054451,0.3173343241214752,0.8310736417770386,-0.06839156895875931,0.3096827268600464,0.8009359240531921,-0.062027186155319214
9,left,0.41427770256996155,0.6061304807662964,-4.4991796954718666e-08,0.3735469877719879,0.5981363654136658,-0.004536226857453585,0.34647801518440247,0.5843798518180847,-0.012246220372617245,0.330405056476593,0.5764479637145996,-0.021220514550805092,0.3212958872318268,0.5668236017227173,-0.032201796770095825,0.34594306349754333,0.5362770557403564,-0.023031868040561676,0.3371719717979431,0.5041562914848328,-0.03936626762151718,0.3347206711769104,0.47307121753692627,-0.050410374999046326,0.3322838842868805,0.44523298740386963,-0.05806078389286995,0.3689291477203369,0.527328610420227,-0.028327293694019318,0.34397387504577637,0.5817063450813293,-0.05115417391061783,0.32844340801239014,0.6244388818740845,-0.06174758821725845,0.3196636140346527,0.6574152708053589,-0.06648631393909454,0.3889837861061096,0.53809654712677,-0.033164434134960175,0.36094382405281067,0.6017171144485474,-0.055989548563957214,0.3438485860824585,0.640032172203064,-0.06301112473011017,0.3322358727455139,0.6715304851531982,-0.06342490762472153,0.4029676020145416,0.5577180981636047,-0.03742459416389465,0.3771466910839081,0.6071004867553711,-0.055741116404533386,0.3622075617313385,0.6357488632202148,-0.060125354677438736,0.34970930218696594,0.6585808992385864,-0.05908292904496193
10,right,0.30699583888053894,0.7066881060600281,1.851156525844999e-07,0.3535275459289551,0.7194002270698547,-0.01648244820535183,0.40092483162879944,0.7677329182624817,-0.03598172962665558,0.4199122190475464,0.8232771754264832,-0.05174453556537628,0.4170755445957184,0.852713942527771,-0.06542710214853287,0.40085116028785706,0.7143772840499878,-0.06523111462593079,0.41894644498825073,0.8068490028381348,-0.08423047512769699,0.40481898188591003,0.8144140839576721,-0.08479942381381989,0.39182281494140625,0.7934880256652832,-0.08352386951446533,0.36549296975135803,0.7225667834281921,-0.06854702532291412,0.38960355520248413,0.8300408720970154,-0.08739626407623291,0.3753209114074707,0.8247869610786438,-0.07896071672439575,0.36634498834609985,0.793407678604126,-0.07334496825933456,0.33157044649124146,0.7402313947677612,-0.0709613636136055,0.35882070660591125,0.8353621959686279,-0.08080732077360153,0.34913721680641174,0.8262535333633423,-0.0643027052283287,0.3405730724334717,0.7988279461860657,-0.05458517000079155,0.30099427700042725,0.7598832845687866,-0.07498150318861008,0.3257427215576172,0.8314224481582642,-0.07783273607492447,0.32592061161994934,0.8257637619972229,-0.06747438758611679,0.3215799629688263,0.8047748804092407,-0.06172456219792366
10,left,0.41348642110824585,0.5951576232910156,1.1190149917794656e-09,0.3734554648399353,0.5849742293357849,-0.0063231708481907845,0.3447323441505432,0.5758914351463318,-0.015840616077184677,0.32442450523376465,0.57896888256073,-0.0259986761957407,0.31288841366767883,0.5841192603111267,-0.03870745748281479,0.3462900221347809,0.5274994373321533,-0.027735255658626556,0.33703941106796265,0.4983496367931366,-0.04642137885093689,0.3345789313316345,0.4678593873977661,-0.059974703937768936,0.3319331109523773,0.4406805634498596,-0.0694771260023117,0.37051504850387573,0.5216953754425049,-0.032678425312042236,0.3428017497062683,0.5756028890609741,-0.056932318955659866,0.3268045485019684,0.6196616291999817,-0.06800469011068344,0.31758248805999756,0.6521792411804199,-0.07329582422971725,0.3911816477775574,0.53626549243927,-0.03718110918998718,0.36077213287353516,0.5963098406791687,-0.06105451285839081,0.34373044967651367,0.633986234664917,-0.06742676347494125,0.33269497752189636,0.6639582514762878,-0.06729011982679367,0.40485042333602905,0.5591174960136414,-0.04113267362117767,0.37654170393943787,0.6044639348983765,-0.060370177030563354,0.3606360852718353,0.6307948231697083,-0.0641547217965126,0.34820252656936646,0.6512824296951294,-0.06261711567640305
11,right,0.3003256320953369,0.6989216208457947,1.1131311872247807e-08,0.3531935513019562,0.7113832831382751,-0.009364995174109936,0.40583565831184387,0.7685472965240479,-0.027662381529808044,0.42365220189094543,0.8328981995582581,-0.04274493455886841,0.4064810574054718,0.8600721955299377,-0.05542272701859474,0.39945530891418457,0.7125328779220581,-0.06807953864336014,0.41974925994873047,0.8083703517913818,-0.08631811290979385,0.4008556008338928,0.8091538548469543,-0.08478748798370361,0.3873026669025421,0.7806803584098816,-0.08227140456438065,0.36424314975738525,0.7186785340309143,-0.07504074275493622,0.38915640115737915,0.8286906480789185,-0.09143903106451035,0.37196916341781616,0.8178207874298096,-0.07918187230825424,0.3610686957836151,0.7820491790771484,-0.07209411263465881,0.33035340905189514,0.733299195766449,-0.07993258535861969,0.3589547872543335,0.8362579345703125,-0.08729998767375946,0.34577471017837524,0.8229007720947266,-0.06886470317840576,0.3365103006362915,0.7925204038619995,-0.05900343134999275,0.29894715547561646,0.75341796875,-0.0857156440615654,0.32676583528518677,0.8345863819122314,-0.08488879352807999,0.3212231397628784,0.8221127390861511,-0.07175850868225098,0.313394159078598,0.7935019731521606,-0.06542690098285675
11,left,0.4202997088432312,0.585142970085144,-1.489634993134814e-08,0.3800666034221649,0.572826087474823,-0.004327490460127592,0.34943926334381104,0.5656386017799377,-0.012969616800546646,0.3291833996772766,0.5710500478744507,-0.022638026624917984,0.3180167078971863,0.5757910013198853,-0.03496987000107765,0.35063302516937256,0.5249647498130798,-0.027518002316355705,0.3386843204498291,0.4994555115699768,-0.045489151030778885,0.33590224385261536,0.4713258147239685,-0.05774043872952461,0.33282455801963806,0.4443778097629547,-0.06632237881422043,0.3734113872051239,0.5203849077224731,-0.03325526788830757,0.3452078104019165,0.5753997564315796,-0.05673675611615181,0.3299816846847534,0.618141233921051,-0.06678900122642517,0.3206535577774048,0.6481468677520752,-0.07168132811784744,0.39234960079193115,0.5348387956619263,-0.03837456926703453,0.36137235164642334,0.5978059768676758,-0.06121661141514778,0.34493234753608704,0.6360787749290466,-0.06712864339351654,0.33473241329193115,0.6648577451705933,-0.06707009673118591,0.40460437536239624,0.5575785636901855,-0.04277600720524788,0.3757593631744385,0.6054661870002747,-0.0597626194357872,0.3592606484889984,0.6320658922195435,-0.06305891275405884,0.3464735448360443,0.651537299156189,-0.061912115663290024
12,right,0.3056049644947052,0.6952816843986511,2.307438506932158e-07,0.3508000671863556,0.7028839588165283,-0.01563962735235691,0.3965303897857666,0.7500319480895996,-0.03573290631175041,0.41576486825942993,0.8086481094360352,-0.052864640951156616,0.4168911874294281,0.8450723886489868,-0.06831540167331696,0.3998566269874573,0.706017255783081,-0.06255292147397995,0.418829083442688,0.7961799502372742,-0.08452312648296356,0.40953001379966736,0.8091626167297363,-0.08777398616075516,0.39646661281585693,0.794378936290741,-0.08698796480894089,0.3662964403629303,0.7146285772323608,-0.06676703691482544,0.3905644416809082,0.8208054304122925,-0.08761642873287201,0.3790636658668518,0.8215541243553162,-0.07956622540950775,0.36964330077171326,0.7966004610061646,-0.07233454287052155,0.3335261344909668,0.7320017218589783,-0.07052192836999893,0.36033162474632263,0.8273110389709473,-0.08204343914985657,0.3532432019710541,0.823334813117981,-0.06479956209659576,0.34533172845840454,0.8014373779296875,-0.05275778844952583,0.30268076062202454,0.751986026763916,-0.07597391307353973,0.3270476758480072,0.8221079707145691,-0.08015674352645874,0.3294820189476013,0.8199525475502014,-0.06917306035757065,0.32631540298461914,0.8039979338645935,-0.06133748218417168
12,left,0.42631351947784424,0.5736635327339172,4.687660393187798e-08,0.3886028826236725,0.5532345771789551,-0.006283506751060486,0.35788625478744507,0.5421701073646545,-0.016039222478866577,0.33859965205192566,0.5492880940437317,-0.026589088141918182,0.33275505900382996,0.558369517326355,-0.040364623069763184,0.35622408986091614,0.5139963030815125,-0.0287820752710104,0.34109336137771606,0.4978480637073517,-0.049455463886260986,0.3368583023548126,0.4694870412349701,-0.06420891731977463,0.3335939347743988,0.44170284271240234,-0.07407542318105698,0.37779000401496887,0.5164203643798828,-0.034092970192432404,0.34606754779815674,0.5743091106414795,-0.05944855138659477,0.32922419905662537,0.6181121468544006,-0.07156887650489807,0.31931108236312866,0.650672435760498,-0.07804075628519058,0.3958337604999542,0.5354530811309814,-0.03909873217344284,0.3618566691875458,0.5969124436378479,-0.06377409398555756,0.344791978597641,0.634454607963562,-0.07104335725307465,0.3346225619316101,0.6629705429077148,-0.07180381566286087,0.4070035517215729,0.5608296394348145,-0.04344392195343971,0.3761734962463379,0.6076425909996033,-0.06161624938249588,0.36137843132019043,0.6325486302375793,-0.06526578962802887,0.35032618045806885,0.6502636671066284,-0.06447336077690125
13,right,0.3031446933746338,0.6953058242797852,3.551045324456936e-08,0.35272759199142456,0.7067566514015198,-0.009449508972465992,0.40334954857826233,0.7624148726463318,-0.027911894023418427,0.42146721482276917,0.8245241045951843,-0.04324674606323242,0.41112273931503296,0.8466851115226746,-0.05623316019773483,0.4003363847732544,0.7059465646743774,-0.06947427242994308,0.42005911469459534,0.8039687871932983,-0.08765236288309097,0.40077275037765503,0.8058072924613953,-0.0860799252986908,0.38819581270217896,0.7791017889976501,-0.08367961645126343,0.36423859000205994,0.7117640376091003,-0.07638449221849442,0.3886176645755768,0.8226026296615601,-0.09289837628602982,0.37254810333251953,0.8118413686752319,-0.08021190762519836,0.3622226119041443,0.7785859107971191,-0.07318715751171112,0.3303832709789276,0.7265838384628296,-0.08123103529214859,0.358732134103775,0.8304506540298462,-0.08775603771209717,0.3464030623435974,0.815527081489563,-0.06779136508703232,0.3366784453392029,0.7859061360359192,-0.057447969913482666,0.3001108765602112,0.7469091415405273,-0.08718250691890717,0.32752904295921326,0.8289901614189148,-0.08616379648447037,0.32295799255371094,0.815670371055603,-0.07281810790300369,0.3151025176048279,0.7879749536514282,-0.06650345027446747
13,left,0.4241962432861328,0.5697937607765198,1.108790925741232e-07,0.38272541761398315,0.5557175278663635,-0.007036429829895496,0.3525610864162445,0.5503719449043274,-0.017901265993714333,0.3354020118713379,0.5620428919792175,-0.029136642813682556,0.3311511278152466,0.576422393321991,-0.04353105276823044,0.35289520025253296,0.5164044499397278,-0.03105108253657818,0.33832308650016785,0.49870193004608154,-0.052469100803136826,0.33461639285087585,0.47015467286109924,-0.06773773580789566,0.331556111574173,0.441278338432312,-0.07785169780254364,0.37492063641548157,0.515125036239624,-0.03604784980416298,0.345293253660202,0.5702301859855652,-0.060616422444581985,0.3298162519931793,0.6136501431465149,-0.07265454530715942,0.3207321763038635,0.6449061632156372,-0.07949000597000122,0.39412662386894226,0.5314040184020996,-0.040674228221178055,0.36130866408348083,0.5941253900527954,-0.06410881131887436,0.34461358189582825,0.6322436928749084,-0.07101403176784515,0.33521926403045654,0.6601061224937439,-0.0719994306564331,0.4065801799297333,0.5554473400115967,-0.04479296877980232,0.3761516809463501,0.6035867929458618,-0.06197686493396759,0.36172354221343994,0.6292381882667542,-0.06524258852005005,0.3516518473625183,0.6462190747261047,-0.06442628055810928
14,right,0.29788801074028015,0.6960045099258423,-1.3408382848467681e-08,0.3528899848461151,0.7078571915626526,-0.009185639210045338,0.40525490045547485,0.7646907567977905,-0.02825797162950039,0.42430707812309265,0.8289255499839783,-0.044413913041353226,0.40828296542167664,0.8513151407241821,-0.05803052335977554,0.3990398645401001,0.7068400382995605,-0.06898805499076843,0.42043983936309814,0.8025282621383667,-0.08813031762838364,0.4009736478328705,0.8031023144721985,-0.08682648092508316,0.3874931335449219,0.7735146284103394,-0.08431287854909897,0.3634556233882904,0.7129053473472595,-0.07665939629077911,0.38812851905822754,0.8223171234130859,-0.09290369600057602,0.37115079164505005,0.8109965324401855,-0.0800110474228859,0.36164307594299316,0.7755694389343262,-0.07304118573665619,0.329232394695282,0.7280712127685547,-0.0823860764503479,0.35804516077041626,0.8311875462532043,-0.09013856947422028,0.3451804220676422,0.8166760802268982,-0.07138413190841675,0.3364450931549072,0.786332368850708,-0.061628855764865875,0.2976098656654358,0.7492106556892395,-0.08905088156461716,0.3258861303329468,0.8314827680587769,-0.08856920897960663,0.3206120431423187,0.817834198474884,-0.07553941756486893,0.3127688467502594,0.7887430787086487,-0.0694662481546402
14,left,0.42213037610054016,0.5664758086204529,1.1881784445222365e-07,0.3813779652118683,0.552161693572998,-0.007890325970947742,0.35040906071662903,0.5455108880996704,-0.01967994123697281,0.3341495096683502,0.5540241003036499,-0.031535860151052475,0.33175408840179443,0.5636440515518188,-0.0466134287416935,0.35195276141166687,0.5131000876426697,-0.03449111431837082,0.3373631238937378,0.4965090751647949,-0.05709538236260414,0.3324604630470276,0.4673149585723877,-0.07320815324783325,0.32838621735572815,0.4387887716293335,-0.08406224101781845,0.37503582239151,0.513775646686554,-0.03975765034556389,0.34473249316215515,0.5697168111801147,-0.0659288689494133,0.3294573426246643,0.6148412227630615,-0.07803629338741302,0.3204626142978668,0.6480372548103333,-0.08503299951553345,0.39480215311050415,0.5315456390380859,-0.044682957231998444,0.3609521985054016,0.592662513256073,-0.06897454708814621,0.3439558744430542,0.6311898827552795,-0.0750102773308754,0.33382728695869446,0.6596701741218567,-0.07566632330417633,0.4073888659477234,0.5565261840820312,-0.049166299402713776,0.375784695148468,0.6032683849334717,-0.06736936420202255,0.36006733775138855,0.6292135715484619,-0.07048366963863373,0.3485451638698578,0.6462444067001343,-0.06967639178037643
15,right,0.2904723882675171,0.6915251016616821,3.5301769685247564e-07,0.33292657136917114,0.6851620674133301,-0.009024455212056637,0.37504079937934875,0.713366687297821,-0.024725934490561485,0.3960375189781189,0.7597498893737793,-0.03954659774899483,0.4058646559715271,0.7955089211463928,-0.05565313994884491,0.38763660192489624,0.6952885389328003,-0.048357490450143814,0.4073052406311035,0.7654786705970764,-0.07080363482236862,0.4130293130874634,0.7998694181442261,-0.08039875328540802,0.4172321856021881,0.8200608491897583,-0.084744393825531,0.3598296046257019,0.7051977515220642,-0.055241525173187256,0.38020673394203186,0.7905849814414978,-0.0744483694434166,0.38542312383651733,0.828475296497345,-0.07349658012390137,0.3906434178352356,0.8520923256874084,-0.0712147131562233,0.3295740485191345,0.7233132123947144,-0.061746299266815186,0.3505593538284302,0.7992907762527466,-0.07903142273426056,0.360930472612381,0.834862232208252,-0.07322420924901962,0.3670368194580078,0.8579736948013306,-0.06599555164575577,0.30054405331611633,0.7447556257247925,-0.06882761418819427,0.3187747895717621,0.7944163680076599,-0.07939200848340988,0.329587459564209,0.8174362778663635,-0.07472658157348633,0.3359447717666626,0.8352358937263489,-0.06882503628730774
15,left,0.42058300971984863,0.5661047697067261,7.755676278975443e-08,0.3858388066291809,0.5483242869377136,-0.006377089768648148,0.35668399930000305,0.5389398336410522,-0.01715952157974243,0.3396998941898346,0.5449590682983398,-0.02793620154261589,0.3343098759651184,0.5522772669792175,-0.04207918420433998,0.3543151617050171,0.5117234587669373,-0.03519240394234657,0.3378541171550751,0.4940233826637268,-0.05626567825675011,0.3309658169746399,0.4658554494380951,-0.07034257054328918,0.3254952132701874,0.43899375200271606,-0.07980386167764664,0.3757699131965637,0.5153678059577942,-0.040444131940603256,0.3429693579673767,0.572115957736969,-0.06497269868850708,0.32722434401512146,0.6179010272026062,-0.07534784823656082,0.3188313841819763,0.6510788202285767,-0.08140946179628372,0.3937698304653168,0.5355827808380127,-0.04506958648562431,0.35922950506210327,0.5962023735046387,-0.06883782148361206,0.34316834807395935,0.6343515515327454,-0.07472670078277588,0.33476945757865906,0.6612799167633057,-0.07540380954742432,0.40513676404953003,0.5622052550315857,-0.04888021573424339,0.37356382608413696,0.6084303259849548,-0.067680723965168,0.35836121439933777,0.6339058876037598,-0.07148198038339615,0.34776902198791504,0.6501961946487427,-0.07115378230810165
16,right,0.291903555393219,0.688894510269165,3.651509246083151e-07,0.3339861035346985,0.6837652325630188,-0.01234449353069067,0.37548044323921204,0.7104843854904175,-0.03139595687389374,0.39768609404563904,0.7578226923942566,-0.04912171885371208,0.40881699323654175,0.7948929071426392,-0.06839751452207565,0.3896465599536896,0.6942384839057922,-0.05707446485757828,0.4098331034183502,0.7660181522369385,-0.08434838801622391,0.4171998202800751,0.8025600910186768,-0.09780433773994446,0.42341285943984985,0.8239035606384277,-0.10468795895576477,0.3610367178916931,0.70355224609375,-0.06402067840099335,0.38233140110969543,0.7856966257095337,-0.08648014813661575,0.3868817090988159,0.8210926651954651,-0.08656561374664307,0.39127418398857117,0.8418051600456238,-0.0852026492357254,0.33069556951522827,0.7219260334968567,-0.07079851627349854,0.35304707288742065,0.7924501895904541,-0.09045130759477615,0.362235963344574,0.828128457069397,-0.08457918465137482,0.3669734597206116,0.8518908023834229,-0.07753947377204895,0.3023831844329834,0.7436716556549072,-0.07846321165561676,0.31945347785949707,0.7907593846321106,-0.09167087078094482,0.3296874165534973,0.8182581663131714,-0.08736725151538849,0.3354187309741974,0.8404294848442078,-0.08173609524965286
16,left,0.4182897210121155,0.5654188394546509,1.0075618206428771e-07,0.38393715023994446,0.5494332909584045,-0.007308907341212034,0.3557504713535309,0.5405222773551941,-0.019056716933846474,0.33881157636642456,0.5450969934463501,-0.030685828998684883,0.3331245481967926,0.5509986877441406,-0.04565535858273506,0.35308364033699036,0.5115128755569458,-0.03782831132411957,0.3361733555793762,0.4901725649833679,-0.06053018569946289,0.3299586772918701,0.46065497398376465,-0.07582011818885803,0.3254345953464508,0.4330397844314575,-0.08590647578239441,0.3753904104232788,0.5147755146026611,-0.04294824227690697,0.34318166971206665,0.5698697566986084,-0.06943438202142715,0.327494740486145,0.615145742893219,-0.08056170493364334,0.31887441873550415,0.6482183933258057,-0.0867806077003479,0.39382559061050415,0.5342174768447876,-0.047397639602422714,0.3593921959400177,0.5951651334762573,-0.07259190082550049,0.343456506729126,0.6333401799201965,-0.07825148850679398,0.33446767926216125,0.6606470346450806,-0.07840187102556229,0.4047289192676544,0.5602062940597534,-0.05108732730150223,0.3731306493282318,0.6069197654724121,-0.0705992579460144,0.3587140142917633,0.6323428153991699,-0.07379323989152908,0.3484150767326355,0.6484999060630798,-0.07272201776504517
17,right,0.28728926181793213,0.6879295110702515,2.9760229836028884e-07,0.3251086175441742,0.6829935312271118,-0.013326417654752731,0.36802437901496887,0.7039778828620911,-0.03075263649225235,0.39434945583343506,0.7456808090209961,-0.046136870980262756,0.40872910618782043,0.7808228731155396,-0.06283935159444809,0.38160422444343567,0.6917834877967834,-0.05421852320432663,0.4052696228027344,0.767467737197876,-0.07983658462762833,0.41067028045654297,0.8011165857315063,-0.09215790033340454,0.4153602719306946,0.8148167133331299,-0.09864233434200287,0.356580913066864,0.702583909034729,-0.059367310255765915,0.3793584108352661,0.7866829633712769,-0.07916735857725143,0.38246071338653564,0.8192189931869507,-0.07763002812862396,0.38613441586494446,0.8355814218521118,-0.0757407546043396,0.32833170890808105,0.7210573554039001,-0.06465332210063934,0.3512185215950012,0.7939359545707703,-0.08219298720359802,0.36050698161125183,0.8268255591392517,-0.0749727189540863,0.3656722605228424,0.8472854495048523,-0.06758783012628555,0.30113720893859863,0.741682231426239,-0.07091287523508072,0.31960514187812805,0.7898107171058655,-0.0840296745300293,0.3309251666069031,0.8182603716850281,-0.07987415790557861,0.3385278284549713,0.8401490449905396,-0.07445085048675537
17,left,0.41800495982170105,0.564936101436615,8.501748993694491e-08,0.38343968987464905,0.5481461882591248,-0.006901879794895649,0.3552144765853882,0.5388286709785461,-0.018168330192565918,0.3381233513355255,0.5429524183273315,-0.029308097437024117,0.3311818242073059,0.5506300926208496,-0.043831679970026016,0.35312721133232117,0.5109644532203674,-0.037325527518987656,0.335873544216156,0.4897540509700775,-0.05920432135462761,0.32933446764945984,0.4597962200641632,-0.07379025965929031,0.3239080607891083,0.4313216209411621,-0.0835452675819397,0.37512272596359253,0.5148326754570007,-0.04251507669687271,0.34241288900375366,0.5704995393753052,-0.06835942715406418,0.32677510380744934,0.6148804426193237,-0.07905823737382889,0.3179289400577545,0.6465981006622314,-0.08507151901721954,0.39295199513435364,0.5348275899887085,-0.046951521188020706,0.35851654410362244,0.596752941608429,-0.0716141015291214,0.3425166606903076,0.6346356868743896,-0.07733487337827682,0.333617240190506,0.6613797545433044,-0.07765297591686249,0.4038110077381134,0.5606552362442017,-0.050632789731025696,0.3728877902030945,0.6073073744773865,-0.06971875578165054,0.35838332772254944,0.6335378885269165,-0.07311079651117325,0.3476314842700958,0.6504561305046082,-0.07233630120754242
18,right,0.3003979027271271,0.6862483024597168,4.841062946070451e-07,0.3377731442451477,0.6834703683853149,-0.011199194937944412,0.37444567680358887,0.7114909887313843,-0.027977360412478447,0.3933197259902954,0.7550453543663025,-0.04262659698724747,0.40339231491088867,0.7919254899024963,-0.05854327604174614,0.38375890254974365,0.6942315697669983,-0.05351891741156578,0.40459921956062317,0.7528806328773499,-0.07752680033445358,0.41510048508644104,0.7912138104438782,-0.09102179110050201,0.42118439078330994,0.8183450698852539,-0.09864353388547897,0.3585893213748932,0.7058209180831909,-0.05938582122325897,0.3808920383453369,0.7824569344520569,-0.0811517983675003,0.38723111152648926,0.8216769099235535,-0.08418088406324387,0.38916724920272827,0.8444886207580566,-0.08460815250873566,0.3303425908088684,0.7252490520477295,-0.06435827165842056,0.3525671362876892,0.7979080080986023,-0.08161376416683197,0.3604778051376343,0.8321248888969421,-0.0770227387547493,0.3623976707458496,0.8517021536827087,-0.0712660551071167,0.3034600615501404,0.7463774681091309,-0.06996767967939377,0.3212244212627411,0.7975290417671204,-0.0809280201792717,0.330794095993042,0.8245546221733093,-0.07639060914516449,0.33487820625305176,0.8437987565994263,-0.07088474929332733
18,left,0.41706493496894836,0.5667724013328552,1.0240458436783229e-07,0.38173139095306396,0.5515373945236206,-0.008408685214817524,0.3526216745376587,0.5432669520378113,-0.02017555944621563,0.33489862084388733,0.5491740703582764,-0.03156214952468872,0.3282969295978546,0.5584935545921326,-0.04627641662955284,0.3507005274295807,0.5145258903503418,-0.0384875126183033,0.3338882625102997,0.49200373888015747,-0.06095018610358238,0.32724764943122864,0.46179893612861633,-0.07616722583770752,0.3217042088508606,0.4329844117164612,-0.08636853843927383,0.37344124913215637,0.5175855159759521,-0.043152932077646255,0.3415508270263672,0.5723481178283691,-0.06982119381427765,0.3263057768344879,0.6169750690460205,-0.08096960932016373,0.3178322911262512,0.6484391093254089,-0.08703967928886414,0.39207547903060913,0.5366718769073486,-0.047190748155117035,0.35813108086586,0.5979212522506714,-0.07252366840839386,0.3422200679779053,0.636032223701477,-0.07827229052782059,0.3336116671562195,0.6629430651664734,-0.07832347601652145,0.4035269021987915,0.5618011355400085,-0.050620634108781815,0.37277474999427795,0.6075623631477356,-0.07021994888782501,0.3579863905906677,0.6337006688117981,-0.07357901334762573,0.3471546471118927,0.6506968140602112,-0.07256698608398438
19,right,0.30570119619369507,0.6919299960136414,4.3208581246290123e-07,0.3481253385543823,0.6909384727478027,-0.010994615964591503,0.38625916838645935,0.7253573536872864,-0.02705438621342182,0.40188083052635193,0.7749706506729126,-0.04123842716217041,0.40575578808784485,0.8149669170379639,-0.055943962186574936,0.3925381004810333,0.7031431198120117,-0.05007127672433853,0.4130993187427521,0.7760831117630005,-0.0726027861237526,0.41583725810050964,0.8082104921340942,-0.08271646499633789,0.41345536708831787,0.8197190761566162,-0.0872839093208313,0.36406606435775757,0.7156310677528381,-0.05598761513829231,0.38463881611824036,0.8022871613502502,-0.07602527737617493,0.3856767416000366,0.8329823017120361,-0.07701559364795685,0.38404619693756104,0.842017412185669,-0.07608948647975922,0.3327866792678833,0.7343082427978516,-0.06133049726486206,0.35205885767936707,0.8117903470993042,-0.0758582130074501,0.35963520407676697,0.8441367745399475,-0.07066855579614639,0.3632771074771881,0.8591161370277405,-0.06560521572828293,0.3024783730506897,0.7539616227149963,-0.0673803761601448,0.3166644871234894,0.806925892829895,-0.07467266917228699,0.32457414269447327,0.8293619751930237,-0.06893694400787354,0.3288016617298126,0.8422566652297974,-0.06384652853012085
19,left,0.4161580204963684,0.5682969689369202,9.354929630944753e-08,0.38066548109054565,0.5533385872840881,-0.007789057679474354,0.35151010751724243,0.5431249737739563,-0.019058048725128174,0.33428648114204407,0.5474935173988342,-0.030265703797340393,0.3280182480812073,0.5547878742218018,-0.044797632843256,0.3494822680950165,0.5147495269775391,-0.03688112646341324,0.3325038254261017,0.492732435464859,-0.05856093764305115,0.32597216963768005,0.4626961350440979,-0.07311788201332092,0.3204115033149719,0.4339733421802521,-0.08297085762023926,0.3721180260181427,0.5174493193626404,-0.04200778529047966,0.3415433466434479,0.5735042691230774,-0.0687030479311943,0.3261748254299164,0.6187006831169128,-0.0803908258676529,0.3174458146095276,0.6510513424873352,-0.08691136538982391,0.390971839427948,0.5361451506614685,-0.04649471491575241,0.35777828097343445,0.5981455445289612,-0.07197374105453491,0.3420248329639435,0.6370415687561035,-0.07831335812807083,0.3330065608024597,0.6645529270172119,-0.07881145924329758,0.4025020897388458,0.5608799457550049,-0.05031038448214531,0.3718326687812805,0.6066604256629944,-0.06989740580320358,0.3570236265659332,0.6329624056816101,-0.07355233281850815,0.34579673409461975,0.6502365469932556,-0.07286971807479858
20,right,0.3068157136440277,0.7009598612785339,7.925467571112677e-08,0.35659071803092957,0.7088619470596313,-0.013064023107290268,0.40417981147766113,0.766703724861145,-0.03372984752058983,0.4157922565937042,0.8350636959075928,-0.05006841570138931,0.3982134461402893,0.8660169839859009,-0.06394510716199875,0.4010678827762604,0.7164174318313599,-0.07516305893659592,0.41863685846328735,0.8154107332229614,-0.0929894968867302,0.400346040725708,0.8132324814796448,-0.09059815853834152,0.387989342212677,0.7847557663917542,-0.08747682720422745,0.36437278985977173,0.7259671688079834,-0.07980307936668396,0.38855913281440735,0.8365679383277893,-0.0984305888414383,0.37135010957717896,0.8209304213523865,-0.08605668693780899,0.35996490716934204,0.7836319208145142,-0.07774309813976288,0.3307078182697296,0.7434207201004028,-0.08200372755527496,0.3580714464187622,0.843275249004364,-0.08877010643482208,0.3457445502281189,0.8260610103607178,-0.06778956204652786,0.33486810326576233,0.7937110662460327,-0.05564643442630768,0.3004930019378662,0.7638975381851196,-0.08551348745822906,0.32826653122901917,0.8402146100997925,-0.08370241522789001,0.32400965690612793,0.8273077011108398,-0.06874362379312515,0.315024733543396,0.80060875415802,-0.06065228953957558
20,left,0.41693782806396484,0.5724997520446777,1.0164194463868625e-07,0.3795865774154663,0.5590929388999939,-0.008071496151387691,0.35065504908561707,0.5527660250663757,-0.020383469760417938,0.3333700895309448,0.5602123737335205,-0.03260274603962898,0.32667145133018494,0.5713542699813843,-0.04831521213054657,0.34963417053222656,0.5202032923698425,-0.03888578340411186,0.33257949352264404,0.4972783923149109,-0.06210380420088768,0.32656511664390564,0.46640244126319885,-0.0784464105963707,0.32128721475601196,0.4370393753051758,-0.08948925137519836,0.3725212514400482,0.5209284424781799,-0.04430052638053894,0.3425329625606537,0.5756876468658447,-0.0713796615600586,0.327196329832077,0.620904803276062,-0.08315539360046387,0.31852519512176514,0.652874231338501,-0.08971589803695679,0.39204925298690796,0.5386460423469543,-0.0490705780684948,0.35906103253364563,0.6005343794822693,-0.07464860379695892,0.3430342972278595,0.6396637558937073,-0.08061835169792175,0.33488085865974426,0.6677350997924805,-0.08087771385908127,0.40455642342567444,0.5633236765861511,-0.053267527371644974,0.3745354115962982,0.6101602911949158,-0.07334022969007492,0.3593248128890991,0.637694776058197,-0.07669588178396225,0.34848204255104065,0.6561311483383179,-0.07560104876756668
21,right,0.3025587201118469,0.7007204294204712,-5.05394970318207e-09,0.35469308495521545,0.7126104831695557,-0.00932485330849886,0.40355008840560913,0.775229811668396,-0.02811279334127903,0.4158608615398407,0.8443775773048401,-0.04368377476930618,0.3950105607509613,0.8706643581390381,-0.056854527443647385,0.4018709659576416,0.7208249568939209,-0.0666874572634697,0.419793963432312,0.8207398056983948,-0.08483555167913437,0.3992908298969269,0.8176266551017761,-0.0846516415476799,0.3862057030200958,0.7894887328147888,-0.0830996036529541,0.36707910895347595,0.7290524840354919,-0.0732022374868393,0.3884018659591675,0.8394335508346558,-0.08796016871929169,0.3714383840560913,0.8240719437599182,-0.07597623020410538,0.3608826696872711,0.7884436845779419,-0.069236621260643,0.3335880935192108,0.744681715965271,-0.07768628001213074,0.358455091714859,0.8473001718521118,-0.08216582238674164,0.3469874858856201,0.8313365578651428,-0.06319373846054077,0.3381953537464142,0.8013965487480164,-0.053412772715091705,0.3028298616409302,0.7645351886749268,-0.08323612809181213,0.32874491810798645,0.8431528806686401,-0.07969152927398682,0.32397741079330444,0.8285300135612488,-0.06542953103780746,0.31629154086112976,0.800239086151123,-0.05851368606090546
21,left,0.4176693856716156,0.5745366811752319,8.880663671106959e-08,0.38052380084991455,0.5618893504142761,-0.006753736641258001,0.3511625826358795,0.5555320382118225,-0.017226774245500565,0.33274227380752563,0.5640565156936646,-0.027945179492235184,0.3241598308086395,0.5765266418457031,-0.04192986339330673,0.34830424189567566,0.5256447196006775,-0.0338360071182251,0.3325175642967224,0.4998067021369934,-0.054533712565898895,0.3267933428287506,0.4696686267852783,-0.06848560273647308,0.321483314037323,0.4413726031780243,-0.07787472754716873,0.37082618474960327,0.5243728160858154,-0.03911536559462547,0.3420026898384094,0.5786746740341187,-0.06460081040859222,0.32760384678840637,0.6234662532806396,-0.07582052052021027,0.3193916976451874,0.6548677682876587,-0.08165194094181061,0.3902548551559448,0.5400780439376831,-0.043728169053792953,0.358921080827713,0.6030527949333191,-0.06816058605909348,0.34352585673332214,0.641787588596344,-0.07436896115541458,0.3350982367992401,0.6692036986351013,-0.07450651377439499,0.4030470550060272,0.5628976225852966,-0.047645118087530136,0.37420955300331116,0.610018253326416,-0.06612904369831085,0.3598538041114807,0.6371586322784424,-0.0692182183265686,0.34924134612083435,0.6551779508590698,-0.06787288933992386
22,right,0.302245557308197,0.6964625120162964,-6.749168335318245e-09,0.35657286643981934,0.7132002711296082,-0.008206510916352272,0.4044126272201538,0.7770788669586182,-0.02796126715838909,0.4165380299091339,0.8467767834663391,-0.044738080352544785,0.39487308263778687,0.8688044548034668,-0.0592905692756176,0.40209218859672546,0.7189826965332031,-0.07000190019607544,0.41980671882629395,0.8192651271820068,-0.08815548568964005,0.39908385276794434,0.8181115984916687,-0.08660329133272171,0.38590794801712036,0.7900665402412415,-0.08401191979646683,0.3665398359298706,0.7252769470214844,-0.0777694582939148,0.38794106245040894,0.8373430371284485,-0.0925220400094986,0.3705497086048126,0.8242961764335632,-0.07918358594179153,0.3610450029373169,0.7895181775093079,-0.07198867201805115,0.332934707403183,0.7399977445602417,-0.08316220343112946,0.35839101672172546,0.8436556458473206,-0.08704308420419693,0.34621870517730713,0.8273948431015015,-0.06616418808698654,0.33753764629364014,0.7966436743736267,-0.055653221905231476,0.30212047696113586,0.7591096758842468,-0.08968905359506607,0.3296184241771698,0.8392857909202576,-0.08519228547811508,0.3243909776210785,0.8248538970947266,-0.06973188370466232,0.3163933753967285,0.797032356262207,-0.06247090920805931
22,left,0.4154101312160492,0.5751842260360718,9.133236034131187e-08,0.37694790959358215,0.5605661273002625,-0.006877002771943808,0.3479562997817993,0.55119389295578,-0.0177371297031641,0.3307323753833771,0.556390643119812,-0.028945261612534523,0.325052946805954,0.5639450550079346,-0.04337417706847191,0.3476269841194153,0.5184000730514526,-0.03399205580353737,0.3333253264427185,0.49578970670700073,-0.054901912808418274,0.3277840316295624,0.46521657705307007,-0.06918181478977203,0.3229833245277405,0.43616560101509094,-0.07889315485954285,0.3709307014942169,0.5182226896286011,-0.039512742310762405,0.34398335218429565,0.5769686698913574,-0.06536053866147995,0.32897552847862244,0.6230812668800354,-0.07730497419834137,0.32029277086257935,0.6564478874206543,-0.0841185674071312,0.3908832371234894,0.5356534719467163,-0.044397421181201935,0.35968491435050964,0.5997486114501953,-0.0693778321146965,0.3432953953742981,0.63956618309021,-0.07622168213129044,0.3335060179233551,0.668435275554657,-0.07708623260259628,0.40325871109962463,0.5606305599212646,-0.04853208735585213,0.37333470582962036,0.6089279651641846,-0.06764524430036545,0.3580436408519745,0.6359692215919495,-0.07134860008955002,0.3465011715888977,0.6539173126220703,-0.07063306123018265
23,right,0.3000178933143616,0.6950094103813171,-2.6996135105150643e-08,0.3539150655269623,0.7103613018989563,-0.008704297244548798,0.402311235666275,0.7746177315711975,-0.02831866778433323,0.4149152636528015,0.844954788684845,-0.04503970220685005,0.39394524693489075,0.8650883436203003,-0.05953079089522362,0.40201643109321594,0.7138634920120239,-0.06907778233289719,0.4195314943790436,0.8161939382553101,-0.08869412541389465,0.3988564610481262,0.8112268447875977,-0.08876407146453857,0.3864343464374542,0.7807871699333191,-0.0871986374258995,0.36601486802101135,0.7205384969711304,-0.07697020471096039,0.38769400119781494,0.8333760499954224,-0.092442587018013,0.370471328496933,0.8175342082977295,-0.07991781830787659,0.36126816272735596,0.7823861837387085,-0.07340981811285019,0.33225053548812866,0.7359720468521118,-0.08280964195728302,0.3577026426792145,0.8399949073791504,-0.08742187917232513,0.34504252672195435,0.8212203979492188,-0.06673292815685272,0.3363032042980194,0.7902334332466125,-0.056338828057050705,0.30150461196899414,0.7555581331253052,-0.08990317583084106,0.3289766311645508,0.8357616662979126,-0.08559176325798035,0.32275158166885376,0.8192110657691956,-0.07007047533988953,0.3142968416213989,0.7905023694038391,-0.06287667900323868
23,left,0.4149092733860016,0.5781242251396179,1.2111709679629712e-07,0.3765464425086975,0.568925142288208,-0.006394804921001196,0.34784361720085144,0.5636707544326782,-0.016483444720506668,0.33047372102737427,0.5693420767784119,-0.026648428291082382,0.3241543471813202,0.5757889747619629,-0.039607156068086624,0.34612008929252625,0.5258326530456543,-0.03310373052954674,0.3317599594593048,0.4985606372356415,-0.05259982869029045,0.3271566927433014,0.46896466612815857,-0.06485182791948318,0.3223637342453003,0.4400647282600403,-0.07283050566911697,0.36694803833961487,0.5191508531570435,-0.037756357342004776,0.33771026134490967,0.5672703385353088,-0.06145580857992172,0.32648664712905884,0.6030253171920776,-0.07204797863960266,0.31933799386024475,0.6273890733718872,-0.0770859569311142,0.3855798542499542,0.5306331515312195,-0.04134501516819,0.3556382954120636,0.6000581979751587,-0.06443968415260315,0.3416570723056793,0.6396160125732422,-0.07081685215234756,0.3333033621311188,0.6679491996765137,-0.07082577049732208,0.39806172251701355,0.5522745251655579,-0.04430272802710533,0.37147027254104614,0.6042386293411255,-0.06021688133478165,0.35700148344039917,0.633823812007904,-0.0628696084022522,0.34554168581962585,0.6532436013221741,-0.061423469334840775
24,right,0.29921281337738037,0.6958560943603516,-3.461663400372572e-09,0.35189884901046753,0.7122752070426941,-0.008064587600529194,0.39713025093078613,0.7753670811653137,-0.02857772260904312,0.41305240988731384,0.8436852693557739,-0.04623601585626602,0.3990752696990967,0.8596401214599609,-0.06152280792593956,0.40193942189216614,0.7155691385269165,-0.07027684897184372,0.41988974809646606,0.816095232963562,-0.08836174756288528,0.3986668884754181,0.8203432559967041,-0.08621536940336227,0.3844936788082123,0.7952017188072205,-0.08314100652933121,0.366319477558136,0.7222152948379517,-0.07879451662302017,0.3877524733543396,0.8333214521408081,-0.09317520260810852,0.36954089999198914,0.8232606649398804,-0.0793314203619957,0.36004701256752014,0.7898467183113098,-0.07209031283855438,0.3322397470474243,0.7374321222305298,-0.08496756106615067,0.3571373522281647,0.8397880792617798,-0.08926253765821457,0.34447866678237915,0.8253685235977173,-0.06794232130050659,0.33610427379608154,0.7959672212600708,-0.05744284391403198,0.30104440450668335,0.7575845718383789,-0.0922471284866333,0.32862725853919983,0.8361116051673889,-0.0886959582567215,0.32292720675468445,0.8221331238746643,-0.07305833697319031,0.31509485840797424,0.7944647669792175,-0.0656287893652916
24,left,0.4151272475719452,0.5764070153236389,8.087366865083823e-08,0.37639617919921875,0.5628244876861572,-0.006729299668222666,0.34666457772254944,0.5559518933296204,-0.016962401568889618,0.32886171340942383,0.5647908449172974,-0.027512993663549423,0.3226886987686157,0.5768188834190369,-0.04114125669002533,0.3463714122772217,0.5231639742851257,-0.03245341032743454,0.332141250371933,0.49735182523727417,-0.052330948412418365,0.3270556330680847,0.4676855802536011,-0.06570076942443848,0.32238757610321045,0.4396165907382965,-0.0748296007514,0.3690568506717682,0.5203911662101746,-0.03742422163486481,0.3412640392780304,0.575770378112793,-0.06242407113313675,0.32840996980667114,0.6199361681938171,-0.07334551215171814,0.32126888632774353,0.6503913402557373,-0.07890890538692474,0.3886398375034332,0.5356032848358154,-0.041768256574869156,0.358401894569397,0.6003613471984863,-0.06587192416191101,0.34391722083091736,0.6391645669937134,-0.07240790873765945,0.33586952090263367,0.6669528484344482,-0.07273358851671219,0.4013025760650635,0.5583412647247314,-0.04543522000312805,0.37266501784324646,0.6071643233299255,-0.06328001618385315,0.3577762842178345,0.6347590684890747,-0.0666869506239891,0.34660542011260986,0.6532920598983765,-0.06570699065923691
25,right,0.3003607988357544,0.6958187222480774,7.1371704102318745e-09,0.35351473093032837,0.7106720805168152,-0.007231160067021847,0.3998047411441803,0.7736290097236633,-0.027285104617476463,0.41429823637008667,0.8427286744117737,-0.04435943812131882,0.3974137306213379,0.8615046739578247,-0.05913688614964485,0.40074872970581055,0.7146174907684326,-0.0704052746295929,0.4199007749557495,0.8168087601661682,-0.08767497539520264,0.39939913153648376,0.8195483088493347,-0.08527171611785889,0.38574618101119995,0.7935743927955627,-0.08226720243692398,0.36542922258377075,0.7225936651229858,-0.07869651913642883,0.38761451840400696,0.8345454931259155,-0.09200146794319153,0.3701319694519043,0.8243975639343262,-0.07759011536836624,0.35999006032943726,0.7910346984863281,-0.07013925164937973,0.33177095651626587,0.7384984493255615,-0.08446235954761505,0.3568107485771179,0.8415732383728027,-0.08752596378326416,0.3454168736934662,0.8286329507827759,-0.06643171608448029,0.3371390104293823,0.7999027967453003,-0.056338805705308914,0.3012116253376007,0.7591078877449036,-0.09116941690444946,0.3284347951412201,0.8368960618972778,-0.08678596466779709,0.32361674308776855,0.8234161734580994,-0.07131095230579376,0.31625595688819885,0.7961569428443909,-0.06419143825769424
25,left,0.41395092010498047,0.5765563249588013,7.661842005290964e-08,0.37535643577575684,0.5638365149497986,-0.005797243677079678,0.346235454082489,0.5564595460891724,-0.01569327898323536,0.3288809657096863,0.5640501379966736,-0.026120752096176147,0.32266250252723694,0.5754395723342896,-0.039686597883701324,0.3460104465484619,0.5226062536239624,-0.031156029552221298,0.3315518796443939,0.4975818395614624,-0.05096708983182907,0.3263855278491974,0.4676913022994995,-0.06423268467187881,0.32164183259010315,0.4394809901714325,-0.07319654524326324,0.3681809604167938,0.5194452404975891,-0.0366319939494133,0.34056520462036133,0.5743603706359863,-0.061609525233507156,0.32757696509361267,0.6192215085029602,-0.07257717102766037,0.32015788555145264,0.6505204439163208,-0.07804539799690247,0.38750481605529785,0.5342742800712585,-0.04147278517484665,0.35741955041885376,0.5990927219390869,-0.06560613960027695,0.343022882938385,0.6388663649559021,-0.07223843783140182,0.334849089384079,0.6671094298362732,-0.07253469526767731,0.40022215247154236,0.5568087100982666,-0.04555546119809151,0.371793657541275,0.6054657101631165,-0.06336332857608795,0.3570432960987091,0.6334631443023682,-0.06673391163349152,0.3457539677619934,0.6521247029304504,-0.06568099558353424
26,right,0.29982075095176697,0.6943989992141724,2.3398921911166326e-08,0.353081613779068,0.7097158432006836,-0.007778424769639969,0.3987984359264374,0.7721954584121704,-0.02920534461736679,0.4130162000656128,0.8415055871009827,-0.04761718586087227,0.39663153886795044,0.8609217405319214,-0.06373335421085358,0.4004567563533783,0.7134811878204346,-0.07339221984148026,0.41918906569480896,0.8145677447319031,-0.09143202006816864,0.3987628221511841,0.8191214799880981,-0.0885189101099968,0.38394081592559814,0.7939749360084534,-0.08477378636598587,0.36492595076560974,0.7202849388122559,-0.08184411376714706,0.387014240026474,0.8335735201835632,-0.09614910930395126,0.36935028433799744,0.8234555721282959,-0.08100995421409607,0.3595501184463501,0.789463460445404,-0.07277564704418182,0.3312332034111023,0.7356683611869812,-0.08770714700222015,0.3566964566707611,0.8402056097984314,-0.09102146327495575,0.34492748975753784,0.8257578015327454,-0.06871739774942398,0.33643263578414917,0.795590877532959,-0.05780161917209625,0.3004609942436218,0.7559815049171448,-0.0946490615606308,0.3277027904987335,0.8355013728141785,-0.09038892388343811,0.3227823078632355,0.8216507434844971,-0.07450010627508163,0.3154289424419403,0.7939313054084778,-0.06707519292831421
26,left,0.4135993719100952,0.5768555402755737,8.693957909144956e-08,0.37476634979248047,0.565192699432373,-0.006723318248987198,0.3452320396900177,0.5591479539871216,-0.016822509467601776,0.32755982875823975,0.5675962567329407,-0.027187813073396683,0.3216288089752197,0.5785772204399109,-0.04054446890950203,0.3454134464263916,0.5239877700805664,-0.031438570469617844,0.33112847805023193,0.49795690178871155,-0.05095786228775978,0.3262704908847809,0.4679427444934845,-0.0640408843755722,0.321865051984787,0.43965670466423035,-0.07286828011274338,0.36774328351020813,0.5199782252311707,-0.03628483787178993,0.34003472328186035,0.574544370174408,-0.060903050005435944,0.3274189829826355,0.617848813533783,-0.07176554203033447,0.3204994797706604,0.6477357745170593,-0.07705695182085037,0.38721418380737305,0.5339245796203613,-0.04048653692007065,0.3577292561531067,0.5991813540458679,-0.06423809379339218,0.3430706560611725,0.6384429335594177,-0.07070934027433395,0.3347929120063782,0.6667122840881348,-0.07080825418233871,0.40011361241340637,0.5560436248779297,-0.04405185207724571,0.37268513441085815,0.6054691672325134,-0.061412375420331955,0.3581600785255432,0.6340890526771545,-0.06443411856889725,0.3471528887748718,0.6533166766166687,-0.06302785128355026
27,right,0.29959917068481445,0.6939941048622131,3.0561732700107314e-08,0.3523092567920685,0.7092117071151733,-0.007878618314862251,0.3971483111381531,0.7713248133659363,-0.028936685994267464,0.4117995798587799,0.8396462798118591,-0.04712676629424095,0.39723438024520874,0.8580245971679688,-0.06297462433576584,0.3999134302139282,0.7130818367004395,-0.071300208568573,0.4190548062324524,0.814454972743988,-0.08986059576272964,0.39931634068489075,0.8197329640388489,-0.08797190338373184,0.385267972946167,0.7942780256271362,-0.08479774743318558,0.36452019214630127,0.7198632955551147,-0.07965017855167389,0.38670045137405396,0.8327553272247314,-0.09434746950864792,0.3694874346256256,0.8235721588134766,-0.08001835644245148,0.3598422110080719,0.7900809645652771,-0.07214691489934921,0.3308340013027191,0.7350668907165527,-0.0856333076953888,0.35623207688331604,0.8388010263442993,-0.08952177315950394,0.34505170583724976,0.8254984021186829,-0.0679204910993576,0.3370091915130615,0.7959701418876648,-0.057185735553503036,0.3000311851501465,0.7553361058235168,-0.09271176904439926,0.32745856046676636,0.8339740633964539,-0.08884159475564957,0.32298293709754944,0.8203692436218262,-0.0732450857758522,0.31598320603370667,0.7926560044288635,-0.06580372899770737
27,left,0.41423824429512024,0.5738134980201721,8.502458825887516e-08,0.3757297992706299,0.5601550340652466,-0.0066903322003781796,0.3465743064880371,0.5530058741569519,-0.01729647070169449,0.3294336795806885,0.5607069730758667,-0.028165379539132118,0.3242044746875763,0.5717225670814514,-0.042212847620248795,0.34693408012390137,0.5196514129638672,-0.033565256744623184,0.33228203654289246,0.49537262320518494,-0.05389958992600441,0.3271864354610443,0.46557366847991943,-0.06754613667726517,0.32248350977897644,0.43733471632003784,-0.07680731266736984,0.3693320155143738,0.5178179740905762,-0.03878338634967804,0.3409358561038971,0.5734118223190308,-0.06432858109474182,0.32736602425575256,0.6179612874984741,-0.0755000188946724,0.31962519884109497,0.6493741869926453,-0.08119169622659683,0.38855546712875366,0.5338301658630371,-0.043305326253175735,0.3577331006526947,0.5984383821487427,-0.0680556446313858,0.34278538823127747,0.6377705931663513,-0.0748523697257042,0.3342762589454651,0.6662435531616211,-0.0752706304192543,0.40066856145858765,0.5574471354484558,-0.047085631638765335,0.3717142939567566,0.6055718064308167,-0.06549561023712158,0.3567104935646057,0.6333686113357544,-0.06900529563426971,0.34539783000946045,0.6524047255516052,-0.06805664300918579
28,right,0.298750638961792,0.6939965486526489,5.732368357769246e-09,0.3504617214202881,0.7087541222572327,-0.00792228989303112,0.39556583762168884,0.7708801627159119,-0.028294233605265617,0.4102499485015869,0.8396603465080261,-0.045868612825870514,0.39662736654281616,0.8583831787109375,-0.06112034246325493,0.39963504672050476,0.7127614617347717,-0.06951092928647995,0.41886869072914124,0.8140937089920044,-0.08838581293821335,0.39793747663497925,0.8170587420463562,-0.08751674741506577,0.3842427432537079,0.7904675006866455,-0.08517419546842575,0.36466360092163086,0.7200021147727966,-0.07777486741542816,0.38645970821380615,0.8323516249656677,-0.0924476832151413,0.36869537830352783,0.8216898441314697,-0.07901734858751297,0.3588869869709015,0.7872864007949829,-0.07192107290029526,0.33112773299217224,0.7354118824005127,-0.08386271446943283,0.3554967939853668,0.8385384678840637,-0.08807919174432755,0.34352296590805054,0.8240182399749756,-0.067319355905056,0.3355107307434082,0.7940257787704468,-0.0571475550532341,0.3003907799720764,0.7558397054672241,-0.09102968126535416,0.32727593183517456,0.8344706296920776,-0.08744589984416962,0.32174161076545715,0.8198506832122803,-0.07220839709043503,0.31443697214126587,0.7915577292442322,-0.06503597646951675
28,left,0.4132451117038727,0.5752729177474976,1.3632940465413412e-07,0.37424609065055847,0.566531777381897,-0.0064232186414301395,0.345422625541687,0.5622414946556091,-0.016933711245656013,0.3287508487701416,0.5691286325454712,-0.027573900297284126,0.32329490780830383,0.577620267868042,-0.041018981486558914,0.3450290262699127,0.5250171422958374,-0.03362840786576271,0.3303316533565521,0.4981265068054199,-0.05326634645462036,0.32591456174850464,0.4688689708709717,-0.06550659239292145,0.3211648762226105,0.43993517756462097,-0.07353585958480835,0.365919291973114,0.5184793472290039,-0.03864629566669464,0.3368281424045563,0.5646630525588989,-0.06264865398406982,0.32573097944259644,0.6001311540603638,-0.07326768338680267,0.31861013174057007,0.624057412147522,-0.07831557840108871,0.38495442271232605,0.5300310254096985,-0.04258843883872032,0.354753315448761,0.5982248783111572,-0.06617189198732376,0.3405046761035919,0.6388575434684753,-0.07260312885046005,0.33202359080314636,0.6676481366157532,-0.07257677614688873,0.3981059193611145,0.5514196157455444,-0.0458565391600132,0.37096676230430603,0.6031301021575928,-0.062016114592552185,0.35668057203292847,0.6328313946723938,-0.06460512429475784,0.34551525115966797,0.6519709229469299,-0.06315432488918304
29,right,0.29937976598739624,0.692835807800293,2.153345945998808e-08,0.3518696427345276,0.7080544233322144,-0.007639429997652769,0.3972289264202118,0.7706229090690613,-0.028102736920118332,0.4113468825817108,0.8400012254714966,-0.045801591128110886,0.3959510922431946,0.857496440410614,-0.061225783079862595,0.39971962571144104,0.7116432189941406,-0.0693439170718193,0.41877564787864685,0.8130571842193604,-0.08805875480175018,0.39879196882247925,0.8167726993560791,-0.08743032068014145,0.3849099576473236,0.7908598184585571,-0.08525627851486206,0.36448702216148376,0.7191835045814514,-0.07763469219207764,0.38650739192962646,0.8318778872489929,-0.0918867364525795,0.369266539812088,0.8223208785057068,-0.07837522774934769,0.3592672348022461,0.7890431880950928,-0.07122326642274857,0.3310182988643646,0.7349831461906433,-0.08366532623767853,0.35559770464897156,0.838596522808075,-0.08714410662651062,0.34436339139938354,0.8248469233512878,-0.06626046448945999,0.3362810015678406,0.7952442169189453,-0.05604133382439613,0.300513356924057,0.7557793855667114,-0.09081509709358215,0.3276050388813019,0.8347658514976501,-0.0864783301949501,0.3229415714740753,0.8210853338241577,-0.07102509588003159,0.3157674968242645,0.7935693860054016,-0.06373635679483414
29,left,0.41317158937454224,0.5748953819274902,7.500549514816157e-08,0.3747771680355072,0.5625894069671631,-0.005676335655152798,0.3462766706943512,0.555557906627655,-0.015639282763004303,0.3293280601501465,0.563036322593689,-0.026098495349287987,0.3232770562171936,0.5732043385505676,-0.039662573486566544,0.3463956415653229,0.5201396942138672,-0.03133457526564598,0.3320750892162323,0.49550390243530273,-0.050649575889110565,0.32726237177848816,0.4660281836986542,-0.06339038908481598,0.322793573141098,0.437913179397583,-0.07194093614816666,0.3682272732257843,0.5166091322898865,-0.036755118519067764,0.3403984606266022,0.5711548328399658,-0.0611422061920166,0.32717272639274597,0.6151886582374573,-0.07206378877162933,0.319580078125,0.6463695168495178,-0.07760442793369293,0.38722288608551025,0.5312544703483582,-0.04142242297530174,0.3570692837238312,0.5964297652244568,-0.06548997014760971,0.3428494334220886,0.6363610029220581,-0.07247625291347504,0.33480414748191833,0.6650657653808594,-0.07295945286750793,0.3995751142501831,0.5539855360984802,-0.04523865878582001,0.3710123300552368,0.6032070517539978,-0.06291257590055466,0.356706440448761,0.6314031481742859,-0.06633161753416061,0.3458726108074188,0.6504489779472351,-0.06531640887260437
30,right,0.2980201244354248,0.6945809721946716,2.6143127662692223e-09,0.34914660453796387,0.7092080116271973,-0.007864721119403839,0.3944375813007355,0.7712616324424744,-0.02782817929983139,0.4101157486438751,0.8400593996047974,-0.044942960143089294,0.39709851145744324,0.8578886985778809,-0.0596441850066185,0.39920562505722046,0.7121444344520569,-0.06807321310043335,0.41883182525634766,0.8135481476783752,-0.08664251118898392,0.3976989984512329,0.8167787790298462,-0.08614132553339005,0.38359832763671875,0.7903261184692383,-0.08407340198755264,0.36452925205230713,0.7201986312866211,-0.07605698704719543,0.38612493872642517,0.8321446180343628,-0.09006956219673157,0.36859720945358276,0.8227074146270752,-0.07691032439470291,0.358554482460022,0.788790225982666,-0.07005256414413452,0.33106666803359985,0.7361204028129578,-0.08190421015024185,0.3550301492214203,0.8391831517219543,-0.08574613183736801,0.34368377923965454,0.8265365362167358,-0.06536880135536194,0.3359256982803345,0.7973901629447937,-0.05546686425805092,0.3004768490791321,0.7569998502731323,-0.08878956735134125,0.3270728290081024,0.8353227972984314,-0.08497653901576996,0.3219810426235199,0.8214215040206909,-0.06975927203893661,0.3150143027305603,0.7933867573738098,-0.062576062977314
30,left,0.41285622119903564,0.5766187906265259,1.0444735210057843e-07,0.3743428885936737,0.5648123621940613,-0.0068583860993385315,0.34551045298576355,0.558515727519989,-0.016988297924399376,0.3287598490715027,0.5653793811798096,-0.027313362807035446,0.3244929015636444,0.573436975479126,-0.04069439694285393,0.3452022075653076,0.5226880311965942,-0.03239848092198372,0.3309028744697571,0.49700891971588135,-0.05166943371295929,0.32622453570365906,0.4674816131591797,-0.06415050476789474,0.3215506970882416,0.4388941824436188,-0.07243954390287399,0.3665143847465515,0.5176810622215271,-0.03710050880908966,0.3379146456718445,0.5700473189353943,-0.061374738812446594,0.32668980956077576,0.6093859672546387,-0.07237254083156586,0.32001349329948425,0.6361535787582397,-0.07752759754657745,0.38547319173812866,0.5305490493774414,-0.0408894307911396,0.35595378279685974,0.5986783504486084,-0.06440841406583786,0.341741144657135,0.6380295157432556,-0.0713379830121994,0.3334205150604248,0.6665781736373901,-0.0715598613023758,0.3980695307254791,0.5527390837669373,-0.044090401381254196,0.37185952067375183,0.6036207675933838,-0.0605311319231987,0.3574768304824829,0.6326137781143188,-0.06356248259544373,0.3464994728565216,0.6521825790405273,-0.06221961975097656
31,right,0.29855307936668396,0.6933515071868896,1.2248669634118414e-08,0.35195156931877136,0.7076908946037292,-0.008055785670876503,0.3972500264644623,0.7706763744354248,-0.029003798961639404,0.41098684072494507,0.8409380912780762,-0.04695562645792961,0.39488187432289124,0.8613024950027466,-0.06252844631671906,0.3990715444087982,0.7117767333984375,-0.07076951116323471,0.41771256923675537,0.812304675579071,-0.08882372081279755,0.3971361815929413,0.8156708478927612,-0.08690057694911957,0.38294532895088196,0.7892277836799622,-0.08393801748752594,0.36396294832229614,0.7201588153839111,-0.07880290597677231,0.38574984669685364,0.8321128487586975,-0.09240716695785522,0.36819741129875183,0.8220606446266174,-0.07800472527742386,0.3584347367286682,0.7880261540412903,-0.07043758779764175,0.33055388927459717,0.7364929914474487,-0.08448132872581482,0.35480955243110657,0.8396981358528137,-0.08758652955293655,0.3434969186782837,0.8257576823234558,-0.06636416912078857,0.33569204807281494,0.7958835959434509,-0.056159839034080505,0.30012455582618713,0.7575196623802185,-0.09124547243118286,0.3268319070339203,0.8357900381088257,-0.08672719448804855,0.32193663716316223,0.8214969038963318,-0.07116574048995972,0.31490305066108704,0.793269693851471,-0.0639660656452179
31,left,0.41165855526924133,0.57713782787323,8.991835187543984e-08,0.3725830018520355,0.5666476488113403,-0.006276214029639959,0.34356388449668884,0.5603333711624146,-0.01603155955672264,0.3265208601951599,0.5686490535736084,-0.026216864585876465,0.32120782136917114,0.579280436038971,-0.039363715797662735,0.34393322467803955,0.5226819515228271,-0.030193325132131577,0.3305820822715759,0.495750367641449,-0.048743460327386856,0.326097309589386,0.46551981568336487,-0.0610819011926651,0.3219083249568939,0.43726813793182373,-0.06950915604829788,0.36611321568489075,0.5174276232719421,-0.03520242124795914,0.339004784822464,0.5719351172447205,-0.05916329100728035,0.32701781392097473,0.6142321228981018,-0.07008577883243561,0.32017314434051514,0.6433831453323364,-0.07543422281742096,0.38570868968963623,0.5307372808456421,-0.03948310762643814,0.35695594549179077,0.597220242023468,-0.06289646029472351,0.3425825834274292,0.6365948915481567,-0.06984974443912506,0.33394289016723633,0.665022611618042,-0.07026289403438568,0.3985753655433655,0.5527994632720947,-0.043090347200632095,0.3717106282711029,0.6026583313941956,-0.06002297252416611,0.35726794600486755,0.6308913230895996,-0.06326867640018463,0.3460964262485504,0.6498757600784302,-0.06208427622914314
32,right,0.29997217655181885,0.6930387616157532,-1.0668948391412414e-08,0.3528081178665161,0.7067986130714417,-0.007950389757752419,0.39902088046073914,0.7709864377975464,-0.02786421589553356,0.41058510541915894,0.8432194590568542,-0.04493667185306549,0.39107978343963623,0.8657680749893188,-0.059857022017240524,0.3998885452747345,0.7117142677307129,-0.06725224107503891,0.41852813959121704,0.8129386901855469,-0.0862550288438797,0.3977424204349518,0.8105446100234985,-0.08758099377155304,0.3850557506084442,0.7820161581039429,-0.08721409738063812,0.36492806673049927,0.7202596664428711,-0.07519635558128357,0.386343389749527,0.8314997553825378,-0.08940085023641586,0.3691850006580353,0.8176319003105164,-0.07766177505254745,0.35941460728645325,0.7822866439819336,-0.07195878028869629,0.331590473651886,0.7364392280578613,-0.08095896244049072,0.3559693694114685,0.8396167755126953,-0.08413370698690414,0.3445949852466583,0.8231279850006104,-0.06423843652009964,0.3367966115474701,0.79234379529953,-0.05481375753879547,0.30116063356399536,0.7572091817855835,-0.08786612004041672,0.327886700630188,0.835452675819397,-0.08301065862178802,0.32240644097328186,0.820101261138916,-0.06763208657503128,0.3146575391292572,0.7919231057167053,-0.06056705117225647
32,left,0.41146188974380493,0.5759371519088745,7.208767272004479e-08,0.3723791241645813,0.562615692615509,-0.005902447737753391,0.34314480423927307,0.5559701919555664,-0.015575957484543324,0.32715702056884766,0.5652012825012207,-0.025875242426991463,0.3237377107143402,0.5763093829154968,-0.03937126696109772,0.34609952569007874,0.520550549030304,-0.03107951022684574,0.33148619532585144,0.49560290575027466,-0.04921707510948181,0.3267074227333069,0.4673193693161011,-0.06090456619858742,0.32208704948425293,0.43984541296958923,-0.06898963451385498,0.367802232503891,0.5174767374992371,-0.03636333346366882,0.34053313732147217,0.5737226605415344,-0.06028112396597862,0.3293677270412445,0.6166496276855469,-0.0708402767777443,0.323323518037796,0.6449568867683411,-0.07592453062534332,0.3868616223335266,0.5325831174850464,-0.04077227786183357,0.3572646379470825,0.5993368625640869,-0.06408854573965073,0.3428025245666504,0.6393684148788452,-0.07104577124118805,0.3345697820186615,0.6674534678459167,-0.07148510217666626,0.3994903266429901,0.555891215801239,-0.044457413256168365,0.3723543882369995,0.6049210429191589,-0.060972824692726135,0.35679545998573303,0.6330545544624329,-0.06420528143644333,0.34539595246315,0.6519685983657837,-0.06315197050571442
33,right,0.298933207988739,0.693170964717865,-1.1809628830405927e-08,0.351359099149704,0.7082157135009766,-0.007818595506250858,0.39742302894592285,0.7722805142402649,-0.02753255143761635,0.41017022728919983,0.8431682586669922,-0.04447318986058235,0.3921700417995453,0.8654669523239136,-0.05912409722805023,0.400009423494339,0.712861955165863,-0.06629984825849533,0.4183187782764435,0.813690721988678,-0.08496353775262833,0.3969172537326813,0.812689483165741,-0.08570314198732376,0.3839106857776642,0.7847732901573181,-0.08487292379140854,0.3655627965927124,0.7207602262496948,-0.07435303181409836,0.386420875787735,0.8317429423332214,-0.08827776461839676,0.3686074912548065,0.8193026781082153,-0.07624324411153793,0.35877716541290283,0.7843980193138123,-0.07025102525949478,0.33220231533050537,0.7363035678863525,-0.08031518757343292,0.355757474899292,0.8393949270248413,-0.08396951109170914,0.34379464387893677,0.8243764042854309,-0.06434620916843414,0.33603256940841675,0.7942095398902893,-0.05490737035870552,0.3014627993106842,0.7566856145858765,-0.08733732253313065,0.3275184631347656,0.8352084159851074,-0.08308452367782593,0.32170039415359497,0.8207758665084839,-0.06798166781663895,0.3141535222530365,0.7927194833755493,-0.06093566119670868
33,left,0.40988534688949585,0.5769550800323486,7.218464048719397e-08,0.3712700605392456,0.5672586560249329,-0.006056672427803278,0.342861533164978,0.5612415075302124,-0.015660297125577927,0.32758212089538574,0.5681830048561096,-0.025828195735812187,0.32436543703079224,0.5766005516052246,-0.03916586562991142,0.34396982192993164,0.5233018398284912,-0.030528021976351738,0.3300243616104126,0.49740836024284363,-0.048892755061388016,0.32548418641090393,0.46861666440963745,-0.06108668074011803,0.3211393356323242,0.4411686658859253,-0.06954128295183182,0.3659331500530243,0.5178625583648682,-0.03587288409471512,0.33968496322631836,0.5728374123573303,-0.06023697182536125,0.3292158544063568,0.6153591871261597,-0.07111242413520813,0.32332366704940796,0.6442080140113831,-0.07614561915397644,0.38553252816200256,0.5308432579040527,-0.040397100150585175,0.35657206177711487,0.5984793305397034,-0.06372414529323578,0.3430483341217041,0.6383861303329468,-0.07041554152965546,0.3349887430667877,0.6667073965072632,-0.07061796635389328,0.3984624147415161,0.55254065990448,-0.044305115938186646,0.37261563539505005,0.6042523980140686,-0.060831133276224136,0.3576033115386963,0.6338579058647156,-0.06379850953817368,0.34605592489242554,0.6535172462463379,-0.062455806881189346
34,right,0.3000466823577881,0.6938431859016418,-9.434338643643514e-09,0.3527386784553528,0.7076764106750488,-0.008333115838468075,0.3986178934574127,0.7714673280715942,-0.028553953394293785,0.41078469157218933,0.8429436087608337,-0.045760128647089005,0.3924219310283661,0.8656167984008789,-0.060610637068748474,0.400311678647995,0.7125638723373413,-0.0686814934015274,0.41938838362693787,0.8138601779937744,-0.08745326846837997,0.39836710691452026,0.8116695880889893,-0.08770635724067688,0.3858954608440399,0.7834601402282715,-0.08662231266498566,0.36557841300964355,0.7215091586112976,-0.07655699551105499,0.3874799311161041,0.8324881196022034,-0.09094078838825226,0.3698212206363678,0.8188570141792297,-0.0784207209944725,0.3602146804332733,0.783709704875946,-0.07215137034654617,0.33236128091812134,0.737642765045166,-0.08223471790552139,0.35718613862991333,0.8406222462654114,-0.08600909262895584,0.3452305197715759,0.824537992477417,-0.0656047984957695,0.3373399078845978,0.7938961386680603,-0.05573036149144173,0.3018967807292938,0.7582615613937378,-0.08902179449796677,0.3287593424320221,0.8365041613578796,-0.08470166474580765,0.3229886591434479,0.8214977383613586,-0.06915377825498581,0.3150518536567688,0.7933132648468018,-0.0619053952395916
34,left,0.41035714745521545,0.5752222537994385,7.265555979074634e-08,0.3720809519290924,0.5628705024719238,-0.005556329153478146,0.3433779776096344,0.5580229163169861,-0.015269019640982151,0.32729092240333557,0.567900538444519,-0.025782935321331024,0.32361316680908203,0.579421877861023,-0.03961045295000076,0.3443293273448944,0.5220279693603516,-0.030437983572483063,0.33015936613082886,0.4995999038219452,-0.04942944645881653,0.3260778486728668,0.4712800979614258,-0.06201659142971039,0.3218601942062378,0.4435887336730957,-0.07060404121875763,0.366402804851532,0.5177513957023621,-0.03631945699453354,0.3395635783672333,0.5739279985427856,-0.060984645038843155,0.32950538396835327,0.6162047386169434,-0.07187848538160324,0.32387715578079224,0.6446197032928467,-0.07692065834999084,0.38610005378723145,0.5316571593284607,-0.04141664877533913,0.3571232855319977,0.5985163450241089,-0.06516445428133011,0.3434966504573822,0.6384029388427734,-0.07187911123037338,0.3354400396347046,0.666911244392395,-0.07198072969913483,0.3991396427154541,0.5540690422058105,-0.04586612805724144,0.3731898367404938,0.604698657989502,-0.06263647973537445,0.3581242263317108,0.6337684392929077,-0.06561164557933807,0.34656822681427,0.6536303758621216,-0.06424437463283539
35,right,0.3004050552845001,0.6932183504104614,-6.465738611183269e-09,0.3528309762477875,0.7091346979141235,-0.0078129256144166,0.3981710970401764,0.7737366557121277,-0.027831386774778366,0.4111717939376831,0.8445519208908081,-0.044937390834093094,0.39349526166915894,0.8619279861450195,-0.05974116176366806,0.40088358521461487,0.712961733341217,-0.06802904605865479,0.4191216826438904,0.8141469359397888,-0.08627703785896301,0.39746254682540894,0.814837634563446,-0.0863240659236908,0.3841225802898407,0.7877921462059021,-0.0850595161318779,0.3662225604057312,0.72076416015625,-0.07609938085079193,0.38665127754211426,0.8322221040725708,-0.08955948054790497,0.3689008355140686,0.8208269476890564,-0.07689204812049866,0.35914602875709534,0.7868866920471191,-0.07070282846689224,0.3327118158340454,0.736446738243103,-0.08192041516304016,0.3557434678077698,0.8400587439537048,-0.08482498675584793,0.3442998230457306,0.8256201148033142,-0.06474379450082779,0.33671867847442627,0.7962120771408081,-0.05535654351115227,0.3020053207874298,0.757079541683197,-0.08884810656309128,0.32781678438186646,0.8362681269645691,-0.08417251706123352,0.3227155804634094,0.822158932685852,-0.06899270415306091,0.31563714146614075,0.7945277094841003,-0.06211908534169197
35,left,0.4104474186897278,0.574284553527832,9.262534916842924e-08,0.3731757700443268,0.5615286231040955,-0.006036835722625256,0.3444904685020447,0.5562329888343811,-0.015996737405657768,0.3283398151397705,0.5650131702423096,-0.02639535628259182,0.32444438338279724,0.5758424401283264,-0.04002324119210243,0.34495481848716736,0.5216143727302551,-0.03234372287988663,0.33100807666778564,0.4978194534778595,-0.05168881267309189,0.3266500234603882,0.47014808654785156,-0.06413470953702927,0.32229024171829224,0.4427548944950104,-0.07253103703260422,0.3659839332103729,0.5175617933273315,-0.037781037390232086,0.33824366331100464,0.5706855654716492,-0.06238718330860138,0.3283647894859314,0.6110541820526123,-0.07320037484169006,0.32238468527793884,0.6375619173049927,-0.07822416722774506,0.3849853277206421,0.531236469745636,-0.042264424264431,0.3555344343185425,0.5989552736282349,-0.06625007838010788,0.3426936864852905,0.6386817693710327,-0.07302022725343704,0.33490297198295593,0.6666370630264282,-0.07312174886465073,0.3975910544395447,0.5533851385116577,-0.04604426026344299,0.3716239631175995,0.6049827337265015,-0.06265506893396378,0.3572361171245575,0.634639322757721,-0.06555431336164474,0.34599539637565613,0.654079794883728,-0.0642281100153923
36,right,0.2997739017009735,0.6931037306785583,-1.44180152261697e-08,0.3526003956794739,0.7078031897544861,-0.007926388643682003,0.3991886377334595,0.7721065282821655,-0.027377290651202202,0.41206055879592896,0.8434916138648987,-0.04387122765183449,0.3926841616630554,0.8624997735023499,-0.058126628398895264,0.40039142966270447,0.7122044563293457,-0.0666792169213295,0.4184446632862091,0.8132472634315491,-0.08475832641124725,0.39682185649871826,0.8124083876609802,-0.08508796989917755,0.3834690749645233,0.7846745252609253,-0.08404072374105453,0.3658297657966614,0.7205923199653625,-0.07440441846847534,0.38636866211891174,0.8320237994194031,-0.0875864177942276,0.3687960207462311,0.8193581700325012,-0.07528804987668991,0.35897600650787354,0.7845973968505859,-0.06925435364246368,0.3325636088848114,0.7367506623268127,-0.07994084060192108,0.355499804019928,0.8395434617996216,-0.08252392709255219,0.34396952390670776,0.8238381743431091,-0.0629025399684906,0.33637771010398865,0.7936070561408997,-0.05375862121582031,0.301998496055603,0.7575485706329346,-0.08659442514181137,0.3276177942752838,0.8356832265853882,-0.08167384564876556,0.3220430612564087,0.8204951882362366,-0.06668595969676971,0.3147852420806885,0.7923762202262878,-0.05991046130657196
36,left,0.4101541042327881,0.573267936706543,9.163421310631747e-08,0.3723330795764923,0.5602617263793945,-0.006578090135008097,0.3437102735042572,0.5545811653137207,-0.01660209335386753,0.32778245210647583,0.5635889172554016,-0.02698480896651745,0.3243069052696228,0.5749843120574951,-0.04066203907132149,0.34491097927093506,0.5195170640945435,-0.03227519616484642,0.3303999602794647,0.49775585532188416,-0.05123775079846382,0.3257717788219452,0.46999186277389526,-0.06397811323404312,0.32125523686408997,0.44264349341392517,-0.07276781648397446,0.36606502532958984,0.5168759226799011,-0.03756247088313103,0.3394389748573303,0.5718991160392761,-0.061329200863838196,0.32818344235420227,0.6135556697845459,-0.07215069234371185,0.32139691710472107,0.6411842703819275,-0.07770317792892456,0.3852861821651459,0.5323007106781006,-0.04202887788414955,0.3566860556602478,0.5990061163902283,-0.06526488810777664,0.34298431873321533,0.6382831335067749,-0.07220089435577393,0.33484697341918945,0.665974497795105,-0.07291300594806671,0.39818981289863586,0.5561192631721497,-0.045891981571912766,0.3724750578403473,0.6065312027931213,-0.06266210228204727,0.35770750045776367,0.6350563764572144,-0.06586720794439316,0.3464308977127075,0.6539003252983093,-0.06494888663291931
