1,right,0,0,0,0,0,0,0,0,0,0,0,0,0,0,0,0,0,0,0,0,0,0,0,0,0,0,0,0,0,0,0,0,0,0,0,0,0,0,0,0,0,0,0,0,0,0,0,0,0,0,0,0,0,0,0,0,0,0,0,0,0,0,0
1,left,0,0,0,0,0,0,0,0,0,0,0,0,0,0,0,0,0,0,0,0,0,0,0,0,0,0,0,0,0,0,0,0,0,0,0,0,0,0,0,0,0,0,0,0,0,0,0,0,0,0,0,0,0,0,0,0,0,0,0,0,0,0,0
2,right,0,0,0,0,0,0,0,0,0,0,0,0,0,0,0,0,0,0,0,0,0,0,0,0,0,0,0,0,0,0,0,0,0,0,0,0,0,0,0,0,0,0,0,0,0,0,0,0,0,0,0,0,0,0,0,0,0,0,0,0,0,0,0
2,left,0,0,0,0,0,0,0,0,0,0,0,0,0,0,0,0,0,0,0,0,0,0,0,0,0,0,0,0,0,0,0,0,0,0,0,0,0,0,0,0,0,0,0,0,0,0,0,0,0,0,0,0,0,0,0,0,0,0,0,0,0,0,0
3,right,0,0,0,0,0,0,0,0,0,0,0,0,0,0,0,0,0,0,0,0,0,0,0,0,0,0,0,0,0,0,0,0,0,0,0,0,0,0,0,0,0,0,0,0,0,0,0,0,0,0,0,0,0,0,0,0,0,0,0,0,0,0,0
3,left,0,0,0,0,0,0,0,0,0,0,0,0,0,0,0,0,0,0,0,0,0,0,0,0,0,0,0,0,0,0,0,0,0,0,0,0,0,0,0,0,0,0,0,0,0,0,0,0,0,0,0,0,0,0,0,0,0,0,0,0,0,0,0
4,right,0.3216083347797394,0.8222761750221252,-2.142494182066912e-09,0.3709816634654999,0.8155987858772278,-0.0016915190499275923,0.41667813062667847,0.8435472846031189,-0.010637431405484676,0.44096624851226807,0.8913258910179138,-0.019635852426290512,0.4454413652420044,0.9381322264671326,-0.02680847980082035,0.43313655257225037,0.8422487378120422,-0.025051234290003777,0.45212072134017944,0.9194192290306091,-0.038111843168735504,0.443704217672348,0.9410768747329712,-0.04235474020242691,0.4352317452430725,0.9447994828224182,-0.04393034428358078,0.4091145694255829,0.865972638130188,-0.03179377689957619,0.42669540643692017,0.9468649625778198,-0.0418698824942112,0.417165070772171,0.9466846585273743,-0.03879960998892784,0.4097561836242676,0.9261826872825623,-0.036652788519859314,0.3820451498031616,0.8903601169586182,-0.03782656788825989,0.4018489718437195,0.9573941826820374,-0.042304277420043945,0.3925803601741791,0.9506745338439941,-0.030850140377879143,0.38433578610420227,0.9294971227645874,-0.023833151906728745,0.35521525144577026,0.9130647778511047,-0.0442497655749321,0.3776106834411621,0.9587401747703552,-0.04332510754466057,0.3709377944469452,0.9498154520988464,-0.032293278723955154,0.3627319037914276,0.9318427443504333,-0.024833323433995247
4,left,0,0,0,0,0,0,0,0,0,0,0,0,0,0,0,0,0,0,0,0,0,0,0,0,0,0,0,0,0,0,0,0,0,0,0,0,0,0,0,0,0,0,0,0,0,0,0,0,0,0,0,0,0,0,0,0,0,0,0,0,0,0,0
5,right,0.3473905920982361,0.7563262581825256,-1.1492068807683609e-07,0.3956555128097534,0.7607414722442627,-0.005349975079298019,0.44189655780792236,0.8076310157775879,-0.0197178702801466,0.46017947793006897,0.8683232665061951,-0.033364176750183105,0.4502279460430145,0.9016128778457642,-0.04399845376610756,0.4538802206516266,0.7652836441993713,-0.03960695117712021,0.4773429036140442,0.8541879057884216,-0.05684586241841316,0.4571951925754547,0.8527029156684875,-0.06102105602622032,0.4449383318424225,0.8307770490646362,-0.06206139177083969,0.42764273285865784,0.7825313210487366,-0.04738977551460266,0.4491144120693207,0.8760372400283813,-0.05931885540485382,0.4314587414264679,0.8667871952056885,-0.053262628614902496,0.42212074995040894,0.8398323059082031,-0.05003800243139267,0.4008122980594635,0.8055794835090637,-0.05451717972755432,0.42305535078048706,0.8902515769004822,-0.05822869390249252,0.4085817337036133,0.8770949840545654,-0.04294166713953018,0.3994385302066803,0.8518006205558777,-0.03467605635523796,0.374519407749176,0.8312739133834839,-0.06274154037237167,0.39962026476860046,0.8947435021400452,-0.05819758400321007,0.389737069606781,0.8829966187477112,-0.04398611560463905,0.3795400559902191,0.862678050994873,-0.03623704984784126
5,left,0.42524176836013794,0.6145673394203186,-1.7455772649555001e-07,0.38619551062583923,0.5964889526367188,-0.002205983968451619,0.35277289152145386,0.5930272936820984,-0.008966042660176754,0.3299088478088379,0.6078004240989685,-0.015340215526521206,0.3173243999481201,0.6258359551429749,-0.023478081449866295,0.34446021914482117,0.5677831172943115,-0.028705988079309464,0.3158382177352905,0.5609565377235413,-0.04481878876686096,0.2984774112701416,0.576351523399353,-0.052656251937150955,0.28405192494392395,0.597155749797821,-0.05656455457210541,0.36614295840263367,0.5719963908195496,-0.03348308429121971,0.3343704640865326,0.6356549859046936,-0.05074576288461685,0.32074278593063354,0.6817593574523926,-0.05778814107179642,0.31237998604774475,0.7157256007194519,-0.06216220185160637,0.38538166880607605,0.5887153744697571,-0.03699900582432747,0.35463249683380127,0.6539628505706787,-0.0550154410302639,0.3385485112667084,0.6921061277389526,-0.059966545552015305,0.32804012298583984,0.7188590168952942,-0.060647476464509964,0.3995184302330017,0.6104634404182434,-0.03914700448513031,0.3722238540649414,0.6578360795974731,-0.05208688974380493,0.36092957854270935,0.6796496510505676,-0.05369196832180023,0.3527458906173706,0.693884015083313,-0.05238964781165123
6,right,0.3499542474746704,0.741828441619873,-2.7065828689387672e-08,0.40104496479034424,0.7518336176872253,-0.00563497468829155,0.44577524065971375,0.8065622448921204,-0.023831037804484367,0.4659371078014374,0.8736236691474915,-0.040017515420913696,0.4567521810531616,0.9029397368431091,-0.05363417789340019,0.46463263034820557,0.7580265998840332,-0.057390473783016205,0.4809194803237915,0.8553531169891357,-0.07164698094129562,0.45931476354599,0.8564154505729675,-0.068943090736866,0.4478816092014313,0.8321306705474854,-0.06645994633436203,0.4345945715904236,0.7704863548278809,-0.06597527116537094,0.45295873284339905,0.8728240132331848,-0.07594031095504761,0.43362748622894287,0.8653685450553894,-0.06387678533792496,0.42539605498313904,0.8381345272064209,-0.058700062334537506,0.4038301408290863,0.7904379963874817,-0.07248727977275848,0.4251282811164856,0.8841248154640198,-0.07475414127111435,0.4105725586414337,0.8703784346580505,-0.056426793336868286,0.40307894349098206,0.8426392674446106,-0.04834812507033348,0.3750068247318268,0.8143901228904724,-0.07981834560632706,0.4002394676208496,0.8848508596420288,-0.07556959986686707,0.39149871468544006,0.8716819882392883,-0.061521291732788086,0.384459525346756,0.8470838069915771,-0.05510838329792023
6,left,0.4188781976699829,0.6017584800720215,-1.8909216237261717e-07,0.37738630175590515,0.5835896730422974,-0.0031946413218975067,0.3477131128311157,0.5684864521026611,-0.010328657925128937,0.3319149911403656,0.5694032311439514,-0.018327828496694565,0.3248760402202606,0.5766335129737854,-0.028508855029940605,0.34398943185806274,0.5427573323249817,-0.025516530498862267,0.324874609708786,0.5305373668670654,-0.0439041405916214,0.3105512261390686,0.5404248237609863,-0.053621403872966766,0.2985368072986603,0.5604047179222107,-0.05839231237769127,0.3643714189529419,0.5469211339950562,-0.03189096972346306,0.34043142199516296,0.6074272990226746,-0.05149802938103676,0.3289688527584076,0.65547776222229,-0.06054025515913963,0.3213258981704712,0.694071888923645,-0.06575490534305573,0.3844878673553467,0.565654993057251,-0.03793615475296974,0.36115074157714844,0.6341723799705505,-0.05871514230966568,0.3457548916339874,0.6747037172317505,-0.0659438967704773,0.3340097963809967,0.7038637399673462,-0.06768873333930969,0.3996463418006897,0.592361569404602,-0.042914729565382004,0.376352459192276,0.6455910205841064,-0.05709303170442581,0.36202406883239746,0.6723595857620239,-0.06015194207429886,0.3494558036327362,0.6899975538253784,-0.05994865670800209
7,right,0.3525729775428772,0.7459606528282166,-1.0954378737437764e-08,0.4058397114276886,0.7543907761573792,-0.006302209571003914,0.45151057839393616,0.8103916049003601,-0.024282142519950867,0.4710744023323059,0.8790978193283081,-0.040065210312604904,0.45850974321365356,0.9141033291816711,-0.05321202054619789,0.46759873628616333,0.7721036672592163,-0.05676855519413948,0.48421669006347656,0.8743019104003906,-0.07149345427751541,0.46342968940734863,0.875350296497345,-0.06968580186367035,0.45304498076438904,0.8514859080314636,-0.0679030641913414,0.4377577006816864,0.784825325012207,-0.06469615548849106,0.456464022397995,0.8904145359992981,-0.07392233610153198,0.4368855655193329,0.8861473202705383,-0.061914119869470596,0.4283309876918793,0.8620364665985107,-0.056927639991045,0.40673699975013733,0.8045559525489807,-0.07058126479387283,0.4272821843624115,0.901237964630127,-0.07222144305706024,0.412686824798584,0.8880146741867065,-0.05337553843855858,0.404765784740448,0.8604855537414551,-0.044987428933382034,0.37661951780319214,0.827834963798523,-0.07734712213277817,0.40056365728378296,0.9002086520195007,-0.07261579483747482,0.391502320766449,0.8865514993667603,-0.057575665414333344,0.38364899158477783,0.8613559603691101,-0.05032376945018768
7,left,0.4151155948638916,0.614040732383728,-1.4488071542473335e-07,0.3720755875110626,0.6036875247955322,-0.0060032689943909645,0.3423911929130554,0.5920919179916382,-0.014009003527462482,0.33251824975013733,0.6026596426963806,-0.024053972214460373,0.3344191014766693,0.6199367046356201,-0.03610718995332718,0.3411862850189209,0.5541966557502747,-0.02034679800271988,0.3305567800998688,0.539757490158081,-0.04187023267149925,0.33355286717414856,0.5423852801322937,-0.055968642234802246,0.3396700620651245,0.5497788190841675,-0.06307201832532883,0.36408179998397827,0.5512460470199585,-0.02636905573308468,0.34876513481140137,0.6104053258895874,-0.04790079593658447,0.3394968807697296,0.6607503890991211,-0.05978183448314667,0.33460596203804016,0.7004086375236511,-0.0662795752286911,0.3868198096752167,0.5656161308288574,-0.03327755257487297,0.3697480261325836,0.6327306628227234,-0.055165939033031464,0.3585701584815979,0.6753806471824646,-0.06381654739379883,0.35067489743232727,0.7066790461540222,-0.06598184257745743,0.4036049246788025,0.5886885523796082,-0.03988956660032272,0.38694679737091064,0.6435967087745667,-0.05448392033576965,0.37745368480682373,0.6700594425201416,-0.05750961974263191,0.3700386583805084,0.6873894929885864,-0.05680565536022186
8,right,0.3523790240287781,0.761332631111145,-6.828950915860332e-08,0.4051998555660248,0.7721683382987976,-0.006158763077110052,0.44958770275115967,0.832304835319519,-0.02484268881380558,0.4674399197101593,0.9053492546081543,-0.041341815143823624,0.4548835754394531,0.9374397993087769,-0.05501079931855202,0.46876275539398193,0.7870602011680603,-0.05895654484629631,0.4839310050010681,0.8920543193817139,-0.07559118419885635,0.46197494864463806,0.8879860043525696,-0.0748453140258789,0.45297345519065857,0.8613004684448242,-0.07353433221578598,0.4373807907104492,0.8003148436546326,-0.06763828545808792,0.45312657952308655,0.9071130752563477,-0.07768847793340683,0.433655709028244,0.8950160145759583,-0.06495627015829086,0.4264150559902191,0.8671701550483704,-0.059742700308561325,0.4054450988769531,0.821368396282196,-0.07443393021821976,0.4238441586494446,0.9175440073013306,-0.07641848921775818,0.40962696075439453,0.8984330296516418,-0.05612994357943535,0.4025965631008148,0.8688883781433105,-0.047144077718257904,0.37506869435310364,0.8465412855148315,-0.08218568563461304,0.3985385298728943,0.9176307320594788,-0.07706049084663391,0.38856634497642517,0.8984822630882263,-0.06065276265144348,0.38107073307037354,0.8715757131576538,-0.05283474549651146
8,left,0.4115021228790283,0.626147985458374,-2.6015253951072737e-08,0.3689507246017456,0.6187345385551453,-0.012593633495271206,0.3414680063724518,0.6010947227478027,-0.0216053519397974,0.33295971155166626,0.5919013619422913,-0.031548358500003815,0.33914831280708313,0.582902193069458,-0.044306300580501556,0.34367871284484863,0.5682406425476074,-0.02349950186908245,0.3363775312900543,0.5627734661102295,-0.04264845326542854,0.34047141671180725,0.5443657040596008,-0.0581856332719326,0.3453279435634613,0.5245622396469116,-0.06873030960559845,0.36809995770454407,0.5633861422538757,-0.027479011565446854,0.3580009639263153,0.6245092749595642,-0.053121596574783325,0.3506045937538147,0.6706140041351318,-0.06908103823661804,0.3465343117713928,0.7053248286247253,-0.07732099294662476,0.3920380771160126,0.5746653079986572,-0.03221258521080017,0.37797674536705017,0.6423550844192505,-0.05794612690806389,0.36755186319351196,0.6838012933731079,-0.06791460514068604,0.35970717668533325,0.715627908706665,-0.06993677467107773,0.40936151146888733,0.5939428210258484,-0.03741998225450516,0.3964933753013611,0.6481161117553711,-0.056386541575193405,0.38614168763160706,0.6773552298545837,-0.06042453274130821,0.3774012327194214,0.6990740895271301,-0.05942012369632721
9,right,0.34927740693092346,0.763290286064148,-1.0420664153798498e-07,0.4006778299808502,0.773352861404419,-0.006177992559969425,0.4438779950141907,0.8343698978424072,-0.0238958653062582,0.4613570272922516,0.9088135361671448,-0.03977653384208679,0.45010626316070557,0.9440106153488159,-0.05293827876448631,0.46349474787712097,0.7924444675445557,-0.0542890839278698,0.4814923405647278,0.8951039910316467,-0.0721200555562973,0.4591367244720459,0.8889855146408081,-0.07379396259784698,0.44928374886512756,0.861872673034668,-0.07375364005565643,0.43223094940185547,0.8068240284919739,-0.06271688640117645,0.44956985116004944,0.9105589985847473,-0.07379356771707535,0.43053925037384033,0.8962882161140442,-0.0629262626171112,0.42276519536972046,0.8669477105140686,-0.058280277997255325,0.4001910388469696,0.8272691965103149,-0.06969238817691803,0.4200400710105896,0.9188182353973389,-0.07198132574558258,0.40584397315979004,0.9004656076431274,-0.052524637430906296,0.39875760674476624,0.87203449010849,-0.043481700122356415,0.3698396384716034,0.8509490489959717,-0.07769253849983215,0.3939107358455658,0.919129490852356,-0.07179524749517441,0.38432368636131287,0.9011367559432983,-0.05518196150660515,0.3769180476665497,0.8753767013549805,-0.046944938600063324
9,left,0.40930402278900146,0.6316198110580444,-1.5434537203873333e-08,0.3730424642562866,0.629692792892456,-0.01231845747679472,0.3483658730983734,0.6231092810630798,-0.021614622324705124,0.33862218260765076,0.6241544485092163,-0.03142835199832916,0.34033361077308655,0.6243106126785278,-0.04431689903140068,0.3466915190219879,0.5793411135673523,-0.024876108393073082,0.33847060799598694,0.5785320997238159,-0.04215669631958008,0.3401096761226654,0.5639377236366272,-0.05651215836405754,0.3424825072288513,0.5463661551475525,-0.06657207012176514,0.3711950182914734,0.569678544998169,-0.028752289712429047,0.3609846532344818,0.6331754922866821,-0.05160363018512726,0.3550795614719391,0.6771641373634338,-0.06566836684942245,0.35069572925567627,0.7079956531524658,-0.07291698455810547,0.39659953117370605,0.5776609778404236,-0.032942939549684525,0.38349395990371704,0.6472406983375549,-0.055565156042575836,0.37412315607070923,0.6883342266082764,-0.06308775395154953,0.36657798290252686,0.7181506752967834,-0.0640667974948883,0.416861355304718,0.5960684418678284,-0.03773001208901405,0.40648218989372253,0.6518418788909912,-0.05464358255267143,0.3952920734882355,0.6831028461456299,-0.056689221411943436,0.38578394055366516,0.7060017585754395,-0.05448044463992119
10,right,0.34538501501083374,0.7623627781867981,-1.0097301839095962e-07,0.39623892307281494,0.7742881774902344,-0.005046308506280184,0.4372177720069885,0.8328418135643005,-0.023030729964375496,0.4517970681190491,0.9052526950836182,-0.03932564705610275,0.44179776310920715,0.9357919692993164,-0.05275912210345268,0.46049731969833374,0.7882584929466248,-0.05519447475671768,0.47873455286026,0.8900380730628967,-0.07233908027410507,0.4552079737186432,0.8847908973693848,-0.07301920652389526,0.44406890869140625,0.8576799631118774,-0.07217776775360107,0.42983168363571167,0.8015625476837158,-0.0640728771686554,0.4472939372062683,0.9061689972877502,-0.07409855723381042,0.42754343152046204,0.894996702671051,-0.06288322806358337,0.41888073086738586,0.8664093017578125,-0.05837121605873108,0.3980635106563568,0.821572482585907,-0.07124768197536469,0.41708603501319885,0.9128937125205994,-0.07217005640268326,0.40252792835235596,0.8968842029571533,-0.05233865603804588,0.39507579803466797,0.8689590692520142,-0.043596383184194565,0.3677031099796295,0.8448256850242615,-0.07942350208759308,0.39130550622940063,0.9132936000823975,-0.07267898321151733,0.38158804178237915,0.8975049257278442,-0.05601745843887329,0.37455540895462036,0.8731868863105774,-0.04821972921490669
10,left,0.40787583589553833,0.6363362669944763,4.178604839921718e-08,0.37542954087257385,0.6392463445663452,-0.010147824883460999,0.3526393473148346,0.6392300128936768,-0.0208996944129467,0.34605833888053894,0.6507331132888794,-0.03335794061422348,0.3497731387615204,0.6633874773979187,-0.04855173081159592,0.34747314453125,0.5827642679214478,-0.021996760740876198,0.34549474716186523,0.5671639442443848,-0.04081345722079277,0.3505915105342865,0.546661376953125,-0.05700237303972244,0.35565808415412903,0.5283700823783875,-0.06807344406843185,0.3712453842163086,0.5683674812316895,-0.027658136561512947,0.3674353361129761,0.6294341683387756,-0.05320868268609047,0.3639961779117584,0.6744142770767212,-0.06775490194559097,0.36146652698516846,0.7065190672874451,-0.07405532896518707,0.39777493476867676,0.5737339854240417,-0.0337049663066864,0.3905712962150574,0.6408202648162842,-0.057039570063352585,0.382712185382843,0.6837515830993652,-0.06335164606571198,0.375398188829422,0.7163915634155273,-0.06257867813110352,0.41874226927757263,0.5899585485458374,-0.04043439030647278,0.4136312007904053,0.6414465308189392,-0.05690422281622887,0.4043104946613312,0.6732540130615234,-0.05748806893825531,0.39529404044151306,0.697314977645874,-0.053540609776973724
11,right,0.3451462388038635,0.7620681524276733,-8.475684154518603e-08,0.39725592732429504,0.7743107676506042,-0.006417355965822935,0.4398535490036011,0.835935115814209,-0.024967148900032043,0.45485374331474304,0.9106931686401367,-0.041625019162893295,0.44186195731163025,0.9422125816345215,-0.05547104775905609,0.46119868755340576,0.7887439131736755,-0.05627109855413437,0.47775787115097046,0.893199622631073,-0.07332358509302139,0.4544960558414459,0.8882414698600769,-0.07388154417276382,0.44466501474380493,0.8615209460258484,-0.07343574613332748,0.4301469624042511,0.8016543984413147,-0.06501959264278412,0.4458039104938507,0.9090558290481567,-0.07583903521299362,0.42593511939048767,0.8962222337722778,-0.06458991020917892,0.41847720742225647,0.8666752576828003,-0.06005069985985756,0.39754384756088257,0.8214182257652283,-0.07213064283132553,0.4159078896045685,0.9167907238006592,-0.07411136478185654,0.4013192057609558,0.8988670110702515,-0.05458596348762512,0.3947673738002777,0.8697658777236938,-0.04587859287858009,0.36672189831733704,0.8448423743247986,-0.08034153282642365,0.38989290595054626,0.9155226349830627,-0.07455290108919144,0.3804345428943634,0.8982967138290405,-0.058340657502412796,0.3735451102256775,0.8722739815711975,-0.0506795309484005
11,left,0.40702441334724426,0.6390254497528076,-6.850699563187845e-09,0.37850430607795715,0.639431357383728,-0.009303380735218525,0.3553019165992737,0.63580721616745,-0.0188272837549448,0.3455181121826172,0.6458470225334167,-0.029611703008413315,0.3455497920513153,0.6586382389068604,-0.04294740408658981,0.3488991856575012,0.5833055377006531,-0.021692505106329918,0.34806978702545166,0.5648760199546814,-0.03895526006817818,0.3537083566188812,0.5450215339660645,-0.05329610034823418,0.35925132036209106,0.5278329849243164,-0.06287138909101486,0.37303948402404785,0.56861412525177,-0.02689833752810955,0.368317186832428,0.6314277052879333,-0.05125914141535759,0.3644440472126007,0.6778116822242737,-0.06412447988986969,0.361674427986145,0.7117907404899597,-0.06890718638896942,0.3992180824279785,0.5751879811286926,-0.03230414539575577,0.3896174132823944,0.6427228450775146,-0.05444113537669182,0.38090813159942627,0.6849405765533447,-0.06001409515738487,0.3730638027191162,0.7173466682434082,-0.05875508114695549,0.4196052551269531,0.5919753909111023,-0.03819224238395691,0.41167762875556946,0.6443688273429871,-0.054226841777563095,0.4018859565258026,0.6767790913581848,-0.05470164120197296,0.3922743499279022,0.7010543942451477,-0.05052987486124039
12,right,0.3457406163215637,0.7684705853462219,-6.68952750970675e-08,0.3988872170448303,0.7780083417892456,-0.006964075844734907,0.4430997967720032,0.8382529616355896,-0.026074348017573357,0.45764946937561035,0.9136601090431213,-0.04312417283654213,0.4414091408252716,0.9500399827957153,-0.0576026625931263,0.4599156081676483,0.796494722366333,-0.05909167602658272,0.4763478934764862,0.89923495054245,-0.07645771652460098,0.4544459581375122,0.8957276940345764,-0.07695036381483078,0.444282203912735,0.8705992698669434,-0.07625702023506165,0.42837661504745483,0.8098149299621582,-0.06731294840574265,0.44432637095451355,0.9151207208633423,-0.07887445390224457,0.42518264055252075,0.903509795665741,-0.06736051291227341,0.4162827432155609,0.874845564365387,-0.06219417229294777,0.3958668112754822,0.8297024369239807,-0.07373742759227753,0.41558462381362915,0.9241556525230408,-0.07630820572376251,0.401513010263443,0.9074000120162964,-0.05695780739188194,0.39338693022727966,0.8792139291763306,-0.04785439372062683,0.36515694856643677,0.8531584143638611,-0.08122750371694565,0.38941821455955505,0.9245262145996094,-0.07601623237133026,0.38110917806625366,0.9080851674079895,-0.060213398188352585,0.3735301196575165,0.8831144571304321,-0.05244125798344612
12,left,0.4075087606906891,0.6441483497619629,-3.233884626752115e-08,0.37891703844070435,0.6427574157714844,-0.00814892165362835,0.3556116819381714,0.6376845240592957,-0.016433075070381165,0.3461570143699646,0.6412134170532227,-0.025979777798056602,0.34431126713752747,0.6476167440414429,-0.03812834247946739,0.34688541293144226,0.5875515341758728,-0.022229010239243507,0.34533774852752686,0.5711778402328491,-0.039163392037153244,0.3491499423980713,0.5524164438247681,-0.05251083895564079,0.3535015881061554,0.5347834825515747,-0.06127380207180977,0.37137168645858765,0.5732446908950806,-0.02762928232550621,0.36378705501556396,0.6318983435630798,-0.05111737176775932,0.3587646484375,0.6758014559745789,-0.0629272609949112,0.35579007863998413,0.7075178623199463,-0.0671546682715416,0.39740559458732605,0.5787661075592041,-0.03300844505429268,0.385223388671875,0.6477848887443542,-0.05446673929691315,0.37690889835357666,0.6894575953483582,-0.05922536924481392,0.3703789710998535,0.7198079824447632,-0.05761587247252464,0.41788819432258606,0.5952542424201965,-0.03879936411976814,0.40705496072769165,0.6525251269340515,-0.05434950813651085,0.3958134353160858,0.6861940622329712,-0.054772041738033295,0.38622617721557617,0.7101073861122131,-0.05073893070220947
13,right,0.34537121653556824,0.7736449837684631,-7.880463925857839e-08,0.3970109522342682,0.7818423509597778,-0.0052513317205011845,0.4410476088523865,0.8364164233207703,-0.02185187116265297,0.45932281017303467,0.9069156050682068,-0.036743734031915665,0.45395758748054504,0.949867844581604,-0.048959385603666306,0.45997801423072815,0.8049906492233276,-0.053949370980262756,0.4759150445461273,0.9063338041305542,-0.07035594433546066,0.4551783502101898,0.903434693813324,-0.0702650398015976,0.44554197788238525,0.8793929815292358,-0.06890147179365158,0.4289635717868805,0.818466067314148,-0.06204020977020264,0.4449672996997833,0.9235341548919678,-0.07277581840753555,0.4265049993991852,0.9121799468994141,-0.061121486127376556,0.4175099730491638,0.883662223815918,-0.05556638911366463,0.39610904455184937,0.8373477458953857,-0.06849753111600876,0.41619402170181274,0.9309995174407959,-0.0714062973856926,0.4024122655391693,0.9146994352340698,-0.05232112109661102,0.39412590861320496,0.8870360255241394,-0.04302101209759712,0.3647063672542572,0.8592467308044434,-0.07572342455387115,0.3881111443042755,0.9302722811698914,-0.07159162312746048,0.3802795708179474,0.9144312143325806,-0.0563933402299881,0.37346288561820984,0.8896296620368958,-0.04854437708854675
13,left,0.4106578826904297,0.6427202224731445,-6.265961616236382e-08,0.3802747130393982,0.6445440053939819,-0.00916838925331831,0.3565880060195923,0.6407974362373352,-0.018425092101097107,0.34656912088394165,0.6441853642463684,-0.028684495016932487,0.3454359769821167,0.6504769325256348,-0.041645992547273636,0.3508407473564148,0.5908468961715698,-0.024884557351469994,0.3462058901786804,0.5769073963165283,-0.04268811270594597,0.3495458960533142,0.5599639415740967,-0.05707606300711632,0.35400277376174927,0.5444051623344421,-0.06663236767053604,0.37525948882102966,0.5776652097702026,-0.030049467459321022,0.36884546279907227,0.6412374377250671,-0.054419275373220444,0.36378294229507446,0.6874139308929443,-0.06653525680303574,0.3607759177684784,0.7205848693847656,-0.07137653976678848,0.4013906419277191,0.5847392082214355,-0.035263776779174805,0.3894643187522888,0.6528849601745605,-0.057693298906087875,0.38031286001205444,0.6941498517990112,-0.06232696771621704,0.3732163906097412,0.7255987524986267,-0.06090286374092102,0.42173081636428833,0.6016212701797485,-0.04091392457485199,0.41125360131263733,0.6564543843269348,-0.05778682231903076,0.4001115560531616,0.6890422105789185,-0.05824248120188713,0.39045828580856323,0.7137687802314758,-0.05426846444606781
14,right,0.34592458605766296,0.7730222344398499,-8.58325748254174e-08,0.39887523651123047,0.7827942967414856,-0.004647030495107174,0.4426949918270111,0.8400824069976807,-0.021350117400288582,0.4598657488822937,0.9114025235176086,-0.03602544963359833,0.4512632191181183,0.9514670968055725,-0.04792115092277527,0.4609735608100891,0.8043723106384277,-0.05637393891811371,0.4762739837169647,0.9055630564689636,-0.07122266292572021,0.45500126481056213,0.9016929268836975,-0.06889166682958603,0.44443079829216003,0.8767649531364441,-0.06610704958438873,0.4290602505207062,0.8181123733520508,-0.06462596356868744,0.44439855217933655,0.923989474773407,-0.0741259753704071,0.42609691619873047,0.9112210273742676,-0.061021946370601654,0.4172622859477997,0.8816624879837036,-0.05481991544365883,0.39619210362434387,0.8371248245239258,-0.07084229588508606,0.41504111886024475,0.9305588603019714,-0.07212793827056885,0.4013311266899109,0.9127241969108582,-0.05209064856171608,0.3934652805328369,0.8838600516319275,-0.042733754962682724,0.36505118012428284,0.8589968681335449,-0.07779484987258911,0.38792791962623596,0.9302961826324463,-0.07227770239114761,0.3797192871570587,0.9140320420265198,-0.05646989867091179,0.373290479183197,0.8886035680770874,-0.04871746152639389
14,left,0.4119056463241577,0.6401498317718506,-8.959288066989757e-08,0.3809513449668884,0.6397379040718079,-0.009001816622912884,0.3549632430076599,0.632918119430542,-0.016228143125772476,0.34288400411605835,0.6334658861160278,-0.024273715913295746,0.3428881764411926,0.6338496208190918,-0.03486519306898117,0.34938374161720276,0.587130069732666,-0.02064158022403717,0.3443249762058258,0.5798783302307129,-0.0367760956287384,0.34803783893585205,0.5647326707839966,-0.05039602518081665,0.3533463776111603,0.5504926443099976,-0.05950819328427315,0.3741130232810974,0.5737454891204834,-0.024778341874480247,0.36646029353141785,0.6416800618171692,-0.047773007303476334,0.3614533841609955,0.6891347169876099,-0.0597044937312603,0.3590505123138428,0.724108099937439,-0.06427422910928726,0.39987877011299133,0.5807780623435974,-0.029217397794127464,0.38791507482528687,0.6532700061798096,-0.049855176359415054,0.3787042796611786,0.6944420337677002,-0.0551777184009552,0.37229225039482117,0.725725531578064,-0.05438053980469704,0.4207381308078766,0.5975393056869507,-0.034122347831726074,0.41030561923980713,0.6570917963981628,-0.04911292344331741,0.3983458876609802,0.6886414885520935,-0.05020343139767647,0.3883761167526245,0.712092936038971,-0.04696352407336235
15,right,0.3454352021217346,0.7690260410308838,-7.419343717174343e-08,0.3981938362121582,0.7816628217697144,-0.004006635397672653,0.44047099351882935,0.8413967490196228,-0.02113003470003605,0.45675215125083923,0.9131637215614319,-0.03613659739494324,0.4455767869949341,0.9452253580093384,-0.048174452036619186,0.45955947041511536,0.8008372187614441,-0.05743757635354996,0.47554394602775574,0.9042308926582336,-0.07234292477369308,0.45348840951919556,0.8991721868515015,-0.06995652616024017,0.44252318143844604,0.8728541135787964,-0.06711718440055847,0.4273849129676819,0.8140718936920166,-0.06591906398534775,0.4441036581993103,0.9221881031990051,-0.07469968497753143,0.42544010281562805,0.912040650844574,-0.060790013521909714,0.4151204824447632,0.8846377730369568,-0.05428918078541756,0.39443761110305786,0.832691490650177,-0.07221844792366028,0.41419294476509094,0.9293120503425598,-0.07189322263002396,0.40116503834724426,0.9150238037109375,-0.05096541717648506,0.3921337127685547,0.887754499912262,-0.041457388550043106,0.36339765787124634,0.854392945766449,-0.07933878153562546,0.3872033655643463,0.9270241856575012,-0.07217353582382202,0.38027605414390564,0.9131280183792114,-0.05593690648674965,0.37368014454841614,0.889336347579956,-0.048316098749637604
15,left,0.4107395112514496,0.6383410096168518,-2.2502968377580146e-08,0.37756600975990295,0.6337650418281555,-0.0119234723970294,0.35403698682785034,0.6227724552154541,-0.02059837058186531,0.3452971279621124,0.6196209192276001,-0.029981650412082672,0.34723109006881714,0.6159498691558838,-0.04212747886776924,0.34963497519493103,0.5812127590179443,-0.023162364959716797,0.345289945602417,0.574694037437439,-0.041259877383708954,0.34912538528442383,0.5579134821891785,-0.057027123868465424,0.3534664511680603,0.5427459478378296,-0.06780623644590378,0.37517136335372925,0.5721739530563354,-0.0271934662014246,0.36696720123291016,0.6367900967597961,-0.052430715411901474,0.36075180768966675,0.6834485530853271,-0.06666719168424606,0.35663485527038574,0.71829754114151,-0.07313505560159683,0.40204039216041565,0.5824382901191711,-0.031852614134550095,0.3886834681034088,0.6501328945159912,-0.05539040267467499,0.3776431083679199,0.6918386816978455,-0.06207399442791939,0.36912286281585693,0.7240068316459656,-0.062008872628211975,0.4231261610984802,0.6026297211647034,-0.037182457745075226,0.4111665189266205,0.6567164063453674,-0.05493798479437828,0.397809237241745,0.6875386834144592,-0.05702805519104004,0.3865808844566345,0.7113139629364014,-0.054417677223682404
16,right,0.34318089485168457,0.7671970129013062,-9.204722317690539e-08,0.3958289325237274,0.7829991579055786,-0.003984825685620308,0.4379999041557312,0.8454424142837524,-0.021403426304459572,0.4557188153266907,0.917663037776947,-0.036488886922597885,0.44314607977867126,0.9373957514762878,-0.04854279011487961,0.45917707681655884,0.7966565489768982,-0.058409400284290314,0.47478654980659485,0.9010123610496521,-0.07244054228067398,0.45104125142097473,0.8963022232055664,-0.06917259097099304,0.4399361312389374,0.8696333169937134,-0.06608343124389648,0.42670902609825134,0.8096657991409302,-0.06712182611227036,0.44235190749168396,0.9178234338760376,-0.07514370232820511,0.4226696789264679,0.9071550965309143,-0.06108235940337181,0.4133160412311554,0.8790642619132996,-0.0549023300409317,0.393679141998291,0.8286954760551453,-0.0734214037656784,0.4111640155315399,0.9237797856330872,-0.07190175354480743,0.3975634276866913,0.9085632562637329,-0.05058809742331505,0.38985490798950195,0.8811904191970825,-0.04146479442715645,0.3627614974975586,0.8508973121643066,-0.08061596751213074,0.3860476315021515,0.921126127243042,-0.07216823101043701,0.3790785074234009,0.907209575176239,-0.05549877882003784,0.3733614981174469,0.8846923112869263,-0.04815535992383957
16,left,0.41164731979370117,0.6363470554351807,-2.322025061118893e-08,0.3787725567817688,0.63167405128479,-0.009552921168506145,0.35231444239616394,0.6226232051849365,-0.017386913299560547,0.3405439257621765,0.6243503093719482,-0.02658936008810997,0.3419100046157837,0.6259186267852783,-0.03863779082894325,0.34927114844322205,0.5788657069206238,-0.018990186974406242,0.3456181585788727,0.5679720640182495,-0.03562450408935547,0.3493725657463074,0.5500451326370239,-0.0500144436955452,0.3543968200683594,0.5348332524299622,-0.059837471693754196,0.3737090826034546,0.5691091418266296,-0.02350885607302189,0.3656000792980194,0.6357736587524414,-0.04788963124155998,0.35985487699508667,0.6824783086776733,-0.06157511845231056,0.3574351668357849,0.7172386050224304,-0.0673927366733551,0.3996904492378235,0.5794005393981934,-0.028583601117134094,0.38623738288879395,0.6490727663040161,-0.05091432109475136,0.37561774253845215,0.6897341012954712,-0.057668596506118774,0.3678255081176758,0.7209388613700867,-0.05753776431083679,0.4204418957233429,0.5997868776321411,-0.034169942140579224,0.407581090927124,0.6544276475906372,-0.05074852332472801,0.3940905034542084,0.6846576929092407,-0.05296172574162483,0.38301703333854675,0.7076566219329834,-0.050396375358104706
17,right,0.3398442566394806,0.7632702589035034,-1.0157268803823172e-07,0.3921177089214325,0.7769771218299866,-0.004856731742620468,0.4346054196357727,0.8375424146652222,-0.022495903074741364,0.4500977396965027,0.9106457233428955,-0.03849436342716217,0.4388408362865448,0.9393762350082397,-0.05161508545279503,0.4573000371456146,0.7932324409484863,-0.05430437624454498,0.4733272194862366,0.8948426246643066,-0.07040484249591827,0.44941943883895874,0.8898964524269104,-0.06987475603818893,0.43846896290779114,0.8626683950424194,-0.06846503168344498,0.42593833804130554,0.8054347038269043,-0.06335784494876862,0.4412907660007477,0.9109341502189636,-0.07315986603498459,0.42151549458503723,0.8986875414848328,-0.06141389161348343,0.41311967372894287,0.8696094155311584,-0.05656186863780022,0.3930722177028656,0.8238928318023682,-0.07066541165113449,0.4107978045940399,0.9172269105911255,-0.07160580903291702,0.39641717076301575,0.8998883366584778,-0.05181524157524109,0.38915619254112244,0.8718025088310242,-0.043106891214847565,0.36165496706962585,0.8456181287765503,-0.07894697040319443,0.3843643069267273,0.9160972237586975,-0.07236636430025101,0.3757459223270416,0.8992577195167542,-0.056094102561473846,0.3695448338985443,0.8739888668060303,-0.04856792092323303
17,left,0.4103336036205292,0.6364090442657471,-2.4470628190442767e-08,0.37617212533950806,0.6310828328132629,-0.007496371399611235,0.35263746976852417,0.6223171353340149,-0.013874710537493229,0.34423738718032837,0.6228112578392029,-0.02199467644095421,0.34632861614227295,0.6229175329208374,-0.03287384286522865,0.34711360931396484,0.5792994499206543,-0.01648007333278656,0.34392401576042175,0.5681552886962891,-0.03174423798918724,0.3478863835334778,0.5483630299568176,-0.04500321298837662,0.35333913564682007,0.5298824310302734,-0.054173652082681656,0.37216129899024963,0.5683363080024719,-0.021554721519351006,0.3638112545013428,0.6301289796829224,-0.04387716203927994,0.35765963792800903,0.6747355461120605,-0.05718543380498886,0.3545895218849182,0.7082343101501465,-0.0630047544836998,0.39817628264427185,0.5758294463157654,-0.026940234005451202,0.38536331057548523,0.645160973072052,-0.04735879227519035,0.374614953994751,0.6861060857772827,-0.05446936935186386,0.36655330657958984,0.7182595729827881,-0.05487373098731041,0.41852283477783203,0.5935067534446716,-0.03274187818169594,0.40699565410614014,0.6514788269996643,-0.04743914678692818,0.3934173285961151,0.682443380355835,-0.04959730803966522,0.3822348713874817,0.706599235534668,-0.047265391796827316
18,right,0.33897027373313904,0.7594079375267029,-9.451088800460639e-08,0.39098572731018066,0.773848831653595,-0.004418472293764353,0.43507492542266846,0.8320300579071045,-0.022118883207440376,0.450946182012558,0.9035032987594604,-0.03868115320801735,0.4410190284252167,0.9346674680709839,-0.05252686142921448,0.456018328666687,0.786965548992157,-0.052850693464279175,0.47325757145881653,0.8894680142402649,-0.07137409597635269,0.44963377714157104,0.8850224614143372,-0.07400139421224594,0.43904122710227966,0.8575239181518555,-0.07457983493804932,0.42447924613952637,0.797907829284668,-0.06247672438621521,0.44108015298843384,0.9057807922363281,-0.07403504848480225,0.42072412371635437,0.8945685625076294,-0.06387791037559509,0.4123391807079315,0.8653790354728699,-0.05992066487669945,0.3918832540512085,0.8161886930465698,-0.07067066431045532,0.4102402329444885,0.912791907787323,-0.07333134114742279,0.39538049697875977,0.8956149220466614,-0.054485123604536057,0.38853681087493896,0.8665268421173096,-0.04599878937005997,0.3608440160751343,0.838856041431427,-0.07982788234949112,0.38411030173301697,0.912020206451416,-0.0743136778473854,0.37522751092910767,0.8956672549247742,-0.058568213135004044,0.36914414167404175,0.8698240518569946,-0.05121591314673424
18,left,0.4114186763763428,0.6286771297454834,-1.534166571559581e-08,0.37721773982048035,0.6247417330741882,-0.006677491124719381,0.352176696062088,0.6164563894271851,-0.012956599704921246,0.3428269326686859,0.6175378561019897,-0.021079761907458305,0.34364598989486694,0.6172862648963928,-0.03193564713001251,0.3462597131729126,0.5727987289428711,-0.017022104933857918,0.34331032633781433,0.560792863368988,-0.03248098865151405,0.3458205461502075,0.5421781539916992,-0.04551859200000763,0.35003310441970825,0.5254347920417786,-0.054480843245983124,0.3691926896572113,0.5620805025100708,-0.0222507081925869,0.3601551651954651,0.6241348385810852,-0.04434927925467491,0.3548344075679779,0.6686412692070007,-0.05663411319255829,0.3527326285839081,0.7014011144638062,-0.061926212161779404,0.3939723074436188,0.5694880485534668,-0.027785876765847206,0.3808586299419403,0.6404960751533508,-0.048185333609580994,0.3714355230331421,0.681573748588562,-0.054713089019060135,0.3646843731403351,0.7123911380767822,-0.05491509288549423,0.4140630066394806,0.5872589945793152,-0.03366783633828163,0.4018647372722626,0.6473072171211243,-0.048494186252355576,0.38839176297187805,0.67896568775177,-0.05092776194214821,0.37775346636772156,0.7020061612129211,-0.04897632449865341
19,right,0.338337242603302,0.7518963813781738,-1.0927451654652032e-07,0.39032816886901855,0.763821542263031,-0.0038224218878895044,0.43477052450180054,0.8175457119941711,-0.020756850019097328,0.45071715116500854,0.8868018388748169,-0.03675832599401474,0.44301995635032654,0.9256148934364319,-0.05015120655298233,0.45544683933258057,0.7807897329330444,-0.05224930867552757,0.47273024916648865,0.8833378553390503,-0.07081202417612076,0.4492807984352112,0.8778519034385681,-0.07345469295978546,0.43939223885536194,0.8500375151634216,-0.07405736297369003,0.42424413561820984,0.7913179993629456,-0.062013402581214905,0.4403654634952545,0.8986228704452515,-0.07385177165269852,0.42071980237960815,0.8852477073669434,-0.06369798630475998,0.41293972730636597,0.8556373715400696,-0.05971808359026909,0.39183592796325684,0.8091615438461304,-0.07035263627767563,0.410804808139801,0.9060203433036804,-0.07377622276544571,0.39629927277565,0.8869838714599609,-0.054931722581386566,0.3893916606903076,0.8574619889259338,-0.04615810513496399,0.36071985960006714,0.8310281038284302,-0.07951781898736954,0.3840816617012024,0.9040018916130066,-0.07475593686103821,0.375078409910202,0.8862029314041138,-0.0589396134018898,0.3686535060405731,0.859286904335022,-0.05118774250149727
19,left,0.4084198474884033,0.6211068630218506,1.2429803852853638e-08,0.3732561469078064,0.6203571557998657,-0.012693347409367561,0.3491523265838623,0.611397385597229,-0.022178208455443382,0.34280693531036377,0.6089398860931396,-0.03248082473874092,0.3463597297668457,0.6070004105567932,-0.04541109874844551,0.34544047713279724,0.5659043788909912,-0.02354217879474163,0.340671181678772,0.5595107674598694,-0.04167776182293892,0.3442845642566681,0.5427857637405396,-0.056740496307611465,0.349277526140213,0.5266069173812866,-0.06709644198417664,0.36967891454696655,0.5579436421394348,-0.027521612122654915,0.36179670691490173,0.6209037899971008,-0.053082987666130066,0.3578069508075714,0.6656454801559448,-0.06707804650068283,0.3557179272174835,0.6966814398765564,-0.07325172424316406,0.39540284872055054,0.5668535828590393,-0.032261740416288376,0.3832162320613861,0.6350885033607483,-0.05650043860077858,0.3737248480319977,0.6785497069358826,-0.06351933628320694,0.3661567270755768,0.7096216678619385,-0.06351976841688156,0.41559022665023804,0.5853391289710999,-0.03778344392776489,0.4052175283432007,0.6418956518173218,-0.05556168034672737,0.3929782211780548,0.6754605770111084,-0.05793013051152229,0.3829990029335022,0.698014497756958,-0.05555314943194389
20,right,0.33723533153533936,0.7507408857345581,-9.062004835413973e-08,0.39021408557891846,0.7642369270324707,-0.00445964653044939,0.4358690679073334,0.8219329118728638,-0.021913718432188034,0.4541122317314148,0.8918176293373108,-0.03786888346076012,0.4433775842189789,0.9245409369468689,-0.051022082567214966,0.45527228713035583,0.7773370742797852,-0.05595984682440758,0.4713203012943268,0.8806160092353821,-0.07212235778570175,0.44766467809677124,0.8776633739471436,-0.0709344893693924,0.4371248185634613,0.8514482975006104,-0.06921976804733276,0.423582524061203,0.7876049280166626,-0.06541093438863754,0.4391572177410126,0.8962572813034058,-0.07611984014511108,0.41963133215904236,0.8852472901344299,-0.06406691670417786,0.41229677200317383,0.8556489944458008,-0.059034306555986404,0.3907744884490967,0.8052941560745239,-0.07294364273548126,0.41004860401153564,0.9035642147064209,-0.07542303949594498,0.39508163928985596,0.8872037529945374,-0.05567396804690361,0.3883465528488159,0.8583896160125732,-0.046719301491975784,0.35972341895103455,0.8271660208702087,-0.08128621429204941,0.3834708333015442,0.9029058218002319,-0.07604601234197617,0.37396588921546936,0.8880138397216797,-0.06006621569395065,0.3675759434700012,0.8622823357582092,-0.05251257121562958
20,left,0.40904754400253296,0.6223004460334778,-9.248632970582094e-10,0.3735053539276123,0.6191294193267822,-0.009029673412442207,0.3494779169559479,0.6100727319717407,-0.016148747876286507,0.3420315980911255,0.6095757484436035,-0.024561965838074684,0.3452673852443695,0.6085085868835449,-0.0357489138841629,0.3447580635547638,0.5681540966033936,-0.019472550600767136,0.34156277775764465,0.5586191415786743,-0.03528283163905144,0.3463789224624634,0.5416543483734131,-0.048175591975450516,0.3528284728527069,0.5242247581481934,-0.05697167292237282,0.3689693212509155,0.5583171844482422,-0.02379935048520565,0.35905665159225464,0.6165372729301453,-0.04613799601793289,0.35316893458366394,0.6601808071136475,-0.05935171619057655,0.35036858916282654,0.6923450231552124,-0.06518145650625229,0.39407458901405334,0.5654990673065186,-0.028382757678627968,0.3807697892189026,0.6359591484069824,-0.0495532862842083,0.370657354593277,0.6779912114143372,-0.05721380189061165,0.36334797739982605,0.7086295485496521,-0.05791253596544266,0.41354405879974365,0.5821793079376221,-0.03339222073554993,0.40306422114372253,0.6421812772750854,-0.04834209010004997,0.39090925455093384,0.674942135810852,-0.050826556980609894,0.38124942779541016,0.697542667388916,-0.048845503479242325
21,right,0.3374354839324951,0.7499407529830933,-6.190676771211656e-08,0.39200836420059204,0.7633472084999084,-0.004226521588861942,0.43757885694503784,0.8219466209411621,-0.022596143186092377,0.4555375576019287,0.8919593691825867,-0.03896873816847801,0.4445132613182068,0.9235060214996338,-0.05256328731775284,0.45519375801086426,0.7780241370201111,-0.06137632951140404,0.4708655774593353,0.8816139698028564,-0.07624515891075134,0.4486587643623352,0.881429135799408,-0.07209586352109909,0.4380297064781189,0.8564618825912476,-0.06846173107624054,0.42286360263824463,0.7874306440353394,-0.07105351984500885,0.438869446516037,0.8970599174499512,-0.08177067339420319,0.41963669657707214,0.8864961862564087,-0.06748560816049576,0.41213279962539673,0.8571897149085999,-0.06088625639677048,0.3895696699619293,0.8046652674674988,-0.07827091217041016,0.4099987745285034,0.9044477343559265,-0.08047889173030853,0.3959578573703766,0.8886537551879883,-0.059254229068756104,0.38900578022003174,0.8603050112724304,-0.04948224127292633,0.3580661416053772,0.826610803604126,-0.08618052303791046,0.3824401795864105,0.903008759021759,-0.08098185807466507,0.3739330768585205,0.8875036239624023,-0.06459451466798782,0.3677128553390503,0.861235499382019,-0.05678052827715874
21,left,0.40802061557769775,0.6226199865341187,-1.9498866521416858e-08,0.3732185959815979,0.620232105255127,-0.008546052500605583,0.3488194942474365,0.6140814423561096,-0.015991143882274628,0.34033098816871643,0.6192538738250732,-0.02496294304728508,0.34234848618507385,0.623796284198761,-0.036854974925518036,0.34373438358306885,0.5680310726165771,-0.017904937267303467,0.3396013379096985,0.5615566968917847,-0.033095408231019974,0.34366682171821594,0.5465261340141296,-0.04599694162607193,0.34923580288887024,0.5306685566902161,-0.05499272421002388,0.3680925667285919,0.5577404499053955,-0.02284020185470581,0.3596915304660797,0.6194912791252136,-0.044759687036275864,0.35424354672431946,0.6656785607337952,-0.058148596435785294,0.35123324394226074,0.6990366578102112,-0.06420766562223434,0.39365485310554504,0.5653566718101501,-0.02809145301580429,0.38200992345809937,0.6354030966758728,-0.04920134320855141,0.3727418780326843,0.6779465675354004,-0.057043883949518204,0.3657899498939514,0.7091597318649292,-0.057806745171546936,0.41381600499153137,0.5831003785133362,-0.03369535505771637,0.40420493483543396,0.6413320302963257,-0.04900654777884483,0.39241692423820496,0.6736981868743896,-0.051445282995700836,0.38278964161872864,0.696832537651062,-0.04929551109671593
22,right,0.33648455142974854,0.7494415044784546,-7.154804393394443e-08,0.39054104685783386,0.7625359892845154,-0.004566174931824207,0.4360068440437317,0.8205885887145996,-0.02230941876769066,0.4550924599170685,0.8902532458305359,-0.038033969700336456,0.4454927444458008,0.9228026866912842,-0.05088019743561745,0.454692542552948,0.7768756747245789,-0.059363216161727905,0.47023895382881165,0.8806064128875732,-0.07386863976716995,0.4475298523902893,0.8798997402191162,-0.06992785632610321,0.43709585070610046,0.8546038866043091,-0.06648503988981247,0.4226153790950775,0.7869710326194763,-0.06855133920907974,0.43770506978034973,0.8971357345581055,-0.07862839847803116,0.4184667766094208,0.8866966962814331,-0.06484101712703705,0.41133421659469604,0.8570393323898315,-0.05869316682219505,0.389339804649353,0.8043649792671204,-0.07541807740926743,0.4087056517601013,0.9040472507476807,-0.07738960534334183,0.39442530274391174,0.8882178664207458,-0.0568297915160656,0.3878535330295563,0.8594669699668884,-0.04756860435009003,0.3578758239746094,0.8257623314857483,-0.08300187438726425,0.3810327649116516,0.9019203782081604,-0.07798304408788681,0.37221813201904297,0.8865251541137695,-0.06213916465640068,0.3664270043373108,0.8599523305892944,-0.054714385420084
22,left,0.4086567759513855,0.6133924126625061,-5.74184717549997e-08,0.37164506316185,0.6127796769142151,-0.01015494205057621,0.34759581089019775,0.6046472191810608,-0.01875118725001812,0.34078922867774963,0.6048658490180969,-0.028583573177456856,0.3461558222770691,0.6033028960227966,-0.041302382946014404,0.3451651334762573,0.5603044033050537,-0.0186848696321249,0.33796754479408264,0.5625852346420288,-0.035548534244298935,0.3402045667171478,0.5520545840263367,-0.05020919814705849,0.3444980978965759,0.5421547293663025,-0.0599704273045063,0.3702809810638428,0.5536218285560608,-0.023417090997099876,0.3611030876636505,0.623527467250824,-0.0472441129386425,0.3565950095653534,0.6715434789657593,-0.06159793585538864,0.3535977303981781,0.706096351146698,-0.06817710399627686,0.3958772122859955,0.5635101795196533,-0.02876526117324829,0.38093432784080505,0.6352963447570801,-0.05126113072037697,0.370810329914093,0.6786511540412903,-0.05879729986190796,0.36261239647865295,0.7101473808288574,-0.05945843085646629,0.41524171829223633,0.5826648473739624,-0.03465326502919197,0.40226805210113525,0.641451895236969,-0.05115479975938797,0.3892452120780945,0.6750003099441528,-0.053280699998140335,0.37845826148986816,0.6988774538040161,-0.0509473979473114
23,right,0.33686649799346924,0.7489796280860901,-6.190432344510555e-08,0.391189306974411,0.7635368704795837,-0.004449419677257538,0.4360920190811157,0.8234890699386597,-0.022808155044913292,0.45370185375213623,0.8941131234169006,-0.03921234980225563,0.4430851340293884,0.9239640831947327,-0.05288158729672432,0.454363614320755,0.7779244780540466,-0.060490742325782776,0.4698335528373718,0.8817151784896851,-0.0756334513425827,0.44762948155403137,0.8819124698638916,-0.0721278265118599,0.4367530643939972,0.8569228053092957,-0.06886067986488342,0.42172765731811523,0.7875301241874695,-0.07015343755483627,0.43785759806632996,0.8972598910331726,-0.08096964657306671,0.41865622997283936,0.8867580890655518,-0.0671062096953392,0.4107547998428345,0.8568590879440308,-0.06071850284934044,0.388278067111969,0.8046380281448364,-0.07746992260217667,0.4089120328426361,0.9040035605430603,-0.07960803061723709,0.3946588933467865,0.8883377313613892,-0.05841023847460747,0.3872987627983093,0.8598651885986328,-0.04861873388290405,0.35676881670951843,0.8263101577758789,-0.08555180579423904,0.381363183259964,0.9021487832069397,-0.08026254922151566,0.3727257549762726,0.8866118788719177,-0.06374219059944153,0.36624523997306824,0.8602209687232971,-0.05582042410969734
23,left,0.40437206625938416,0.6198756098747253,-1.5197494818153245e-08,0.370117723941803,0.6179770231246948,-0.009095091372728348,0.3470839262008667,0.6100623607635498,-0.016827449202537537,0.3399130403995514,0.6136592626571655,-0.025955213233828545,0.3432527184486389,0.616171658039093,-0.037956353276968,0.3419478237628937,0.5676373243331909,-0.01773845963180065,0.3394847512245178,0.558376669883728,-0.032837361097335815,0.34345322847366333,0.5421744585037231,-0.04609747603535652,0.3487303555011749,0.5272986888885498,-0.05545232072472572,0.366716206073761,0.5571563243865967,-0.022590208798646927,0.36310139298439026,0.6227719783782959,-0.04538094252347946,0.3589061498641968,0.669642448425293,-0.05928771197795868,0.35618430376052856,0.7028889656066895,-0.06572754681110382,0.39316311478614807,0.5646488666534424,-0.027810370549559593,0.38396960496902466,0.634312629699707,-0.049342308193445206,0.3751434087753296,0.6762368679046631,-0.05674193426966667,0.36767807602882385,0.7072421908378601,-0.057401955127716064,0.4137742817401886,0.581352710723877,-0.03348981589078903,0.4066680371761322,0.6376087665557861,-0.04914934188127518,0.3962651491165161,0.6692944765090942,-0.051098138093948364,0.38696062564849854,0.6918207406997681,-0.04861278831958771
24,right,0.33666837215423584,0.7480148077011108,-6.619573156285696e-08,0.3913307785987854,0.7619169354438782,-0.004817550536245108,0.43638551235198975,0.8215965628623962,-0.02329515852034092,0.4536009728908539,0.8929201364517212,-0.039662957191467285,0.4418746829032898,0.9255528450012207,-0.053210191428661346,0.4543261229991913,0.7769951224327087,-0.06157596781849861,0.46920183300971985,0.8808230757713318,-0.07621768116950989,0.4463350772857666,0.880353569984436,-0.07204564660787582,0.4353924095630646,0.8549898266792297,-0.06842867285013199,0.4218926727771759,0.7865421175956726,-0.07087081670761108,0.43706756830215454,0.8967517614364624,-0.08115839213132858,0.41775551438331604,0.8865233659744263,-0.06707804650068283,0.41022709012031555,0.8569062352180481,-0.060755323618650436,0.38847535848617554,0.803593635559082,-0.07771272212266922,0.4082215428352356,0.9036888480186462,-0.07939236611127853,0.3942447900772095,0.8879503607749939,-0.058289866894483566,0.3873882591724396,0.8592951893806458,-0.048772502690553665,0.35689279437065125,0.8248339891433716,-0.08531378209590912,0.3811529874801636,0.9008530974388123,-0.07985570281744003,0.37302762269973755,0.8856605887413025,-0.06357761472463608,0.3671012818813324,0.859535276889801,-0.055959247052669525
24,left,0.40141406655311584,0.6194758415222168,9.587733273974663e-08,0.36473265290260315,0.6162336468696594,-0.019383853301405907,0.34344735741615295,0.6009342074394226,-0.03223809972405434,0.3390341103076935,0.5890507698059082,-0.04452457278966904,0.3451313376426697,0.5780453681945801,-0.05942576751112938,0.3429247736930847,0.5660355687141418,-0.03543691337108612,0.34065213799476624,0.5493828654289246,-0.05900222808122635,0.344307005405426,0.5260264277458191,-0.07697739452123642,0.3488125205039978,0.5054166913032532,-0.08874846994876862,0.36923667788505554,0.5605465769767761,-0.037341561168432236,0.36104142665863037,0.61937016248703,-0.07184935361146927,0.35865816473960876,0.6627488136291504,-0.08879078179597855,0.3564431667327881,0.6934645175933838,-0.0951809212565422,0.3963164985179901,0.569191038608551,-0.04016183316707611,0.38126474618911743,0.6349405646324158,-0.07227274775505066,0.3705647885799408,0.6780890226364136,-0.0803762823343277,0.3613082468509674,0.7107787132263184,-0.07925215363502502,0.4156298339366913,0.5856755971908569,-0.04407024011015892,0.40321066975593567,0.6398226022720337,-0.06684619933366776,0.38989531993865967,0.6744869947433472,-0.06999918073415756,0.3785257935523987,0.698540210723877,-0.06718354672193527
25,right,0.3375438451766968,0.747927188873291,-5.08313675595673e-08,0.3927342891693115,0.7621960639953613,-0.004416801501065493,0.4382705092430115,0.8215968012809753,-0.02289673127233982,0.45615190267562866,0.8917452692985535,-0.03913727402687073,0.4440072774887085,0.9212398529052734,-0.05254983529448509,0.4549712538719177,0.7751002907752991,-0.06273743510246277,0.46933385729789734,0.8792380690574646,-0.07678169757127762,0.44677796959877014,0.8810507655143738,-0.0716259628534317,0.4362960159778595,0.8567948937416077,-0.067413829267025,0.42216843366622925,0.7844670414924622,-0.07224954664707184,0.4377254843711853,0.8956219553947449,-0.08254867047071457,0.41832634806632996,0.8869804739952087,-0.06780771911144257,0.4106918275356293,0.8574837446212769,-0.06095244735479355,0.38868656754493713,0.8014849424362183,-0.07912059128284454,0.4081951975822449,0.9019564390182495,-0.08068705350160599,0.3944021165370941,0.8879474401473999,-0.05943712592124939,0.3877211809158325,0.8595194220542908,-0.04984966665506363,0.3570263087749481,0.8229223489761353,-0.086688332259655,0.38096368312835693,0.8993100523948669,-0.08110973984003067,0.3729853630065918,0.8853484988212585,-0.06492868810892105,0.36735525727272034,0.85942542552948,-0.05747319012880325
25,left,0.3949766457080841,0.6293168067932129,5.555905957521645e-08,0.3632908761501312,0.6290106773376465,-0.012486027553677559,0.3437453508377075,0.6200281381607056,-0.02460634522140026,0.3404025137424469,0.6194939017295837,-0.03693501651287079,0.34646549820899963,0.6196041107177734,-0.051570307463407516,0.33811095356941223,0.5689374208450317,-0.03415578976273537,0.33994072675704956,0.5348861813545227,-0.056682027876377106,0.3469986617565155,0.5109817981719971,-0.07265356928110123,0.3533821105957031,0.4936942458152771,-0.08233653753995895,0.36454957723617554,0.5560672283172607,-0.03801843151450157,0.3603362739086151,0.6184986233711243,-0.07017850130796432,0.35828790068626404,0.6647287607192993,-0.08443234115839005,0.3563549816608429,0.6986506581306458,-0.08863405138254166,0.39213258028030396,0.563847541809082,-0.04170949384570122,0.3805305063724518,0.6369680166244507,-0.06898505985736847,0.3717498183250427,0.6772580742835999,-0.07393733412027359,0.36337539553642273,0.7085391283035278,-0.07103372365236282,0.411499947309494,0.5815504193305969,-0.04601264372467995,0.4021548330783844,0.6382215619087219,-0.06417153775691986,0.3916195333003998,0.6711506843566895,-0.06391550600528717,0.38164636492729187,0.6949616074562073,-0.05842813104391098
26,right,0.33802324533462524,0.7496542930603027,-4.486403781811532e-08,0.3926016688346863,0.763176679611206,-0.0057481201365590096,0.4372944235801697,0.8229907751083374,-0.02519555762410164,0.4538697600364685,0.8944848775863647,-0.04245002567768097,0.441228449344635,0.9243905544281006,-0.056908998638391495,0.4555058777332306,0.7768166065216064,-0.06257662177085876,0.47002723813056946,0.880845844745636,-0.07785946130752563,0.44752275943756104,0.8808616399765015,-0.07395777851343155,0.4368124008178711,0.8552523255348206,-0.07046729326248169,0.4229237735271454,0.7858812212944031,-0.0718546062707901,0.43855956196784973,0.8967530131340027,-0.0832224190235138,0.41858184337615967,0.8867440819740295,-0.0691596195101738,0.41072797775268555,0.8564740419387817,-0.06247030198574066,0.3893985450267792,0.8029215335845947,-0.07880023121833801,0.4093019664287567,0.9041976928710938,-0.08128202706575394,0.3948926627635956,0.8890020847320557,-0.06014573574066162,0.3878243565559387,0.8599201440811157,-0.050305914133787155,0.35775503516197205,0.8246851563453674,-0.08661343902349472,0.3817501366138458,0.902500331401825,-0.08155246078968048,0.37310439348220825,0.8881620168685913,-0.06529317796230316,0.36661648750305176,0.862008810043335,-0.057545412331819534
26,left,0.3989351689815521,0.6352701783180237,6.087504544893818e-08,0.36887380480766296,0.6304212212562561,-0.00781199149787426,0.346946656703949,0.6211282014846802,-0.01806117594242096,0.3375965356826782,0.6198897361755371,-0.02907988801598549,0.3377329707145691,0.6200459003448486,-0.04221918433904648,0.3400781452655792,0.5720632076263428,-0.031151218339800835,0.34361201524734497,0.5302659869194031,-0.0506812259554863,0.3491583466529846,0.49803999066352844,-0.06415014714002609,0.35439372062683105,0.47173386812210083,-0.07295362651348114,0.3671170175075531,0.5565795302391052,-0.036625947803258896,0.35630181431770325,0.6067680716514587,-0.0646073967218399,0.35284799337387085,0.6481956839561462,-0.07525569200515747,0.3500595986843109,0.6781054139137268,-0.07750876247882843,0.394845575094223,0.5623929500579834,-0.04121409356594086,0.3790152370929718,0.6357600092887878,-0.0656488835811615,0.3690633773803711,0.6775931119918823,-0.06759228557348251,0.3600192070007324,0.7100579738616943,-0.06308875232934952,0.41480425000190735,0.5802480578422546,-0.04608813673257828,0.4021400511264801,0.6382309198379517,-0.06354068964719772,0.3898199498653412,0.6733620166778564,-0.06237557902932167,0.37850603461265564,0.6987715363502502,-0.056315090507268906
27,right,0.33882200717926025,0.7513551712036133,-5.041943396122406e-08,0.3926825225353241,0.7636494040489197,-0.005898120813071728,0.4372712969779968,0.8235442638397217,-0.024542415514588356,0.4539947211742401,0.8954973816871643,-0.041250452399253845,0.4421071708202362,0.9273967146873474,-0.05530468747019768,0.4553900361061096,0.7805440425872803,-0.059408292174339294,0.4691234230995178,0.885513186454773,-0.07594402879476547,0.44766199588775635,0.8846966624259949,-0.07408875972032547,0.43743184208869934,0.859131932258606,-0.07180696725845337,0.42233210802078247,0.7909144759178162,-0.0684981569647789,0.43759965896606445,0.9005762338638306,-0.08092041313648224,0.41902872920036316,0.8889803290367126,-0.06851711124181747,0.4112991392612457,0.8583415150642395,-0.06266135722398758,0.38856586813926697,0.8084617257118225,-0.07562271505594254,0.4081721305847168,0.9075865745544434,-0.07925421744585037,0.3944159150123596,0.890781581401825,-0.05944066494703293,0.3877793848514557,0.8616527318954468,-0.050022196024656296,0.3569832146167755,0.8302929401397705,-0.0836186558008194,0.380664199590683,0.9067031741142273,-0.07925097644329071,0.37239396572113037,0.8907325863838196,-0.0636320486664772,0.366379976272583,0.8639704585075378,-0.05601697787642479
27,left,0.39963334798812866,0.6375418901443481,3.8603960028638085e-09,0.36967313289642334,0.6348420977592468,-0.00692351907491684,0.3483119308948517,0.6263845562934875,-0.015894874930381775,0.33913758397102356,0.6272082924842834,-0.026071149855852127,0.33892568945884705,0.6301379799842834,-0.038375504314899445,0.3398270905017853,0.5758293271064758,-0.02573511190712452,0.3422047793865204,0.5338725447654724,-0.04257185384631157,0.34569597244262695,0.5014161467552185,-0.054666668176651,0.34928640723228455,0.4752482771873474,-0.06303722411394119,0.36640405654907227,0.5594125986099243,-0.0312836691737175,0.35938143730163574,0.6148251891136169,-0.05774163454771042,0.35740888118743896,0.6611495018005371,-0.06743495166301727,0.3560391962528229,0.6953815221786499,-0.06924010068178177,0.39356911182403564,0.5651317834854126,-0.0362776555120945,0.3795218765735626,0.637601912021637,-0.059472210705280304,0.37078341841697693,0.6793621778488159,-0.06104857847094536,0.36298924684524536,0.7122901082038879,-0.056758951395750046,0.412875235080719,0.5826603174209595,-0.04162897169589996,0.4005252718925476,0.6417474150657654,-0.0585273802280426,0.38841983675956726,0.6768128275871277,-0.05759701877832413,0.3770183324813843,0.7025983333587646,-0.0520181804895401
28,right,0.3378216028213501,0.7522186040878296,-5.648132628266467e-08,0.39080381393432617,0.7664054036140442,-0.005502061918377876,0.43457621335983276,0.8254899382591248,-0.02417759783565998,0.45175766944885254,0.8963415622711182,-0.04078027233481407,0.44303056597709656,0.9306785464286804,-0.05447519198060036,0.4548160135746002,0.7820151448249817,-0.06098371744155884,0.469373881816864,0.8863576054573059,-0.07690151780843735,0.446796715259552,0.8859230279922485,-0.07388127595186234,0.43650248646736145,0.8599647879600525,-0.07083480805158615,0.42216601967811584,0.7917420268058777,-0.07022849470376968,0.4376697838306427,0.9020830392837524,-0.08205977827310562,0.4178004860877991,0.8926336169242859,-0.06882540136575699,0.4100709557533264,0.8624213933944702,-0.06267961859703064,0.38824522495269775,0.808505654335022,-0.07732228934764862,0.4084022045135498,0.9085808396339417,-0.08042436093091965,0.3935264050960541,0.8945676684379578,-0.05947009474039078,0.3862541913986206,0.8658033013343811,-0.04957665875554085,0.35612842440605164,0.8293851613998413,-0.08522346615791321,0.3805091381072998,0.906338095664978,-0.08056933432817459,0.3719210624694824,0.8931032419204712,-0.06429246813058853,0.36569032073020935,0.867495059967041,-0.056408874690532684
28,left,0.3985368013381958,0.639559268951416,1.8588796280027964e-08,0.36892205476760864,0.6350687742233276,-0.007968208752572536,0.34774306416511536,0.6243447661399841,-0.017807388678193092,0.3386460244655609,0.6212636828422546,-0.028422342613339424,0.3394816219806671,0.6190876364707947,-0.041263338178396225,0.3390621244907379,0.5765675902366638,-0.030383113771677017,0.34067174792289734,0.534874439239502,-0.049032896757125854,0.3444894254207611,0.5023630261421204,-0.062080852687358856,0.3485129475593567,0.47552490234375,-0.07072599232196808,0.36596953868865967,0.5600206255912781,-0.03551136329770088,0.35721367597579956,0.6118431091308594,-0.06369888037443161,0.3542080223560333,0.6566662788391113,-0.07442806661128998,0.3514751195907593,0.6898009777069092,-0.0765404999256134,0.3936576545238495,0.5646185874938965,-0.03978683054447174,0.3793065845966339,0.6367347836494446,-0.06416592746973038,0.3694077730178833,0.6789483428001404,-0.06646477431058884,0.36012932658195496,0.7124589681625366,-0.062243737280368805,0.4133659303188324,0.5811628103256226,-0.04434020072221756,0.4013597369194031,0.6379774212837219,-0.06140115112066269,0.38891348242759705,0.6732916235923767,-0.060390058904886246,0.37721842527389526,0.6999222040176392,-0.054569751024246216
29,right,0.3373486399650574,0.7515038251876831,-7.364589293956669e-08,0.39075613021850586,0.7658680081367493,-0.004617750179022551,0.43487221002578735,0.8245344758033752,-0.023187508806586266,0.4521961808204651,0.8955096006393433,-0.03980300575494766,0.44302690029144287,0.931138277053833,-0.05351083353161812,0.45429760217666626,0.7803429365158081,-0.06150956079363823,0.4699006974697113,0.8833801746368408,-0.07663140445947647,0.44647088646888733,0.8822409510612488,-0.07270271331071854,0.436046838760376,0.8553990125656128,-0.06917697936296463,0.42215871810913086,0.7900139689445496,-0.07107747346162796,0.43831175565719604,0.8995728492736816,-0.08185907453298569,0.41805383563041687,0.8898367881774902,-0.0679352730512619,0.4104783833026886,0.8592687249183655,-0.06167587637901306,0.3888406455516815,0.8071127533912659,-0.07827836275100708,0.4091673791408539,0.9064118266105652,-0.08050664514303207,0.3938497006893158,0.8917744755744934,-0.05921727046370506,0.3865254819393158,0.8624848127365112,-0.04948798939585686,0.3570861220359802,0.8285582065582275,-0.08621426671743393,0.38183918595314026,0.9046796560287476,-0.08110662549734116,0.3728865683078766,0.8912653923034668,-0.06474287807941437,0.36664053797721863,0.8656368851661682,-0.05705273151397705
29,left,0.3948594629764557,0.6357375979423523,3.037648355075362e-08,0.36643531918525696,0.6310257911682129,-0.007741534151136875,0.34537410736083984,0.622058629989624,-0.017385292798280716,0.33665236830711365,0.6232262849807739,-0.027947500348091125,0.33666613698005676,0.6264731884002686,-0.040847014635801315,0.3366268575191498,0.5721608996391296,-0.028475740924477577,0.3396299183368683,0.5319608449935913,-0.046857453882694244,0.34290599822998047,0.4991895854473114,-0.0602727048099041,0.3460310101509094,0.47266528010368347,-0.06942056864500046,0.36367782950401306,0.5561202168464661,-0.0340074822306633,0.35693836212158203,0.6134990453720093,-0.062078408896923065,0.35593941807746887,0.6610704064369202,-0.07246608287096024,0.35498276352882385,0.6954981088638306,-0.07439375668764114,0.3917516767978668,0.5624884963035583,-0.038880605250597,0.37868645787239075,0.6370079517364502,-0.06337372958660126,0.37019479274749756,0.6795606017112732,-0.06491664052009583,0.36194929480552673,0.7126964330673218,-0.06019148975610733,0.4115411341190338,0.5812519192695618,-0.04409975931048393,0.40032759308815,0.6402566432952881,-0.06194428354501724,0.3885219097137451,0.6758172512054443,-0.06066598743200302,0.3771078288555145,0.7017279267311096,-0.054525986313819885
30,right,0.3372071385383606,0.7501602172851562,-6.620396675316442e-08,0.39056792855262756,0.7629155516624451,-0.004877742845565081,0.4352300763130188,0.8198757767677307,-0.023376934230327606,0.453504741191864,0.8898986577987671,-0.03979886323213577,0.4453464150428772,0.9264206290245056,-0.053299680352211,0.45526015758514404,0.7768352627754211,-0.061349451541900635,0.47063156962394714,0.880736768245697,-0.07640566676855087,0.44738829135894775,0.8805224895477295,-0.0726701021194458,0.4370616674423218,0.8545527458190918,-0.06932464987039566,0.42329201102256775,0.7871766090393066,-0.07064186781644821,0.43863630294799805,0.8974618911743164,-0.08133610337972641,0.4187001883983612,0.8881545066833496,-0.06751914322376251,0.4111332297325134,0.8580014705657959,-0.061393853276968,0.3900853991508484,0.8047963976860046,-0.0775989517569542,0.4097995162010193,0.9048815965652466,-0.07982195913791656,0.3948023021221161,0.8899629712104797,-0.05872875452041626,0.3875700831413269,0.8605939745903015,-0.049187254160642624,0.3584783673286438,0.8267336487770081,-0.08530229330062866,0.3821907341480255,0.902897834777832,-0.08044382184743881,0.37316232919692993,0.8887040615081787,-0.06436630338430405,0.3670549988746643,0.8624138236045837,-0.056842926889657974
30,left,0.39627715945243835,0.6377735137939453,4.3451939291117014e-07,0.3685559332370758,0.6353356838226318,-0.009697219356894493,0.34635964035987854,0.6258127689361572,-0.02104388363659382,0.3388660252094269,0.6259135603904724,-0.03345522657036781,0.33949482440948486,0.6258354783058167,-0.04707200452685356,0.33254119753837585,0.5783969163894653,-0.03045167401432991,0.3388204574584961,0.5350399613380432,-0.05123509094119072,0.3436468243598938,0.5034410953521729,-0.06474422663450241,0.3496905267238617,0.4739876985549927,-0.0726238563656807,0.3584739863872528,0.5618569254875183,-0.03684114292263985,0.34479647874832153,0.5559951663017273,-0.06026744470000267,0.3356884717941284,0.5421397686004639,-0.07227610796689987,0.32805001735687256,0.5301490426063538,-0.07746317237615585,0.3871786296367645,0.5625556111335754,-0.04271354153752327,0.37380850315093994,0.6208328008651733,-0.06515031307935715,0.36371275782585144,0.6699466705322266,-0.06577368080615997,0.355653315782547,0.7093420028686523,-0.060299597680568695,0.40979668498039246,0.5779134631156921,-0.049532268196344376,0.39547985792160034,0.6341881155967712,-0.0640101507306099,0.38388949632644653,0.6713519096374512,-0.06017564237117767,0.3743453621864319,0.7004069685935974,-0.05329630523920059
31,right,0.3376198410987854,0.7493019104003906,-5.635367017475801e-08,0.39176127314567566,0.7618504762649536,-0.0048876539804041386,0.4368607997894287,0.8192979693412781,-0.023303363472223282,0.454866886138916,0.889294445514679,-0.03970653563737869,0.4459637701511383,0.9240427017211914,-0.05331554636359215,0.4562118351459503,0.7766584753990173,-0.0610826350748539,0.47144815325737,0.8802587389945984,-0.07591748237609863,0.44880586862564087,0.880663275718689,-0.0718265101313591,0.4382987320423126,0.8557101488113403,-0.06822659820318222,0.4237247705459595,0.7864971160888672,-0.0704927071928978,0.4394555687904358,0.8966602683067322,-0.0815412849187851,0.41985073685646057,0.8865231871604919,-0.06769407540559769,0.4121825695037842,0.8564914464950562,-0.06124097853899002,0.39020219445228577,0.8037729263305664,-0.07757134735584259,0.41054967045783997,0.9035319685935974,-0.08030471205711365,0.39620089530944824,0.887934148311615,-0.059635475277900696,0.38919520378112793,0.8590110540390015,-0.050050269812345505,0.35847198963165283,0.8255467414855957,-0.08535490930080414,0.3826509416103363,0.9016416072845459,-0.0806870087981224,0.37394940853118896,0.886479914188385,-0.06473509967327118,0.3677307367324829,0.8598489761352539,-0.05709734559059143
31,left,0.3950275182723999,0.6322991251945496,9.202804562846723e-08,0.3653413653373718,0.6274005770683289,-0.0071755219250917435,0.34493181109428406,0.6204033493995667,-0.017125077545642853,0.3382188379764557,0.6249969005584717,-0.028319567441940308,0.3387245535850525,0.63141930103302,-0.0421471893787384,0.33642876148223877,0.5732254981994629,-0.028660427778959274,0.33870694041252136,0.5333856344223022,-0.04740745574235916,0.34269827604293823,0.5014230608940125,-0.06052657589316368,0.3465220332145691,0.47472864389419556,-0.06897561252117157,0.3636111617088318,0.5576609373092651,-0.03466822952032089,0.3559252917766571,0.6071253418922424,-0.0625542476773262,0.3526180684566498,0.6494521498680115,-0.07432563602924347,0.34963610768318176,0.6801245212554932,-0.07709970325231552,0.391813725233078,0.5624111890792847,-0.0397697277367115,0.3787885904312134,0.6359670758247375,-0.06441091001033783,0.3702099919319153,0.6789923906326294,-0.06773950159549713,0.3621213436126709,0.7122857570648193,-0.06377403438091278,0.4116765260696411,0.5787597894668579,-0.04501558467745781,0.4020792245864868,0.6355957984924316,-0.061451129615306854,0.39215952157974243,0.6717795729637146,-0.06001010537147522,0.3825817108154297,0.6981518268585205,-0.05383086949586868
32,right,0.33850064873695374,0.7490169405937195,-5.7974780531822034e-08,0.3930794298648834,0.762996256351471,-0.004490551073104143,0.4380543828010559,0.8223822116851807,-0.023255188018083572,0.4551200568675995,0.8928841948509216,-0.03994201496243477,0.44337138533592224,0.9243828654289246,-0.05380954220890999,0.45609286427497864,0.7758755683898926,-0.06228991597890854,0.47164615988731384,0.8801687955856323,-0.0770760253071785,0.4488089680671692,0.8802520632743835,-0.072856105864048,0.43799158930778503,0.8551339507102966,-0.0692247524857521,0.42327243089675903,0.7854381799697876,-0.07197868078947067,0.43974244594573975,0.8961246013641357,-0.08271690458059311,0.4201827347278595,0.8863628506660461,-0.06854722648859024,0.4123276174068451,0.8568291664123535,-0.062054041773080826,0.3897760510444641,0.8029323220252991,-0.07913804054260254,0.41042613983154297,0.9031407833099365,-0.08109795302152634,0.3962368667125702,0.8879271745681763,-0.05985674262046814,0.3891342878341675,0.8593266606330872,-0.05017237737774849,0.3581918776035309,0.8252257704734802,-0.0870150700211525,0.3830932378768921,0.9014381170272827,-0.08155136555433273,0.37441372871398926,0.8865454792976379,-0.0650472640991211,0.36785638332366943,0.8603638410568237,-0.057270873337984085
32,left,0.3957599997520447,0.6344789266586304,3.2645272085574106e-07,0.3667243719100952,0.6328223943710327,-0.008454256691038609,0.34468579292297363,0.6236249804496765,-0.01943647302687168,0.33820828795433044,0.6223708987236023,-0.03153349086642265,0.3397146761417389,0.6215276718139648,-0.04499955475330353,0.33401739597320557,0.5741496682167053,-0.03012724779546261,0.3401755690574646,0.5312981605529785,-0.050611820071935654,0.3464720845222473,0.5004151463508606,-0.06407838314771652,0.3526642918586731,0.47182509303092957,-0.07219652831554413,0.36020952463150024,0.5575671195983887,-0.03664375841617584,0.34683507680892944,0.569758951663971,-0.062325622886419296,0.33542904257774353,0.5739461183547974,-0.07468079775571823,0.32571640610694885,0.5738921761512756,-0.07915369421243668,0.38840872049331665,0.5599579811096191,-0.04235533997416496,0.37415286898612976,0.6260923743247986,-0.06561393290758133,0.36368054151535034,0.6746051907539368,-0.06653039157390594,0.35561349987983704,0.7125896215438843,-0.06088780239224434,0.4098569452762604,0.5764063000679016,-0.04871075972914696,0.39618784189224243,0.6349464058876038,-0.06367824971675873,0.38493773341178894,0.6722093224525452,-0.05996505543589592,0.3757367730140686,0.6992344856262207,-0.05253004655241966
33,right,0.3387812376022339,0.7485806941986084,-5.276009673593762e-08,0.39428600668907166,0.7622861862182617,-0.004650518763810396,0.43959689140319824,0.8216374516487122,-0.023791950196027756,0.4559662640094757,0.8926525712013245,-0.040807440876960754,0.44269445538520813,0.9245614409446716,-0.05505429208278656,0.45675116777420044,0.7747665643692017,-0.06307599693536758,0.47168585658073425,0.8784831762313843,-0.07749436050653458,0.4491584897041321,0.877855658531189,-0.0728205069899559,0.4388178288936615,0.8522307276725769,-0.06900738179683685,0.4239029884338379,0.784360945224762,-0.0727309137582779,0.440294474363327,0.8951137661933899,-0.08294953405857086,0.4207749664783478,0.8852370977401733,-0.06825782358646393,0.4129710793495178,0.8553606271743774,-0.061583373695611954,0.39044442772865295,0.8018923997879028,-0.07982094585895538,0.41130003333091736,0.9024573564529419,-0.08122957497835159,0.39700135588645935,0.8872107267379761,-0.05979636311531067,0.38965287804603577,0.858207643032074,-0.050199899822473526,0.3588528335094452,0.8242180347442627,-0.0876646488904953,0.38399332761764526,0.9000710844993591,-0.08186405152082443,0.3753126263618469,0.885179877281189,-0.06542564183473587,0.3686365783214569,0.8588064312934875,-0.05786646157503128
33,left,0.3943796157836914,0.6307903528213501,2.4322565650436445e-07,0.36542218923568726,0.6259141564369202,-0.007799695245921612,0.3438258469104767,0.6185778975486755,-0.018661605194211006,0.33785924315452576,0.6212083101272583,-0.031039470806717873,0.33982694149017334,0.623838484287262,-0.044940199702978134,0.3335978090763092,0.5721039772033691,-0.029273996129631996,0.33824971318244934,0.533707320690155,-0.05145389214158058,0.34661781787872314,0.5127306580543518,-0.06567779183387756,0.35340285301208496,0.49278727173805237,-0.0735168308019638,0.36066266894340515,0.5573540329933167,-0.036374058574438095,0.34792497754096985,0.5764612555503845,-0.06480342894792557,0.3397420346736908,0.5915518999099731,-0.07828362286090851,0.3324289917945862,0.5986804962158203,-0.08247824758291245,0.3893534243106842,0.5610211491584778,-0.042747803032398224,0.37488090991973877,0.6283401846885681,-0.06819723546504974,0.36454617977142334,0.6766588687896729,-0.07069297879934311,0.3563806414604187,0.7134190797805786,-0.06531453877687454,0.4110114872455597,0.5777033567428589,-0.04946257919073105,0.397567480802536,0.6358082294464111,-0.06506902724504471,0.3858891427516937,0.6738165020942688,-0.06144044175744057,0.37663260102272034,0.7005594968795776,-0.053602345287799835
34,right,0.3391481339931488,0.7477172017097473,-4.799172970137988e-08,0.3935616612434387,0.7615246772766113,-0.005680904258042574,0.4388919472694397,0.8201757669448853,-0.024324361234903336,0.4557681679725647,0.8906723856925964,-0.0407729297876358,0.4436711072921753,0.9231749773025513,-0.0543263778090477,0.4571831226348877,0.7733170390129089,-0.060666151344776154,0.4720665216445923,0.8766660094261169,-0.07565673440694809,0.4492979049682617,0.8766493797302246,-0.07230222970247269,0.4385037422180176,0.8519620895385742,-0.06932804733514786,0.424885630607605,0.7832098007202148,-0.06973976641893387,0.4406742751598358,0.8935586810112,-0.08091192692518234,0.4210062623023987,0.8837607502937317,-0.06778224557638168,0.4128569960594177,0.8538702726364136,-0.061767227947711945,0.391745001077652,0.8007615208625793,-0.07657058537006378,0.41129767894744873,0.900772213935852,-0.07901696860790253,0.39695215225219727,0.8856279850006104,-0.05888113006949425,0.38998621702194214,0.8567707538604736,-0.04968542233109474,0.36037448048591614,0.8228064179420471,-0.08425642549991608,0.3839870095252991,0.8982842564582825,-0.07927773892879486,0.3750516176223755,0.8836119174957275,-0.06358417123556137,0.36869382858276367,0.8575064539909363,-0.05621979758143425
34,left,0.39588215947151184,0.6299011707305908,9.561289715520616e-08,0.3663112223148346,0.6267111301422119,-0.007350765634328127,0.34569239616394043,0.6214748024940491,-0.018287966027855873,0.33978116512298584,0.6268235445022583,-0.030714545398950577,0.3414301574230194,0.6349412202835083,-0.045629218220710754,0.3361608386039734,0.5684137344360352,-0.02854054979979992,0.34024351835250854,0.529214084148407,-0.047883838415145874,0.34566885232925415,0.4983106255531311,-0.061592474579811096,0.3505437672138214,0.4724728465080261,-0.07058832794427872,0.36279186606407166,0.552492618560791,-0.0351199246942997,0.3551790118217468,0.601713240146637,-0.06345129758119583,0.3523407280445099,0.644314169883728,-0.07522644847631454,0.3497278094291687,0.6745310425758362,-0.07796550542116165,0.39083918929100037,0.5579793453216553,-0.04094592481851578,0.3778194487094879,0.632676362991333,-0.06614663451910019,0.36940670013427734,0.6770769357681274,-0.06933540105819702,0.3615261912345886,0.7100180387496948,-0.0651596263051033,0.41109582781791687,0.575489342212677,-0.047000519931316376,0.40049031376838684,0.6336005330085754,-0.06421105563640594,0.39002418518066406,0.6705293655395508,-0.06301447749137878,0.3802267014980316,0.6960245370864868,-0.05685246363282204
35,right,0.33911898732185364,0.7461391091346741,-6.042428424279933e-08,0.3927724361419678,0.7609491348266602,-0.005282046273350716,0.4380188286304474,0.8195203542709351,-0.023505428805947304,0.45612674951553345,0.8891907334327698,-0.03975188732147217,0.4459175169467926,0.9217210412025452,-0.053115684539079666,0.4577454626560211,0.7726981043815613,-0.0590573251247406,0.4722222089767456,0.8757161498069763,-0.07419928908348083,0.4492180347442627,0.874584436416626,-0.07119707018136978,0.4385445713996887,0.8492224812507629,-0.06843629479408264,0.42554613947868347,0.7820085287094116,-0.06838363409042358,0.4411817193031311,0.8920103907585144,-0.07936041802167892,0.42137885093688965,0.881860077381134,-0.06639493256807327,0.4132072627544403,0.8522585034370422,-0.06052485480904579,0.3921540379524231,0.7990270256996155,-0.07557506859302521,0.41169705986976624,0.8990851640701294,-0.0781775638461113,0.39710503816604614,0.8835318088531494,-0.05810754373669624,0.39001280069351196,0.8549156188964844,-0.04890906810760498,0.36050450801849365,0.8208010196685791,-0.08358790725469589,0.3843379020690918,0.8968824148178101,-0.07881122082471848,0.37536877393722534,0.8817597031593323,-0.06312749534845352,0.3688461482524872,0.8554221987724304,-0.05569028854370117
35,left,0.3990427255630493,0.6286793947219849,3.571595073026401e-07,0.36883366107940674,0.6260421872138977,-0.009057329036295414,0.34482136368751526,0.6183466911315918,-0.020508112385869026,0.3370984196662903,0.6192924380302429,-0.03314249962568283,0.3380158543586731,0.6221474409103394,-0.04678899422287941,0.3323539197444916,0.5706747770309448,-0.029476551339030266,0.3399983048439026,0.5338980555534363,-0.05191478505730629,0.3481338322162628,0.5095869302749634,-0.06676524132490158,0.3560542166233063,0.4864570200443268,-0.07537317276000977,0.3580576777458191,0.5545433163642883,-0.03663066402077675,0.34507304430007935,0.560621440410614,-0.06259212642908096,0.33718088269233704,0.5587047338485718,-0.07521943747997284,0.3302212357521057,0.5546597242355347,-0.08009261637926102,0.38654136657714844,0.5571064352989197,-0.04344259575009346,0.3728550374507904,0.6209580898284912,-0.06737013161182404,0.36337852478027344,0.6698570251464844,-0.06838691234588623,0.3558485209941864,0.7075843214988708,-0.06282110512256622,0.40904533863067627,0.5741071105003357,-0.05109081789851189,0.3950785994529724,0.6333380937576294,-0.06644850224256516,0.3839641511440277,0.670434296131134,-0.06285469979047775,0.37481042742729187,0.6973728537559509,-0.055741794407367706
36,right,0.33917611837387085,0.7471529841423035,-5.7678150255924265e-08,0.3925703763961792,0.7609171271324158,-0.004796857945621014,0.43707072734832764,0.8194819092750549,-0.02308683469891548,0.4551229476928711,0.8888956308364868,-0.03948242589831352,0.44628721475601196,0.9190230965614319,-0.05302300304174423,0.45831432938575745,0.7732313871383667,-0.059320900589227676,0.4726718068122864,0.8764510750770569,-0.07473886758089066,0.44996023178100586,0.8759993314743042,-0.07162866741418839,0.43911802768707275,0.8508613109588623,-0.06870502233505249,0.425762414932251,0.7823339104652405,-0.06899767369031906,0.4412058889865875,0.8929724097251892,-0.08042000979185104,0.42146986722946167,0.8826538324356079,-0.06730381399393082,0.413453072309494,0.8531973361968994,-0.06126520410180092,0.392148494720459,0.7994142174720764,-0.07650777697563171,0.4112013578414917,0.9009035229682922,-0.07967688143253326,0.3967674672603607,0.8851349353790283,-0.05946818366646767,0.3899679481983185,0.8565948605537415,-0.05007048696279526,0.36048388481140137,0.8211602568626404,-0.08476173877716064,0.38364097476005554,0.8991559743881226,-0.08036249876022339,0.37463635206222534,0.8841111063957214,-0.06466469913721085,0.3685232698917389,0.8579198122024536,-0.05715616047382355
36,left,0.3925555348396301,0.6256409287452698,-7.812673175067175e-09,0.3598102033138275,0.6166638135910034,-0.008096592500805855,0.3390244245529175,0.608144998550415,-0.019165368750691414,0.3339007794857025,0.6125385165214539,-0.031779251992702484,0.33855316042900085,0.6170228719711304,-0.0467657595872879,0.33318066596984863,0.5649378299713135,-0.028816016390919685,0.3401046395301819,0.5421335101127625,-0.05289684608578682,0.3506471812725067,0.5339199304580688,-0.06986928731203079,0.35766899585723877,0.5278918743133545,-0.07915426790714264,0.3614004850387573,0.5547052025794983,-0.035307712852954865,0.35687747597694397,0.6093383431434631,-0.06605541706085205,0.35617977380752563,0.6520342230796814,-0.0806012898683548,0.35432499647140503,0.6821237206459045,-0.08498388528823853,0.39010748267173767,0.5617868304252625,-0.04145465046167374,0.3774741291999817,0.6342317461967468,-0.0686224177479744,0.37043944001197815,0.6785724759101868,-0.0735912173986435,0.3633914291858673,0.7125280499458313,-0.0700235441327095,0.41044166684150696,0.5796553492546082,-0.04773273319005966,0.40034937858581543,0.6362536549568176,-0.06490756571292877,0.39076659083366394,0.6732223629951477,-0.06316011399030685,0.38217681646347046,0.6993352770805359,-0.05641129985451698
