0.6945308446884155,0.781091034412384,-0.15587899088859558,0.28678563237190247,0.7675400972366333,-0.22426140308380127
0.6958724856376648,0.7836877703666687,-0.1683991253376007,0.2881585359573364,0.7673274874687195,-0.2324058711528778
0.6981474161148071,0.7832905650138855,-0.1805005967617035,0.28870123624801636,0.7671459317207336,-0.2327151596546173
0.6987903118133545,0.7833027243614197,-0.18984273076057434,0.28908297419548035,0.7669110894203186,-0.24225430190563202
0.6992248892784119,0.7831353545188904,-0.17257511615753174,0.28930947184562683,0.7669681906700134,-0.20653633773326874
0.6992111206054688,0.7830249667167664,-0.18032507598400116,0.289509117603302,0.7683196663856506,-0.2197953462600708
0.6990588903427124,0.7828542590141296,-0.1678428202867508,0.28953802585601807,0.7699509263038635,-0.21616855263710022
0.6989609003067017,0.7815898656845093,-0.16369900107383728,0.29042404890060425,0.7715056538581848,-0.2176728993654251
0.6991420984268188,0.7814262509346008,-0.1602775752544403,0.29086700081825256,0.7726775407791138,-0.21691294014453888
0.6994366645812988,0.7813078165054321,-0.1554856300354004,0.29187843203544617,0.7727764248847961,-0.2112172544002533
0.7002100348472595,0.7812327742576599,-0.15953345596790314,0.29334020614624023,0.7726624608039856,-0.2374526560306549
0.7008988261222839,0.7811598181724548,-0.16340556740760803,0.29469597339630127,0.7726527452468872,-0.2545176148414612
0.7016039490699768,0.7811661958694458,-0.1422882378101349,0.29600274562835693,0.7725290656089783,-0.21485289931297302
0.7016139030456543,0.7812280654907227,-0.1361457109451294,0.2975528836250305,0.7707297205924988,-0.2079499065876007
0.7019217610359192,0.7817513942718506,-0.13359422981739044,0.29892319440841675,0.7696367502212524,-0.18022190034389496
0.701980710029602,0.7819430828094482,-0.11524168401956558,0.3003707528114319,0.7677516937255859,-0.16718587279319763
0.7020516395568848,0.7820631265640259,-0.11714378744363785,0.30062466859817505,0.7671180367469788,-0.164311021566391
0.7024217844009399,0.7821776866912842,-0.1003221645951271,0.30104872584342957,0.7668485045433044,-0.1380261778831482
0.7031275033950806,0.782364010810852,-0.09560447186231613,0.30140939354896545,0.7668503522872925,-0.1380654275417328
0.7039246559143066,0.7825468182563782,-0.10023941099643707,0.30152955651283264,0.7668461203575134,-0.13475200533866882
0.7049795985221863,0.7826202511787415,-0.10278153419494629,0.3015197515487671,0.7672836184501648,-0.14163586497306824
0.7050532102584839,0.7822381854057312,-0.10398048162460327,0.3012947142124176,0.7680246233940125,-0.14265736937522888
0.7053567171096802,0.7822549343109131,-0.1053360253572464,0.30059558153152466,0.7693453431129456,-0.14247922599315643
0.7054287195205688,0.7818054556846619,-0.11432424932718277,0.300362765789032,0.7709245681762695,-0.14336666464805603
0.7054446935653687,0.7814385890960693,-0.1171417236328125,0.2998582422733307,0.7722682356834412,-0.1488053947687149
0.7054603695869446,0.7809019088745117,-0.11708222329616547,0.2995729148387909,0.7732786536216736,-0.14849494397640228
0.7054319977760315,0.780847430229187,-0.11854156106710434,0.2993907332420349,0.7732770442962646,-0.1493140608072281
0.7055220007896423,0.7808061242103577,-0.11856069415807724,0.299420565366745,0.7740978598594666,-0.1490456759929657
0.7062565088272095,0.7807943820953369,-0.1189589872956276,0.29958319664001465,0.7741051316261292,-0.14584612846374512
0.7067379355430603,0.7807896733283997,-0.12079541385173798,0.29971927404403687,0.7743951678276062,-0.14975032210350037
0.7069318890571594,0.7809266448020935,-0.12336981296539307,0.29972800612449646,0.7743037343025208,-0.15036843717098236
0.7072666883468628,0.7809237241744995,-0.12418551743030548,0.30049943923950195,0.7740402221679688,-0.14581641554832458
0.7075232267379761,0.7810423970222473,-0.12151499837636948,0.3006065785884857,0.7740153074264526,-0.14974567294120789
0.707861065864563,0.7810377478599548,-0.1218353658914566,0.30069562792778015,0.7738997340202332,-0.1589599847793579
0.7080219984054565,0.7811611294746399,-0.1112406998872757,0.30077579617500305,0.7746666073799133,-0.15937815606594086
0.7082550525665283,0.7815508246421814,-0.10551203787326813,0.3008471131324768,0.7746893763542175,-0.15815123915672302
