1,right,0,0,0,0,0,0,0,0,0,0,0,0,0,0,0,0,0,0,0,0,0,0,0,0,0,0,0,0,0,0,0,0,0,0,0,0,0,0,0,0,0,0,0,0,0,0,0,0,0,0,0,0,0,0,0,0,0,0,0,0,0,0,0
1,left,0,0,0,0,0,0,0,0,0,0,0,0,0,0,0,0,0,0,0,0,0,0,0,0,0,0,0,0,0,0,0,0,0,0,0,0,0,0,0,0,0,0,0,0,0,0,0,0,0,0,0,0,0,0,0,0,0,0,0,0,0,0,0
2,right,0,0,0,0,0,0,0,0,0,0,0,0,0,0,0,0,0,0,0,0,0,0,0,0,0,0,0,0,0,0,0,0,0,0,0,0,0,0,0,0,0,0,0,0,0,0,0,0,0,0,0,0,0,0,0,0,0,0,0,0,0,0,0
2,left,0.7285028696060181,0.6899837255477905,-2.610987337448023e-07,0.6818603277206421,0.6221708655357361,-0.002193015068769455,0.6169606447219849,0.5551416277885437,-0.011778652667999268,0.5648461580276489,0.5231015682220459,-0.020406797528266907,0.5333548188209534,0.5108578205108643,-0.030346529558300972,0.6007139682769775,0.5978837609291077,-0.03984462097287178,0.5316145420074463,0.6507740616798401,-0.05832398682832718,0.5488425493240356,0.6586368680000305,-0.06613492220640182,0.5741252899169922,0.6457851529121399,-0.06924670934677124,0.6115787029266357,0.6611860394477844,-0.04770413413643837,0.5403687357902527,0.7148656845092773,-0.06016870588064194,0.5583106875419617,0.7234304547309875,-0.05898468196392059,0.5853075981140137,0.7111678123474121,-0.05929288640618324,0.6247420907020569,0.7218195796012878,-0.05415968596935272,0.5613196492195129,0.7759184837341309,-0.06324125081300735,0.5759129524230957,0.7824591398239136,-0.052954889833927155,0.5998958945274353,0.7696421146392822,-0.04752369970083237,0.639179527759552,0.7795283198356628,-0.06009805575013161,0.5898865461349487,0.8286736011505127,-0.06556793302297592,0.6046688556671143,0.836179256439209,-0.054901015013456345,0.624782145023346,0.8282262086868286,-0.04712335392832756
3,right,0,0,0,0,0,0,0,0,0,0,0,0,0,0,0,0,0,0,0,0,0,0,0,0,0,0,0,0,0,0,0,0,0,0,0,0,0,0,0,0,0,0,0,0,0,0,0,0,0,0,0,0,0,0,0,0,0,0,0,0,0,0,0
3,left,0.708247721195221,0.5546543002128601,-3.5620846006167994e-07,0.6787077188491821,0.4826619625091553,-0.003013164736330509,0.631196916103363,0.4149845242500305,-0.013510909862816334,0.5976545214653015,0.36250826716423035,-0.02366810292005539,0.5946043729782104,0.31302979588508606,-0.03337250277400017,0.6215077638626099,0.4623453915119171,-0.03620167449116707,0.5510091185569763,0.4746389389038086,-0.05299950763583183,0.5668867230415344,0.48685774207115173,-0.058474067598581314,0.5892114043235779,0.48602405190467834,-0.05980764701962471,0.6196062564849854,0.5131761431694031,-0.04201057180762291,0.5536209344863892,0.5218204259872437,-0.05145207792520523,0.566175103187561,0.528643786907196,-0.04790915921330452,0.586087703704834,0.5276007652282715,-0.04847604036331177,0.6185753345489502,0.5608281493186951,-0.047053154557943344,0.5575238466262817,0.5611379742622375,-0.053983528167009354,0.5686711072921753,0.5696849822998047,-0.0458899550139904,0.5891232490539551,0.569245457649231,-0.04320816323161125,0.6167325973510742,0.601105809211731,-0.051973748952150345,0.5593984723091125,0.6067773103713989,-0.05505667254328728,0.5288662314414978,0.6065146923065186,-0.05197860673069954,0.5092067718505859,0.6052552461624146,-0.052047282457351685
4,right,0,0,0,0,0,0,0,0,0,0,0,0,0,0,0,0,0,0,0,0,0,0,0,0,0,0,0,0,0,0,0,0,0,0,0,0,0,0,0,0,0,0,0,0,0,0,0,0,0,0,0,0,0,0,0,0,0,0,0,0,0,0,0
4,left,0.7080124616622925,0.5115050673484802,-1.9605984391546372e-07,0.675105094909668,0.4438573122024536,-5.511211202247068e-05,0.6333869695663452,0.3857637047767639,-0.010338111780583858,0.6040102243423462,0.3359413743019104,-0.02169697917997837,0.5994023680686951,0.28561729192733765,-0.03307495266199112,0.6126558184623718,0.4333950877189636,-0.02950112521648407,0.5528057813644409,0.4545118510723114,-0.04230489954352379,0.5719693303108215,0.4545457065105438,-0.047026749700307846,0.5924227833747864,0.4460561275482178,-0.04846900701522827,0.6144928336143494,0.4833263158798218,-0.03542473912239075,0.5578386187553406,0.49246692657470703,-0.04390998184680939,0.5766524076461792,0.4918164908885956,-0.04259346053004265,0.5976119041442871,0.48880794644355774,-0.043194063007831573,0.6183782815933228,0.5279079675674438,-0.03965259715914726,0.5591123104095459,0.5289003252983093,-0.044096238911151886,0.5752718448638916,0.5289038419723511,-0.0364152267575264,0.5979186296463013,0.5267753005027771,-0.03288034349679947,0.6213682293891907,0.5649747252464294,-0.04372858628630638,0.5683800578117371,0.5732748508453369,-0.04490726813673973,0.5358569025993347,0.5756754279136658,-0.042130544781684875,0.5105262994766235,0.5772765874862671,-0.04181117191910744
5,right,0,0,0,0,0,0,0,0,0,0,0,0,0,0,0,0,0,0,0,0,0,0,0,0,0,0,0,0,0,0,0,0,0,0,0,0,0,0,0,0,0,0,0,0,0,0,0,0,0,0,0,0,0,0,0,0,0,0,0,0,0,0,0
5,left,0.7138665914535522,0.5008970499038696,-1.9345306156992592e-07,0.678969144821167,0.43511226773262024,-0.004510689992457628,0.633213222026825,0.37881913781166077,-0.016469594091176987,0.6039338707923889,0.3270905911922455,-0.028036247938871384,0.5981738567352295,0.2770410180091858,-0.03877849876880646,0.6178849339485168,0.4275768995285034,-0.03832415118813515,0.5537906885147095,0.4521695673465729,-0.05138588696718216,0.5742790102958679,0.4506347179412842,-0.05420010909438133,0.5950243473052979,0.44027724862098694,-0.054525621235370636,0.6208837032318115,0.47797641158103943,-0.04171834886074066,0.559950053691864,0.4913395345211029,-0.051258187741041183,0.5792596936225891,0.4892715811729431,-0.04842223599553108,0.5998197793960571,0.4840507209300995,-0.04783158004283905,0.6254417300224304,0.5215928554534912,-0.04348881170153618,0.5621843934059143,0.5273900628089905,-0.049338046461343765,0.5788623094558716,0.5248727798461914,-0.04108570143580437,0.6012377738952637,0.5205050706863403,-0.03683732450008392,0.6289379596710205,0.5568206310272217,-0.04531319811940193,0.5745121240615845,0.5750259757041931,-0.04817641153931618,0.5427988767623901,0.5829846858978271,-0.046369314193725586,0.5185161828994751,0.5888240933418274,-0.04661543667316437
6,right,0,0,0,0,0,0,0,0,0,0,0,0,0,0,0,0,0,0,0,0,0,0,0,0,0,0,0,0,0,0,0,0,0,0,0,0,0,0,0,0,0,0,0,0,0,0,0,0,0,0,0,0,0,0,0,0,0,0,0,0,0,0,0
6,left,0.7095686197280884,0.48958641290664673,-1.8968852089074062e-07,0.6747515797615051,0.424844890832901,-0.005656245164573193,0.6292755007743835,0.3693448305130005,-0.017955182120203972,0.5984460115432739,0.31677013635635376,-0.029665730893611908,0.5915156006813049,0.26567673683166504,-0.04036029428243637,0.6147699356079102,0.4209500551223755,-0.03832492232322693,0.5514799356460571,0.44757187366485596,-0.05134489759802818,0.5715211629867554,0.44724392890930176,-0.05442456156015396,0.5920422077178955,0.43686553835868835,-0.05510791763663292,0.6177264451980591,0.4719865620136261,-0.04101022705435753,0.5586261749267578,0.48702767491340637,-0.05048099532723427,0.5772845149040222,0.4850037693977356,-0.047653306275606155,0.5970979928970337,0.47865644097328186,-0.04730343073606491,0.6224750876426697,0.5156487822532654,-0.04221799597144127,0.5596530437469482,0.5229753851890564,-0.04832272231578827,0.5769684314727783,0.5202764868736267,-0.0400150828063488,0.5995161533355713,0.5142185688018799,-0.0357954315841198,0.6263365149497986,0.5504927039146423,-0.04362216964364052,0.5743938684463501,0.5684029459953308,-0.04737435653805733,0.5430293679237366,0.5767980813980103,-0.04633065685629845,0.5178008675575256,0.5825223326683044,-0.04712675139307976
7,right,0,0,0,0,0,0,0,0,0,0,0,0,0,0,0,0,0,0,0,0,0,0,0,0,0,0,0,0,0,0,0,0,0,0,0,0,0,0,0,0,0,0,0,0,0,0,0,0,0,0,0,0,0,0,0,0,0,0,0,0,0,0,0
7,left,0.7045668959617615,0.4895648956298828,-1.7384748218773893e-07,0.6699345111846924,0.4229811131954193,-0.006454375106841326,0.6238971948623657,0.3695457875728607,-0.01975543610751629,0.5903410315513611,0.3180157244205475,-0.03226723521947861,0.5790148377418518,0.26513031125068665,-0.043986573815345764,0.6104118824005127,0.4221070110797882,-0.040946125984191895,0.5465319156646729,0.451137900352478,-0.053206514567136765,0.5664994716644287,0.4483964145183563,-0.05550815910100937,0.5874402523040771,0.438859760761261,-0.05562896281480789,0.6141869425773621,0.4737353026866913,-0.04319395869970322,0.5541452169418335,0.49037182331085205,-0.05097924545407295,0.5722403526306152,0.4851294755935669,-0.04726630076766014,0.5916875004768372,0.4792683720588684,-0.046906039118766785,0.6196067929267883,0.5179340243339539,-0.04381671920418739,0.557069718837738,0.5266360640525818,-0.04844428226351738,0.5737627744674683,0.5214095115661621,-0.039739593863487244,0.5955828428268433,0.5159896612167358,-0.03583509847521782,0.6233215928077698,0.5528269410133362,-0.044672559946775436,0.5688652992248535,0.5688318014144897,-0.047122810035943985,0.5374679565429688,0.5777724385261536,-0.04508981108665466,0.513606071472168,0.5867620706558228,-0.04550506919622421
8,right,0,0,0,0,0,0,0,0,0,0,0,0,0,0,0,0,0,0,0,0,0,0,0,0,0,0,0,0,0,0,0,0,0,0,0,0,0,0,0,0,0,0,0,0,0,0,0,0,0,0,0,0,0,0,0,0,0,0,0,0,0,0,0
8,left,0.704986572265625,0.48972856998443604,-1.844728814148766e-07,0.669075071811676,0.425885945558548,-0.006317459978163242,0.6216670274734497,0.37386783957481384,-0.018937313929200172,0.5873755812644958,0.32439011335372925,-0.030826792120933533,0.5767056941986084,0.27244699001312256,-0.041805095970630646,0.6105645895004272,0.42959293723106384,-0.03911469504237175,0.5462123155593872,0.45688116550445557,-0.05040745809674263,0.5660138130187988,0.45267343521118164,-0.05187028646469116,0.587340772151947,0.443355917930603,-0.051596540957689285,0.6153715252876282,0.47988611459732056,-0.04166192188858986,0.5531871914863586,0.497244656085968,-0.0497901625931263,0.5712236166000366,0.4903208613395691,-0.046697985380887985,0.5920653939247131,0.4849243760108948,-0.046522051095962524,0.6213321089744568,0.5226470232009888,-0.04252934828400612,0.5576731562614441,0.5326945781707764,-0.04742592200636864,0.5746628642082214,0.5267114043235779,-0.039122313261032104,0.5970890522003174,0.5225549936294556,-0.03542337194085121,0.6256329417228699,0.5563341379165649,-0.043670233339071274,0.571272075176239,0.5791767239570618,-0.046549029648303986,0.5394701957702637,0.5881641507148743,-0.04516366124153137,0.5149716734886169,0.5966225266456604,-0.04611748456954956
9,right,0,0,0,0,0,0,0,0,0,0,0,0,0,0,0,0,0,0,0,0,0,0,0,0,0,0,0,0,0,0,0,0,0,0,0,0,0,0,0,0,0,0,0,0,0,0,0,0,0,0,0,0,0,0,0,0,0,0,0,0,0,0,0
9,left,0.7031954526901245,0.4913790225982666,-1.8988954764154187e-07,0.6662890315055847,0.42781829833984375,-0.007140751928091049,0.6180513501167297,0.37783196568489075,-0.020287761464715004,0.5827105045318604,0.32945680618286133,-0.032311808317899704,0.5694448947906494,0.2805972695350647,-0.043370481580495834,0.6096863746643066,0.43590018153190613,-0.04339947551488876,0.5436509251594543,0.4653542637825012,-0.054762423038482666,0.5634884834289551,0.45994868874549866,-0.055591341108083725,0.5852466821670532,0.45036596059799194,-0.054998911917209625,0.6153383851051331,0.48616108298301697,-0.045482926070690155,0.5515338778495789,0.5050729513168335,-0.053303565829992294,0.5696291327476501,0.49662747979164124,-0.04945328086614609,0.5907723903656006,0.4906960427761078,-0.049189139157533646,0.6219983696937561,0.5285292863845825,-0.045712802559137344,0.5563542246818542,0.54044508934021,-0.05034572258591652,0.5739447474479675,0.532806396484375,-0.04172760620713234,0.5969489216804504,0.5276685953140259,-0.03833875060081482,0.6269103288650513,0.5612345933914185,-0.046227820217609406,0.5731245875358582,0.5904882550239563,-0.04980555549263954,0.5419511795043945,0.6030551791191101,-0.049199555069208145,0.5177954435348511,0.6143259406089783,-0.051002420485019684
10,right,0,0,0,0,0,0,0,0,0,0,0,0,0,0,0,0,0,0,0,0,0,0,0,0,0,0,0,0,0,0,0,0,0,0,0,0,0,0,0,0,0,0,0,0,0,0,0,0,0,0,0,0,0,0,0,0,0,0,0,0,0,0,0
10,left,0.7013658285140991,0.48871785402297974,-2.0944474954376346e-07,0.6631462574005127,0.42781949043273926,-0.007682921830564737,0.6139506101608276,0.37931549549102783,-0.020794041454792023,0.5764477849006653,0.33263635635375977,-0.03272593393921852,0.5619454383850098,0.2849547266960144,-0.04343017190694809,0.6077951788902283,0.4377337098121643,-0.04190366342663765,0.5426385402679443,0.46417877078056335,-0.053940631449222565,0.5625483393669128,0.46082761883735657,-0.055742427706718445,0.5850601196289062,0.4523605704307556,-0.0556696392595768,0.6143161058425903,0.4883427023887634,-0.04341733455657959,0.5509098172187805,0.5051770806312561,-0.05086860433220863,0.5687167644500732,0.49876460433006287,-0.047012168914079666,0.5897604823112488,0.4921039044857025,-0.04687193036079407,0.6211255192756653,0.5302154421806335,-0.04338483884930611,0.5546197891235352,0.5410643219947815,-0.04782416671514511,0.5717534422874451,0.5348066091537476,-0.03896769508719444,0.594917356967926,0.5286102294921875,-0.035426508635282516,0.62592613697052,0.563154935836792,-0.04379383474588394,0.5732972025871277,0.5900791883468628,-0.04708941653370857,0.5423280596733093,0.603545069694519,-0.046459876000881195,0.5186092257499695,0.6144738793373108,-0.048273079097270966
11,right,0,0,0,0,0,0,0,0,0,0,0,0,0,0,0,0,0,0,0,0,0,0,0,0,0,0,0,0,0,0,0,0,0,0,0,0,0,0,0,0,0,0,0,0,0,0,0,0,0,0,0,0,0,0,0,0,0,0,0,0,0,0,0
11,left,0.6984972357749939,0.49112358689308167,-1.9921593263916293e-07,0.6601940393447876,0.42769870162010193,-0.008793662302196026,0.6118091344833374,0.37973517179489136,-0.022420447319746017,0.5738909840583801,0.3320271968841553,-0.03470657765865326,0.553635835647583,0.28808706998825073,-0.04558020085096359,0.6046673655509949,0.4389207363128662,-0.04204580560326576,0.5407142639160156,0.46429699659347534,-0.05418873950839043,0.5605978965759277,0.46166762709617615,-0.055906157940626144,0.5823140144348145,0.45417118072509766,-0.055749766528606415,0.6111291646957397,0.48982271552085876,-0.04293293505907059,0.5489364266395569,0.5059499144554138,-0.05057642236351967,0.5676126480102539,0.49965304136276245,-0.046554211527109146,0.5881131887435913,0.4932976961135864,-0.04605139046907425,0.6181600093841553,0.531979501247406,-0.042507436126470566,0.553656280040741,0.5419174432754517,-0.0471840426325798,0.5708041787147522,0.5347764492034912,-0.03840695321559906,0.593244194984436,0.5285285711288452,-0.03467048704624176,0.6227836608886719,0.5648154020309448,-0.04257187992334366,0.5707706212997437,0.5882156491279602,-0.0463438406586647,0.5402997732162476,0.6016267538070679,-0.04592932015657425,0.5166088342666626,0.6137086153030396,-0.04762386530637741
12,right,0,0,0,0,0,0,0,0,0,0,0,0,0,0,0,0,0,0,0,0,0,0,0,0,0,0,0,0,0,0,0,0,0,0,0,0,0,0,0,0,0,0,0,0,0,0,0,0,0,0,0,0,0,0,0,0,0,0,0,0,0,0,0
12,left,0.6991927027702332,0.4884118437767029,-2.072653018103665e-07,0.6603632569313049,0.42435628175735474,-0.008312974125146866,0.611772894859314,0.37638038396835327,-0.021104445680975914,0.5732784271240234,0.3284434676170349,-0.032737474888563156,0.5499833226203918,0.28782176971435547,-0.043009478598833084,0.6028732061386108,0.4382169544696808,-0.0389348641037941,0.5406989455223083,0.46289655566215515,-0.05127371475100517,0.560363233089447,0.45935094356536865,-0.054065410047769547,0.5822548270225525,0.4517631530761719,-0.05443774536252022,0.6093552112579346,0.48868051171302795,-0.039841968566179276,0.5488536953926086,0.5038431882858276,-0.04715704172849655,0.567222535610199,0.4968768358230591,-0.04425413906574249,0.5878596901893616,0.4904680848121643,-0.04455551505088806,0.6166002154350281,0.5301016569137573,-0.039599113166332245,0.5533009171485901,0.5394066572189331,-0.04391835629940033,0.5703617930412292,0.5324224233627319,-0.03566210716962814,0.5930432677268982,0.5261920094490051,-0.032330065965652466,0.6219420433044434,0.5622646808624268,-0.0398806631565094,0.5708446502685547,0.5856279134750366,-0.0434078574180603,0.5401780009269714,0.5986419320106506,-0.043026406317949295,0.5162950754165649,0.6097204685211182,-0.044713567942380905
13,right,0,0,0,0,0,0,0,0,0,0,0,0,0,0,0,0,0,0,0,0,0,0,0,0,0,0,0,0,0,0,0,0,0,0,0,0,0,0,0,0,0,0,0,0,0,0,0,0,0,0,0,0,0,0,0,0,0,0,0,0,0,0,0
13,left,0.6975189447402954,0.48672813177108765,-2.0372736742046982e-07,0.6590636372566223,0.4219532310962677,-0.008563858456909657,0.6113247275352478,0.37317153811454773,-0.021749457344412804,0.5732057094573975,0.325566828250885,-0.03361782059073448,0.5495177507400513,0.2852563261985779,-0.04411308467388153,0.6026057600975037,0.43410947918891907,-0.04113534837961197,0.5399513840675354,0.4624477028846741,-0.053123537451028824,0.5592317581176758,0.45896345376968384,-0.0551375113427639,0.5806134939193726,0.45057207345962524,-0.05510467663407326,0.6092288494110107,0.48523521423339844,-0.04184830188751221,0.5489100217819214,0.5027943849563599,-0.04896190017461777,0.5667926073074341,0.4958357512950897,-0.04556132107973099,0.5867829322814941,0.4890879988670349,-0.04577229544520378,0.616479754447937,0.5272776484489441,-0.041211728006601334,0.5529646277427673,0.537631630897522,-0.04551529139280319,0.5698013305664062,0.530613124370575,-0.037063587456941605,0.5920511484146118,0.5241885185241699,-0.03373533487319946,0.6215298175811768,0.5598760843276978,-0.041036952286958694,0.5700887441635132,0.5831667184829712,-0.04478088393807411,0.5396142601966858,0.5963441729545593,-0.04443544149398804,0.5160135626792908,0.6077281832695007,-0.046147819608449936
14,right,0,0,0,0,0,0,0,0,0,0,0,0,0,0,0,0,0,0,0,0,0,0,0,0,0,0,0,0,0,0,0,0,0,0,0,0,0,0,0,0,0,0,0,0,0,0,0,0,0,0,0,0,0,0,0,0,0,0,0,0,0,0,0
14,left,0.6984614133834839,0.4855023920536041,-2.1623968393669202e-07,0.6600136160850525,0.4205578565597534,-0.007187739014625549,0.6116949915885925,0.37082546949386597,-0.019381700083613396,0.5733508467674255,0.32342296838760376,-0.030670464038848877,0.5489096641540527,0.28392213582992554,-0.040778279304504395,0.6033502221107483,0.4314381778240204,-0.03812491521239281,0.541414201259613,0.4609106481075287,-0.04959157481789589,0.5600872039794922,0.4579375386238098,-0.05178143456578255,0.5815823078155518,0.44881471991539,-0.05194632709026337,0.6100538969039917,0.4825485944747925,-0.039694901555776596,0.5500361919403076,0.5018540620803833,-0.04716471955180168,0.567473292350769,0.49503499269485474,-0.044847942888736725,0.5880341529846191,0.48771846294403076,-0.04568946361541748,0.6171122193336487,0.5250477194786072,-0.03987929970026016,0.5535959601402283,0.5371682047843933,-0.04429212585091591,0.5699827075004578,0.5307992696762085,-0.03630409017205238,0.5924161076545715,0.5242661237716675,-0.03323055058717728,0.6222465634346008,0.5583410263061523,-0.04045404493808746,0.5712741017341614,0.5824442505836487,-0.04377884417772293,0.5409528017044067,0.5960166454315186,-0.04319116845726967,0.5175964832305908,0.6075595617294312,-0.04480151832103729
15,right,0,0,0,0,0,0,0,0,0,0,0,0,0,0,0,0,0,0,0,0,0,0,0,0,0,0,0,0,0,0,0,0,0,0,0,0,0,0,0,0,0,0,0,0,0,0,0,0,0,0,0,0,0,0,0,0,0,0,0,0,0,0,0
15,left,0.6983063817024231,0.48451194167137146,-2.1138060901648714e-07,0.6599180698394775,0.4195070266723633,-0.007484759669750929,0.6118043661117554,0.3696850538253784,-0.02005826123058796,0.5735530853271484,0.3220735192298889,-0.03160912171006203,0.5493707656860352,0.2815617322921753,-0.042038485407829285,0.6039989590644836,0.42985469102859497,-0.039530832320451736,0.5414006114006042,0.45974165201187134,-0.05101047083735466,0.5606082677841187,0.45615097880363464,-0.05301455035805702,0.582125186920166,0.4468867778778076,-0.053110964596271515,0.6107242703437805,0.4810931086540222,-0.040951669216156006,0.5500028729438782,0.5005935430526733,-0.04790610820055008,0.5676315426826477,0.4938444495201111,-0.04494844004511833,0.5878912210464478,0.4863904118537903,-0.04563760384917259,0.6178605556488037,0.5235060453414917,-0.04095087945461273,0.553848922252655,0.5357786417007446,-0.04493265971541405,0.5704118609428406,0.5294349193572998,-0.036356132477521896,0.5928203463554382,0.522709846496582,-0.03318294882774353,0.6231054067611694,0.5567063689231873,-0.04137961193919182,0.5716635584831238,0.581471860408783,-0.04463571310043335,0.5410023927688599,0.5948522090911865,-0.04383616894483566,0.5174445509910583,0.6060066223144531,-0.045433707535266876
16,right,0,0,0,0,0,0,0,0,0,0,0,0,0,0,0,0,0,0,0,0,0,0,0,0,0,0,0,0,0,0,0,0,0,0,0,0,0,0,0,0,0,0,0,0,0,0,0,0,0,0,0,0,0,0,0,0,0,0,0,0,0,0,0
16,left,0.6983652114868164,0.4843953251838684,-2.1966172880638624e-07,0.6604540348052979,0.41991111636161804,-0.007231013383716345,0.6120679378509521,0.36936452984809875,-0.01966940425336361,0.5740914344787598,0.3215686082839966,-0.031092531979084015,0.5505666136741638,0.2806304693222046,-0.04141818732023239,0.6046168804168701,0.4284568727016449,-0.03962555527687073,0.5421363711357117,0.4598879814147949,-0.05100153014063835,0.5611953139305115,0.4568067491054535,-0.053038664162158966,0.5821497440338135,0.4472518861293793,-0.05315422639250755,0.6113423705101013,0.47977036237716675,-0.04120226949453354,0.5503591895103455,0.5000912547111511,-0.048436541110277176,0.567967414855957,0.4938891530036926,-0.045809559524059296,0.5886591672897339,0.48639699816703796,-0.04657718911767006,0.61817866563797,0.5224882960319519,-0.041242972016334534,0.5546827912330627,0.5351144075393677,-0.04517962411046028,0.5712608695030212,0.5293253064155579,-0.03680114820599556,0.5936210751533508,0.5227497220039368,-0.033669497817754745,0.6230862736701965,0.5561981797218323,-0.04169091582298279,0.5713026523590088,0.5814952850341797,-0.04430064931511879,0.5410575866699219,0.5952867269515991,-0.04308747500181198,0.5180954933166504,0.6065495014190674,-0.04442565143108368
17,right,0,0,0,0,0,0,0,0,0,0,0,0,0,0,0,0,0,0,0,0,0,0,0,0,0,0,0,0,0,0,0,0,0,0,0,0,0,0,0,0,0,0,0,0,0,0,0,0,0,0,0,0,0,0,0,0,0,0,0,0,0,0,0
17,left,0.699034571647644,0.483837366104126,-2.2051715120596782e-07,0.6606714129447937,0.4194822311401367,-0.007010806351900101,0.612332820892334,0.36881566047668457,-0.01911117695271969,0.5738640427589417,0.3214768171310425,-0.03037024289369583,0.5496315360069275,0.2805607318878174,-0.040445923805236816,0.6039476990699768,0.42820096015930176,-0.03782471641898155,0.5416937470436096,0.4586121439933777,-0.048875223845243454,0.5613375902175903,0.4552554190158844,-0.050715371966362,0.5832743644714355,0.44581741094589233,-0.05067482590675354,0.6105895042419434,0.47935059666633606,-0.03960275277495384,0.5499801635742188,0.4993990361690521,-0.046493325382471085,0.5678784847259521,0.49291306734085083,-0.043911099433898926,0.5884951949119568,0.4854241609573364,-0.04476488009095192,0.6176478862762451,0.5219196081161499,-0.03996020928025246,0.5543849468231201,0.534446120262146,-0.04406020790338516,0.5711547136306763,0.5285980701446533,-0.035817306488752365,0.5935167670249939,0.5221866965293884,-0.03276835381984711,0.6229259371757507,0.5554304122924805,-0.04071497172117233,0.5712677836418152,0.5809248685836792,-0.04372374340891838,0.540928304195404,0.5948266386985779,-0.042688969522714615,0.5178776979446411,0.6064419746398926,-0.04408501088619232
18,right,0,0,0,0,0,0,0,0,0,0,0,0,0,0,0,0,0,0,0,0,0,0,0,0,0,0,0,0,0,0,0,0,0,0,0,0,0,0,0,0,0,0,0,0,0,0,0,0,0,0,0,0,0,0,0,0,0,0,0,0,0,0,0
18,left,0.6980170011520386,0.4839349687099457,-2.1739157318734215e-07,0.6600615382194519,0.4195394515991211,-0.007289513014256954,0.6121154427528381,0.3686118721961975,-0.01979939453303814,0.5738855004310608,0.3207659423351288,-0.031322188675403595,0.5497890114784241,0.2794307470321655,-0.04174923151731491,0.6042055487632751,0.42735350131988525,-0.03952369838953018,0.5415692329406738,0.4591737389564514,-0.050831012427806854,0.5612311363220215,0.45617949962615967,-0.05281277000904083,0.5827153325080872,0.4466281831264496,-0.052960895001888275,0.610761821269989,0.47865381836891174,-0.04122453182935715,0.5498316884040833,0.49990448355674744,-0.0484020933508873,0.567613959312439,0.49360793828964233,-0.04574593901634216,0.5882570743560791,0.486077219247818,-0.04657120630145073,0.6177488565444946,0.5215019583702087,-0.04141875356435776,0.5543551445007324,0.5347893834114075,-0.04537568241357803,0.5708227157592773,0.5290707349777222,-0.03689759597182274,0.59300297498703,0.5224797129631042,-0.033779628574848175,0.6229264736175537,0.5553820133209229,-0.0420345813035965,0.5713523626327515,0.5808045864105225,-0.044852424412965775,0.5410274863243103,0.5942265391349792,-0.04366748034954071,0.5179033875465393,0.6052414178848267,-0.045024171471595764
19,right,0,0,0,0,0,0,0,0,0,0,0,0,0,0,0,0,0,0,0,0,0,0,0,0,0,0,0,0,0,0,0,0,0,0,0,0,0,0,0,0,0,0,0,0,0,0,0,0,0,0,0,0,0,0,0,0,0,0,0,0,0,0,0
19,left,0.6978000998497009,0.4848133325576782,-2.1857567844563164e-07,0.6603150367736816,0.42029574513435364,-0.007446310017257929,0.6123915910720825,0.36964696645736694,-0.01999046839773655,0.573787271976471,0.32225996255874634,-0.03150888532400131,0.5492232441902161,0.2811567187309265,-0.041884277015924454,0.6035671234130859,0.4280325174331665,-0.03916318714618683,0.5418398380279541,0.45880231261253357,-0.05007249861955643,0.5615497827529907,0.45573702454566956,-0.0516582652926445,0.5828671455383301,0.4462829828262329,-0.05154752358794212,0.6099664568901062,0.47963130474090576,-0.04071933776140213,0.5499503016471863,0.4994197487831116,-0.0475427508354187,0.567865788936615,0.49321144819259644,-0.04461795464158058,0.5882054567337036,0.4859077036380768,-0.045318666845560074,0.6168584823608398,0.522691011428833,-0.04078703746199608,0.5540134310722351,0.5346344113349915,-0.04485416039824486,0.5707980394363403,0.5289086699485779,-0.036458879709243774,0.5929039716720581,0.5226269960403442,-0.03340231999754906,0.6218103766441345,0.5564541816711426,-0.041230209171772,0.5699207186698914,0.5812326669692993,-0.044166699051856995,0.5397002100944519,0.5948575139045715,-0.04294602572917938,0.516607940196991,0.6063953638076782,-0.044248007237911224
20,right,0,0,0,0,0,0,0,0,0,0,0,0,0,0,0,0,0,0,0,0,0,0,0,0,0,0,0,0,0,0,0,0,0,0,0,0,0,0,0,0,0,0,0,0,0,0,0,0,0,0,0,0,0,0,0,0,0,0,0,0,0,0,0
20,left,0.7022832036018372,0.48296117782592773,-2.2212158512502356e-07,0.6630977392196655,0.4175564646720886,-0.006729460321366787,0.613713264465332,0.36695563793182373,-0.018501974642276764,0.574572741985321,0.3191259503364563,-0.02932276949286461,0.5508349537849426,0.2778058350086212,-0.03898557648062706,0.6036034822463989,0.4270998537540436,-0.037048354744911194,0.5434221029281616,0.45610466599464417,-0.04771621897816658,0.5632694363594055,0.4523842930793762,-0.049878355115652084,0.5840634703636169,0.4430137574672699,-0.05020102486014366,0.6098616719245911,0.4778973460197449,-0.03853655233979225,0.5521523952484131,0.4962634742259979,-0.04438547417521477,0.570175290107727,0.4899890124797821,-0.04166482016444206,0.5902111530303955,0.48272904753685,-0.04271572828292847,0.6170586347579956,0.5202730894088745,-0.038566846400499344,0.5554534792900085,0.5320898294448853,-0.04172782972455025,0.5724849104881287,0.526455283164978,-0.03337845578789711,0.5948312282562256,0.5196951031684875,-0.03051801770925522,0.622983455657959,0.5536935925483704,-0.03893929347395897,0.5724013447761536,0.5780467391014099,-0.04106827825307846,0.5427720546722412,0.5912355780601501,-0.039486806839704514,0.519879937171936,0.6016874313354492,-0.04057082161307335
21,right,0,0,0,0,0,0,0,0,0,0,0,0,0,0,0,0,0,0,0,0,0,0,0,0,0,0,0,0,0,0,0,0,0,0,0,0,0,0,0,0,0,0,0,0,0,0,0,0,0,0,0,0,0,0,0,0,0,0,0,0,0,0,0
21,left,0.7000238299369812,0.4833625853061676,-2.2176935488005256e-07,0.6621479392051697,0.41863131523132324,-0.007387961260974407,0.61423259973526,0.3674814999103546,-0.019706357270479202,0.5763117671012878,0.3193965256214142,-0.03094610758125782,0.5526192784309387,0.27831754088401794,-0.04105932265520096,0.6037722826004028,0.42418938875198364,-0.039321962743997574,0.5428707003593445,0.45643842220306396,-0.05049779266119003,0.5627843141555786,0.45479026436805725,-0.05245526507496834,0.5836004018783569,0.44551321864128113,-0.05269506573677063,0.6099251508712769,0.475713849067688,-0.04080178588628769,0.5511007905006409,0.4968613386154175,-0.04804671183228493,0.5691536664962769,0.49170929193496704,-0.04529735445976257,0.5890368223190308,0.4844912588596344,-0.046038951724767685,0.6171458959579468,0.5188315510749817,-0.0408049076795578,0.5545475482940674,0.5318917036056519,-0.045475222170352936,0.5710949301719666,0.5268095135688782,-0.03748559206724167,0.5929579734802246,0.5204129219055176,-0.03448842093348503,0.622654378414154,0.5530753135681152,-0.041119206696748734,0.5712481141090393,0.5773767828941345,-0.04494494944810867,0.5412521958351135,0.5915079712867737,-0.04428365081548691,0.5178970098495483,0.6034799218177795,-0.045753512531518936
22,right,0,0,0,0,0,0,0,0,0,0,0,0,0,0,0,0,0,0,0,0,0,0,0,0,0,0,0,0,0,0,0,0,0,0,0,0,0,0,0,0,0,0,0,0,0,0,0,0,0,0,0,0,0,0,0,0,0,0,0,0,0,0,0
22,left,0.699434757232666,0.48107582330703735,-2.2503097341086686e-07,0.6612820029258728,0.41620904207229614,-0.005983557552099228,0.6136375665664673,0.36546018719673157,-0.017360491678118706,0.5757788419723511,0.3174142837524414,-0.028126295655965805,0.5521997213363647,0.2768724262714386,-0.03787067532539368,0.6027445197105408,0.4234262704849243,-0.03486975282430649,0.5439069867134094,0.45271894335746765,-0.045796457678079605,0.5636385083198547,0.45055699348449707,-0.04848168045282364,0.5850062966346741,0.44185543060302734,-0.04898541048169136,0.6084619760513306,0.4739428460597992,-0.03679311275482178,0.552096426486969,0.49300655722618103,-0.042757146060466766,0.570240318775177,0.4878726303577423,-0.04039578512310982,0.5900561809539795,0.48083335161209106,-0.04155615344643593,0.615389347076416,0.5163660049438477,-0.03735979646444321,0.554826021194458,0.5281506180763245,-0.040883924812078476,0.5720194578170776,0.5235544443130493,-0.03281901776790619,0.5942236185073853,0.5172082781791687,-0.0299710463732481,0.6214266419410706,0.5500762462615967,-0.03822711110115051,0.5715136528015137,0.5743234157562256,-0.040763985365629196,0.5422225594520569,0.5876110792160034,-0.039247628301382065,0.5193066596984863,0.5979952812194824,-0.04021662846207619
23,right,0,0,0,0,0,0,0,0,0,0,0,0,0,0,0,0,0,0,0,0,0,0,0,0,0,0,0,0,0,0,0,0,0,0,0,0,0,0,0,0,0,0,0,0,0,0,0,0,0,0,0,0,0,0,0,0,0,0,0,0,0,0,0
23,left,0.7007443904876709,0.48148831725120544,-2.2141104238926346e-07,0.662487804889679,0.41651639342308044,-0.006138484459370375,0.6141923666000366,0.36511483788490295,-0.01751519925892353,0.5762086510658264,0.31756818294525146,-0.02805176191031933,0.5522586107254028,0.27765440940856934,-0.03758645057678223,0.6034047603607178,0.42058491706848145,-0.03697919100522995,0.5432772040367126,0.4539945423603058,-0.04738219082355499,0.5624022483825684,0.4518362581729889,-0.04909858852624893,0.5830910801887512,0.4418366849422455,-0.04911743104457855,0.6094231605529785,0.4715012013912201,-0.03885062038898468,0.5511442422866821,0.49408888816833496,-0.045447081327438354,0.5685197710990906,0.48887982964515686,-0.042955100536346436,0.5883253216743469,0.48130542039871216,-0.04382392391562462,0.6164829730987549,0.5144757032394409,-0.03915444016456604,0.5547037720680237,0.5288161635398865,-0.043144721537828445,0.5708291530609131,0.5241562724113464,-0.03534100204706192,0.5924593210220337,0.5176005363464355,-0.03248562663793564,0.6222752332687378,0.5489063262939453,-0.03968075290322304,0.5711790919303894,0.5735419988632202,-0.04272567480802536,0.5415425896644592,0.5875766277313232,-0.04158039763569832,0.5188026428222656,0.5990808606147766,-0.04267705976963043
24,right,0,0,0,0,0,0,0,0,0,0,0,0,0,0,0,0,0,0,0,0,0,0,0,0,0,0,0,0,0,0,0,0,0,0,0,0,0,0,0,0,0,0,0,0,0,0,0,0,0,0,0,0,0,0,0,0,0,0,0,0,0,0,0
24,left,0.7011349201202393,0.4800727665424347,-2.2091586515671224e-07,0.6626707911491394,0.4161207377910614,-0.005286632105708122,0.6138906478881836,0.3640892505645752,-0.016006160527467728,0.576271653175354,0.3157796561717987,-0.026055768132209778,0.5532087683677673,0.2749839127063751,-0.03526175394654274,0.6030187606811523,0.4203720688819885,-0.03527740389108658,0.5439890027046204,0.4536173641681671,-0.045157790184020996,0.562808632850647,0.45178359746932983,-0.0468522273004055,0.5829641222953796,0.44157281517982483,-0.04691389203071594,0.6088859438896179,0.4709438979625702,-0.037507448345422745,0.55141282081604,0.493745356798172,-0.0435466505587101,0.5690328478813171,0.4888514578342438,-0.04105030372738838,0.5888704657554626,0.48130375146865845,-0.041969433426856995,0.6158872246742249,0.5135100483894348,-0.03815692290663719,0.5554367899894714,0.528462290763855,-0.04158548638224602,0.5718021392822266,0.5242116451263428,-0.03368454426527023,0.5934728980064392,0.5176098942756653,-0.030854854732751846,0.6220104098320007,0.5477471947669983,-0.03900550305843353,0.5711671710014343,0.5731474161148071,-0.041209835559129715,0.5416653156280518,0.5864173769950867,-0.039564501494169235,0.5190686583518982,0.5966169834136963,-0.040444884449243546
25,right,0,0,0,0,0,0,0,0,0,0,0,0,0,0,0,0,0,0,0,0,0,0,0,0,0,0,0,0,0,0,0,0,0,0,0,0,0,0,0,0,0,0,0,0,0,0,0,0,0,0,0,0,0,0,0,0,0,0,0,0,0,0,0
25,left,0.7000652551651001,0.48127979040145874,-2.192161758785005e-07,0.6620696187019348,0.4171146750450134,-0.005901393946260214,0.6134738922119141,0.3647436201572418,-0.017047854140400887,0.575962483882904,0.31645533442497253,-0.027243535965681076,0.5526363849639893,0.2768900990486145,-0.03653298318386078,0.6045560240745544,0.42103445529937744,-0.03852935880422592,0.5435705780982971,0.45521295070648193,-0.048695821315050125,0.5624828338623047,0.45311757922172546,-0.04990103095769882,0.5825103521347046,0.442715048789978,-0.0496278740465641,0.610858142375946,0.47196683287620544,-0.04047965258359909,0.5512139797210693,0.49553072452545166,-0.0471053384244442,0.5687612891197205,0.4905250072479248,-0.044020093977451324,0.5884974002838135,0.48269879817962646,-0.044496819376945496,0.6178357601165771,0.5146645307540894,-0.04071946442127228,0.5556620955467224,0.530392050743103,-0.04457870125770569,0.5721467733383179,0.5260637998580933,-0.03616175055503845,0.5937104225158691,0.5193434953689575,-0.03294169157743454,0.6234287619590759,0.5487179160118103,-0.04117289558053017,0.5716816782951355,0.5740687847137451,-0.04402269795536995,0.5420677661895752,0.587920069694519,-0.04252881929278374,0.5192992091178894,0.5989674925804138,-0.04347798973321915
26,right,0,0,0,0,0,0,0,0,0,0,0,0,0,0,0,0,0,0,0,0,0,0,0,0,0,0,0,0,0,0,0,0,0,0,0,0,0,0,0,0,0,0,0,0,0,0,0,0,0,0,0,0,0,0,0,0,0,0,0,0,0,0,0
26,left,0.7024872899055481,0.4809000790119171,-2.275072148449908e-07,0.6643049716949463,0.4167481064796448,-0.005598575342446566,0.615248441696167,0.3646535277366638,-0.0165635384619236,0.5766686797142029,0.3172018527984619,-0.026760773733258247,0.5530040264129639,0.2768523097038269,-0.03602157533168793,0.605105996131897,0.41961005330085754,-0.036149997264146805,0.5446546077728271,0.45402467250823975,-0.04647472873330116,0.5635647773742676,0.4516967236995697,-0.04823533818125725,0.5838849544525146,0.4406878650188446,-0.04821724444627762,0.6111231446266174,0.47078362107276917,-0.03826203942298889,0.552320659160614,0.4940338432788849,-0.04500393196940422,0.5699027180671692,0.4893961548805237,-0.042644064873456955,0.5902782082557678,0.4816579818725586,-0.04341649264097214,0.6179196238517761,0.5138706564903259,-0.03875335678458214,0.5566604733467102,0.5293349623680115,-0.042474087327718735,0.5731814503669739,0.5255602598190308,-0.034384891390800476,0.5951133966445923,0.5188484787940979,-0.031297098845243454,0.6237004399299622,0.5485043525695801,-0.03946063295006752,0.5731121301651001,0.574396014213562,-0.041622236371040344,0.5435836911201477,0.5877103209495544,-0.0398353710770607,0.5208665132522583,0.5975475311279297,-0.04055237025022507
27,right,0,0,0,0,0,0,0,0,0,0,0,0,0,0,0,0,0,0,0,0,0,0,0,0,0,0,0,0,0,0,0,0,0,0,0,0,0,0,0,0,0,0,0,0,0,0,0,0,0,0,0,0,0,0,0,0,0,0,0,0,0,0,0
27,left,0.7007657885551453,0.4849478006362915,-2.1680142481272924e-07,0.6638206839561462,0.41989627480506897,-0.006410728208720684,0.6150687336921692,0.3676268458366394,-0.017780262976884842,0.5767273902893066,0.3202420771121979,-0.02805858850479126,0.5526020526885986,0.2815011143684387,-0.03725171461701393,0.6068179607391357,0.42497068643569946,-0.03927614912390709,0.543341875076294,0.4577179253101349,-0.04960540682077408,0.5625917315483093,0.4549653232097626,-0.05064074695110321,0.5830162167549133,0.4447731077671051,-0.050235550850629807,0.6122223138809204,0.4760931730270386,-0.04098949208855629,0.5511261820793152,0.49791401624679565,-0.04805517941713333,0.568871259689331,0.491519957780838,-0.04510221630334854,0.5891093611717224,0.4841187596321106,-0.04555930569767952,0.6181004047393799,0.5187932252883911,-0.04101072624325752,0.5545779466629028,0.5331442952156067,-0.04505963250994682,0.5717976689338684,0.5270334482192993,-0.036850228905677795,0.5938583612442017,0.5205444097518921,-0.03379267826676369,0.6226711869239807,0.5521382689476013,-0.04127666726708412,0.5710776448249817,0.5777647495269775,-0.044336073100566864,0.541567325592041,0.5909790992736816,-0.0433758944272995,0.5184892416000366,0.6022363901138306,-0.044793520122766495
28,right,0,0,0,0,0,0,0,0,0,0,0,0,0,0,0,0,0,0,0,0,0,0,0,0,0,0,0,0,0,0,0,0,0,0,0,0,0,0,0,0,0,0,0,0,0,0,0,0,0,0,0,0,0,0,0,0,0,0,0,0,0,0,0
28,left,0.702817440032959,0.4837588369846344,-2.2822311507297854e-07,0.664380669593811,0.4196881353855133,-0.005225432571023703,0.6156260967254639,0.36857953667640686,-0.016043130308389664,0.5774281024932861,0.32134881615638733,-0.026084043085575104,0.5538211464881897,0.2816551625728607,-0.03515617921948433,0.6062883734703064,0.4243224263191223,-0.036178916692733765,0.5454641580581665,0.4572092890739441,-0.04593689739704132,0.5640194416046143,0.4542531371116638,-0.04715292528271675,0.5844001173973083,0.4433743953704834,-0.04689965769648552,0.612237811088562,0.47492313385009766,-0.038396671414375305,0.5532272458076477,0.4969996511936188,-0.04436248913407326,0.570549726486206,0.4915805160999298,-0.041594043374061584,0.5906683206558228,0.48385095596313477,-0.04241841286420822,0.6190938353538513,0.5174641013145447,-0.038901910185813904,0.5572726130485535,0.5318711996078491,-0.04205063357949257,0.5736402273178101,0.5272952318191528,-0.033670373260974884,0.5956162810325623,0.5205326080322266,-0.030715564265847206,0.6250532865524292,0.5514179468154907,-0.03960772976279259,0.5739315748214722,0.5774742960929871,-0.041652001440525055,0.5439350008964539,0.5904623866081238,-0.03983774036169052,0.521087110042572,0.600082278251648,-0.04072108119726181
29,right,0,0,0,0,0,0,0,0,0,0,0,0,0,0,0,0,0,0,0,0,0,0,0,0,0,0,0,0,0,0,0,0,0,0,0,0,0,0,0,0,0,0,0,0,0,0,0,0,0,0,0,0,0,0,0,0,0,0,0,0,0,0,0
29,left,0.701772928237915,0.4840520918369293,-2.1690733831292164e-07,0.6634674072265625,0.41997411847114563,-0.005573976784944534,0.6154364347457886,0.3685918152332306,-0.01640966534614563,0.5773550868034363,0.3216478228569031,-0.026575926691293716,0.5531101226806641,0.2829870581626892,-0.03583766892552376,0.6039484739303589,0.42488574981689453,-0.035151731222867966,0.5449392199516296,0.45794519782066345,-0.04478098452091217,0.5638352632522583,0.456129252910614,-0.04621183127164841,0.5841116905212402,0.44608959555625916,-0.04612114652991295,0.6099925637245178,0.47515955567359924,-0.03723028674721718,0.5529704093933105,0.49750590324401855,-0.042920418083667755,0.5706989765167236,0.4925583302974701,-0.04021551087498665,0.5900091528892517,0.48490357398986816,-0.041077274829149246,0.6170463562011719,0.5176030397415161,-0.037767697125673294,0.556459903717041,0.5321332216262817,-0.04111545532941818,0.5727993845939636,0.5277987718582153,-0.033185310661792755,0.594314455986023,0.5211964845657349,-0.0303818192332983,0.6231103539466858,0.5518310070037842,-0.03852948918938637,0.5723736882209778,0.5768319368362427,-0.04100514575839043,0.542772114276886,0.59067702293396,-0.03952593728899956,0.5199941396713257,0.6017913818359375,-0.040483228862285614
30,right,0,0,0,0,0,0,0,0,0,0,0,0,0,0,0,0,0,0,0,0,0,0,0,0,0,0,0,0,0,0,0,0,0,0,0,0,0,0,0,0,0,0,0,0,0,0,0,0,0,0,0,0,0,0,0,0,0,0,0,0,0,0,0
30,left,0.7018318772315979,0.48424920439720154,-2.2008561018083128e-07,0.6637051701545715,0.4192872941493988,-0.005504341330379248,0.6151955723762512,0.36793291568756104,-0.01627492532134056,0.5770657658576965,0.3208400011062622,-0.026307666674256325,0.5530046820640564,0.2818913459777832,-0.03542032092809677,0.6043621301651001,0.42547371983528137,-0.03580212965607643,0.544710636138916,0.45767533779144287,-0.045285340398550034,0.5638325810432434,0.4553488492965698,-0.046420224010944366,0.5842418074607849,0.4454192817211151,-0.04618111997842789,0.6104393601417542,0.4759232997894287,-0.03788623958826065,0.5525380373001099,0.4975183606147766,-0.04353247210383415,0.5706394910812378,0.49225759506225586,-0.04054230451583862,0.5904194712638855,0.48490723967552185,-0.041197240352630615,0.6176802515983582,0.5181525945663452,-0.03835267573595047,0.5569261312484741,0.5321300625801086,-0.04140152037143707,0.5737285017967224,0.5275639295578003,-0.03304906561970711,0.5954889059066772,0.5212725400924683,-0.030055198818445206,0.6240069270133972,0.5517626404762268,-0.03905917704105377,0.5732775926589966,0.5769304633140564,-0.04123527929186821,0.5435606837272644,0.5900149345397949,-0.03951646760106087,0.5207104682922363,0.6003516316413879,-0.0404093861579895
31,right,0,0,0,0,0,0,0,0,0,0,0,0,0,0,0,0,0,0,0,0,0,0,0,0,0,0,0,0,0,0,0,0,0,0,0,0,0,0,0,0,0,0,0,0,0,0,0,0,0,0,0,0,0,0,0,0,0,0,0,0,0,0,0
31,left,0.7023935914039612,0.4839155375957489,-2.2375223807102884e-07,0.6641858816146851,0.419501394033432,-0.005610735155642033,0.6153307557106018,0.3680408298969269,-0.01668163202702999,0.5768037438392639,0.32091760635375977,-0.02695077657699585,0.5528150796890259,0.2812501788139343,-0.036248888820409775,0.6051392555236816,0.42369791865348816,-0.03665972873568535,0.544681191444397,0.45732322335243225,-0.04681834578514099,0.5638877749443054,0.4554789662361145,-0.04828503355383873,0.5844892263412476,0.4453056752681732,-0.04814562201499939,0.6111252903938293,0.4742793142795563,-0.03875422105193138,0.5525325536727905,0.49731847643852234,-0.04489574581384659,0.5705174207687378,0.4926881492137909,-0.041928794234991074,0.59023118019104,0.48510801792144775,-0.0425378642976284,0.6182054281234741,0.5170263051986694,-0.03922577574849129,0.5568265318870544,0.5322032570838928,-0.042665306478738785,0.5735387802124023,0.528235912322998,-0.034149643033742905,0.5951360464096069,0.521836519241333,-0.0309535451233387,0.6242417693138123,0.551411509513855,-0.03992486372590065,0.5729180574417114,0.5764738917350769,-0.04231450334191322,0.5431689023971558,0.5897515416145325,-0.040492359548807144,0.5202719569206238,0.6000548601150513,-0.04123477637767792
32,right,0,0,0,0,0,0,0,0,0,0,0,0,0,0,0,0,0,0,0,0,0,0,0,0,0,0,0,0,0,0,0,0,0,0,0,0,0,0,0,0,0,0,0,0,0,0,0,0,0,0,0,0,0,0,0,0,0,0,0,0,0,0,0
32,left,0.7034264802932739,0.48262661695480347,-2.2709239999585407e-07,0.6645286083221436,0.41823610663414,-0.004703875631093979,0.6151330471038818,0.3670499324798584,-0.015212009660899639,0.576626718044281,0.3200504183769226,-0.025105899199843407,0.552834153175354,0.2812145948410034,-0.03417842090129852,0.6046475172042847,0.42295679450035095,-0.035023510456085205,0.5454546809196472,0.45536649227142334,-0.04488036036491394,0.5647091269493103,0.45329606533050537,-0.046625226736068726,0.5851120948791504,0.44330576062202454,-0.0467509925365448,0.6107248067855835,0.47305044531822205,-0.0373971089720726,0.5534310340881348,0.49501579999923706,-0.04271027818322182,0.5715157985687256,0.4902738034725189,-0.039744216948747635,0.5910318493843079,0.4826265275478363,-0.0406067855656147,0.6180447340011597,0.515345573425293,-0.03813309222459793,0.5569642186164856,0.5294793844223022,-0.04092947021126747,0.5738844871520996,0.5254364013671875,-0.03241496533155441,0.5958898663520813,0.5188018083572388,-0.029468011111021042,0.624708354473114,0.5494879484176636,-0.03903687372803688,0.5739558339118958,0.5748999118804932,-0.04104147478938103,0.5441650152206421,0.5879446864128113,-0.039133403450250626,0.5212658047676086,0.5976144671440125,-0.03993333876132965
33,right,0,0,0,0,0,0,0,0,0,0,0,0,0,0,0,0,0,0,0,0,0,0,0,0,0,0,0,0,0,0,0,0,0,0,0,0,0,0,0,0,0,0,0,0,0,0,0,0,0,0,0,0,0,0,0,0,0,0,0,0,0,0,0
33,left,0.7019999623298645,0.48049402236938477,-2.180861855549665e-07,0.6636099815368652,0.4164671301841736,-0.004990764427930117,0.6147127747535706,0.36516523361206055,-0.015554817393422127,0.5766210556030273,0.31774067878723145,-0.025532811880111694,0.5531803369522095,0.27767065167427063,-0.03473677858710289,0.6038851737976074,0.4212726056575775,-0.03435491397976875,0.5458505749702454,0.45388147234916687,-0.044065210968256,0.5645948648452759,0.45172935724258423,-0.04605961591005325,0.5847354531288147,0.4416857957839966,-0.04643387347459793,0.6101594567298889,0.47148770093917847,-0.036591727286577225,0.5540466904640198,0.4938223659992218,-0.04196680337190628,0.5714552998542786,0.48846015334129333,-0.03948185592889786,0.590703547000885,0.4807579815387726,-0.04067428037524223,0.6174836158752441,0.51377934217453,-0.03726353123784065,0.5572463274002075,0.5282009840011597,-0.04023222625255585,0.5735822916030884,0.5235450863838196,-0.03230269253253937,0.5952051877975464,0.5167945027351379,-0.029673028737306595,0.6240600943565369,0.5477497577667236,-0.038132231682538986,0.5740732550621033,0.5730066299438477,-0.040366772562265396,0.5444074869155884,0.5862060785293579,-0.03885722905397415,0.5214366316795349,0.596394419670105,-0.03989281505346298
34,right,0,0,0,0,0,0,0,0,0,0,0,0,0,0,0,0,0,0,0,0,0,0,0,0,0,0,0,0,0,0,0,0,0,0,0,0,0,0,0,0,0,0,0,0,0,0,0,0,0,0,0,0,0,0,0,0,0,0,0,0,0,0,0
34,left,0.7021881937980652,0.48167359828948975,-2.20373635784199e-07,0.6643171310424805,0.41682344675064087,-0.005590089131146669,0.6151821613311768,0.36499446630477905,-0.016289299353957176,0.5767059326171875,0.31764930486679077,-0.026195723563432693,0.5528756380081177,0.27812838554382324,-0.035204511135816574,0.6047463417053223,0.421132892370224,-0.03610217198729515,0.5450140237808228,0.45459479093551636,-0.0458751879632473,0.5640286803245544,0.45261719822883606,-0.047358669340610504,0.5839523077011108,0.44245782494544983,-0.047397006303071976,0.6108756065368652,0.47149375081062317,-0.03810492157936096,0.5530588626861572,0.49444806575775146,-0.04404670372605324,0.570858895778656,0.48946326971054077,-0.04122786596417427,0.5901598334312439,0.4817993938922882,-0.04198203980922699,0.6181090474128723,0.513891875743866,-0.03848547488451004,0.5573093295097351,0.5288504958152771,-0.04182172939181328,0.5737569332122803,0.5245307087898254,-0.033620815724134445,0.5951218605041504,0.5179895162582397,-0.030642462894320488,0.6243884563446045,0.5478817224502563,-0.03908592835068703,0.5735136270523071,0.5722073316574097,-0.041579537093639374,0.5437947511672974,0.5853402018547058,-0.04000123590230942,0.5209059119224548,0.5957552194595337,-0.040900666266679764
35,right,0,0,0,0,0,0,0,0,0,0,0,0,0,0,0,0,0,0,0,0,0,0,0,0,0,0,0,0,0,0,0,0,0,0,0,0,0,0,0,0,0,0,0,0,0,0,0,0,0,0,0,0,0,0,0,0,0,0,0,0,0,0,0
35,left,0.7019632458686829,0.480659157037735,-2.1697125873743062e-07,0.6641187071800232,0.41624996066093445,-0.005307155195623636,0.6153304576873779,0.3644408583641052,-0.015956241637468338,0.5766380429267883,0.31736260652542114,-0.025978611782193184,0.552415132522583,0.2765766680240631,-0.035134006291627884,0.603485643863678,0.4188006818294525,-0.03416311368346214,0.545383095741272,0.45288175344467163,-0.04351731762290001,0.5642452836036682,0.4516189992427826,-0.04485166817903519,0.5842071175575256,0.4414512515068054,-0.044708214700222015,0.609372615814209,0.46935033798217773,-0.036327458918094635,0.5527887940406799,0.49297574162483215,-0.04198571294546127,0.5702147483825684,0.48876872658729553,-0.03945695236325264,0.589542031288147,0.4812377095222473,-0.04031075909733772,0.616405725479126,0.512158989906311,-0.03692653402686119,0.5563449263572693,0.5277106165885925,-0.04034198820590973,0.5726131796836853,0.5241388082504272,-0.03251802176237106,0.5938458442687988,0.5177161693572998,-0.029636863619089127,0.6225762963294983,0.5467525720596313,-0.03767957538366318,0.5722771883010864,0.5715274810791016,-0.0398673489689827,0.5428402423858643,0.5843974351882935,-0.03812474012374878,0.5201275944709778,0.5942784547805786,-0.03879954293370247
36,right,0,0,0,0,0,0,0,0,0,0,0,0,0,0,0,0,0,0,0,0,0,0,0,0,0,0,0,0,0,0,0,0,0,0,0,0,0,0,0,0,0,0,0,0,0,0,0,0,0,0,0,0,0,0,0,0,0,0,0,0,0,0,0
36,left,0.7029179334640503,0.4780704081058502,-2.220876922365278e-07,0.6646482944488525,0.4150753617286682,-0.005009056068956852,0.6154338121414185,0.3633507788181305,-0.015627223998308182,0.5765283107757568,0.3165581524372101,-0.025579536333680153,0.5530300140380859,0.27489152550697327,-0.034653738141059875,0.6037383675575256,0.4171423017978668,-0.03469377011060715,0.5452631711959839,0.45184484124183655,-0.044136326760053635,0.5644124150276184,0.45032528042793274,-0.04531748220324516,0.5844217538833618,0.4395171105861664,-0.0450710691511631,0.609706461429596,0.46754199266433716,-0.037040241062641144,0.5530340671539307,0.4916222393512726,-0.042734093964099884,0.5706645250320435,0.48735105991363525,-0.039872314780950546,0.5900371670722961,0.4796639084815979,-0.04057466983795166,0.617074728012085,0.5104390382766724,-0.03775964677333832,0.5569000840187073,0.5267131328582764,-0.041220612823963165,0.5735077261924744,0.5229372382164001,-0.03301531448960304,0.5947864651679993,0.5160179138183594,-0.029952408745884895,0.6236518025398254,0.5452941060066223,-0.03859805315732956,0.5728552937507629,0.5701932311058044,-0.04072460159659386,0.5434706807136536,0.582794725894928,-0.038703951984643936,0.5207499265670776,0.5923705697059631,-0.03924943134188652
