1,right,0,0,0,0,0,0,0,0,0,0,0,0,0,0,0,0,0,0,0,0,0,0,0,0,0,0,0,0,0,0,0,0,0,0,0,0,0,0,0,0,0,0,0,0,0,0,0,0,0,0,0,0,0,0,0,0,0,0,0,0,0,0,0
1,left,0,0,0,0,0,0,0,0,0,0,0,0,0,0,0,0,0,0,0,0,0,0,0,0,0,0,0,0,0,0,0,0,0,0,0,0,0,0,0,0,0,0,0,0,0,0,0,0,0,0,0,0,0,0,0,0,0,0,0,0,0,0,0
2,right,0,0,0,0,0,0,0,0,0,0,0,0,0,0,0,0,0,0,0,0,0,0,0,0,0,0,0,0,0,0,0,0,0,0,0,0,0,0,0,0,0,0,0,0,0,0,0,0,0,0,0,0,0,0,0,0,0,0,0,0,0,0,0
2,left,0,0,0,0,0,0,0,0,0,0,0,0,0,0,0,0,0,0,0,0,0,0,0,0,0,0,0,0,0,0,0,0,0,0,0,0,0,0,0,0,0,0,0,0,0,0,0,0,0,0,0,0,0,0,0,0,0,0,0,0,0,0,0
3,right,0,0,0,0,0,0,0,0,0,0,0,0,0,0,0,0,0,0,0,0,0,0,0,0,0,0,0,0,0,0,0,0,0,0,0,0,0,0,0,0,0,0,0,0,0,0,0,0,0,0,0,0,0,0,0,0,0,0,0,0,0,0,0
3,left,0,0,0,0,0,0,0,0,0,0,0,0,0,0,0,0,0,0,0,0,0,0,0,0,0,0,0,0,0,0,0,0,0,0,0,0,0,0,0,0,0,0,0,0,0,0,0,0,0,0,0,0,0,0,0,0,0,0,0,0,0,0,0
4,right,0,0,0,0,0,0,0,0,0,0,0,0,0,0,0,0,0,0,0,0,0,0,0,0,0,0,0,0,0,0,0,0,0,0,0,0,0,0,0,0,0,0,0,0,0,0,0,0,0,0,0,0,0,0,0,0,0,0,0,0,0,0,0
4,left,0,0,0,0,0,0,0,0,0,0,0,0,0,0,0,0,0,0,0,0,0,0,0,0,0,0,0,0,0,0,0,0,0,0,0,0,0,0,0,0,0,0,0,0,0,0,0,0,0,0,0,0,0,0,0,0,0,0,0,0,0,0,0
5,right,0,0,0,0,0,0,0,0,0,0,0,0,0,0,0,0,0,0,0,0,0,0,0,0,0,0,0,0,0,0,0,0,0,0,0,0,0,0,0,0,0,0,0,0,0,0,0,0,0,0,0,0,0,0,0,0,0,0,0,0,0,0,0
5,left,0.6941173076629639,0.38960695266723633,6.380913930570387e-08,0.6510746479034424,0.4120064973831177,-0.0032265367917716503,0.6062983274459839,0.39421775937080383,-0.007149587385356426,0.5819671154022217,0.3716525733470917,-0.013695060275495052,0.5935463309288025,0.35973602533340454,-0.020107600837945938,0.5917884111404419,0.30895528197288513,0.0026821682695299387,0.5505956411361694,0.29228097200393677,-0.007395366206765175,0.5228736400604248,0.27540045976638794,-0.018100891262292862,0.5021780729293823,0.2568739056587219,-0.028149966150522232,0.5963926911354065,0.2987045645713806,-0.007658018264919519,0.5433515906333923,0.28035682439804077,-0.02011730894446373,0.5077743530273438,0.2601550817489624,-0.03246215358376503,0.48182201385498047,0.2381587028503418,-0.041898343712091446,0.6026769876480103,0.30269166827201843,-0.019616523757576942,0.5492975115776062,0.2836450934410095,-0.0315348319709301,0.5177866220474243,0.2641333043575287,-0.03932042792439461,0.49521732330322266,0.24122607707977295,-0.044954728335142136,0.6091018319129944,0.3179551064968109,-0.03283470869064331,0.5708486437797546,0.2984856367111206,-0.044652510434389114,0.5484263300895691,0.28257831931114197,-0.05091042071580887,0.5311570167541504,0.26362237334251404,-0.055561602115631104
6,right,0,0,0,0,0,0,0,0,0,0,0,0,0,0,0,0,0,0,0,0,0,0,0,0,0,0,0,0,0,0,0,0,0,0,0,0,0,0,0,0,0,0,0,0,0,0,0,0,0,0,0,0,0,0,0,0,0,0,0,0,0,0,0
6,left,0.7109846472740173,0.36251652240753174,1.9770588721712556e-07,0.6583996415138245,0.3822081387042999,-0.00012538621376734227,0.6073033213615417,0.3632032871246338,-0.002358543686568737,0.5830991864204407,0.3394016921520233,-0.008263739757239819,0.5974913835525513,0.3264216482639313,-0.014398097060620785,0.5998625755310059,0.278865784406662,0.009822003543376923,0.558273196220398,0.2606270909309387,0.0002506462042219937,0.527728259563446,0.24359193444252014,-0.010798546485602856,0.504435122013092,0.22507184743881226,-0.02096799574792385,0.6060054302215576,0.2678012251853943,-0.00204430497251451,0.5541867017745972,0.25096601247787476,-0.013860808685421944,0.5175856947898865,0.23167261481285095,-0.025963718071579933,0.4885316491127014,0.2104969322681427,-0.03516162931919098,0.6129085421562195,0.2708437740802765,-0.01593860238790512,0.5585803985595703,0.2561984658241272,-0.027054868638515472,0.5248729586601257,0.23932185769081116,-0.03448941558599472,0.49848854541778564,0.2178276926279068,-0.03996729478240013,0.6184759140014648,0.287378191947937,-0.031072599813342094,0.5786442160606384,0.2708848714828491,-0.04070926830172539,0.5537652373313904,0.25561943650245667,-0.04587320238351822,0.533014178276062,0.23620161414146423,-0.05026962608098984
7,right,0,0,0,0,0,0,0,0,0,0,0,0,0,0,0,0,0,0,0,0,0,0,0,0,0,0,0,0,0,0,0,0,0,0,0,0,0,0,0,0,0,0,0,0,0,0,0,0,0,0,0,0,0,0,0,0,0,0,0,0,0,0,0
7,left,0.6973271369934082,0.33922454714775085,-9.412263324293235e-08,0.6559297442436218,0.3591119945049286,-0.006447501014918089,0.6108840107917786,0.3429419994354248,-0.011817164719104767,0.5867341756820679,0.32157549262046814,-0.01920471340417862,0.5914216637611389,0.3041893541812897,-0.026341957971453667,0.5893411040306091,0.2572063207626343,0.00022271893976721913,0.5407337546348572,0.24107930064201355,-0.009636251255869865,0.5127021074295044,0.23135636746883392,-0.019186750054359436,0.49096518754959106,0.21927569806575775,-0.027836233377456665,0.594163179397583,0.24671752750873566,-0.00838367361575365,0.5372088551521301,0.22695603966712952,-0.018756432458758354,0.505719780921936,0.21201074123382568,-0.028586480766534805,0.4836193919181824,0.19629612565040588,-0.03621318191289902,0.6023584604263306,0.24825814366340637,-0.01925690472126007,0.5465970635414124,0.22650480270385742,-0.03136974945664406,0.514734148979187,0.20931315422058105,-0.04166949912905693,0.4932517409324646,0.19087228178977966,-0.049178849905729294,0.6117339134216309,0.260757178068161,-0.03127920255064964,0.5743048787117004,0.24412965774536133,-0.04269588366150856,0.5511389374732971,0.22959144413471222,-0.04958926886320114,0.5334146022796631,0.21260042488574982,-0.05503127723932266
8,right,0,0,0,0,0,0,0,0,0,0,0,0,0,0,0,0,0,0,0,0,0,0,0,0,0,0,0,0,0,0,0,0,0,0,0,0,0,0,0,0,0,0,0,0,0,0,0,0,0,0,0,0,0,0,0,0,0,0,0,0,0,0,0
8,left,0.6919551491737366,0.33604684472084045,-4.793607288888779e-08,0.6552804708480835,0.35578620433807373,-0.01013401709496975,0.6105402708053589,0.3398481607437134,-0.016790976747870445,0.5862964987754822,0.3144013285636902,-0.02459842711687088,0.5943334102630615,0.29358217120170593,-0.03165142238140106,0.5867142677307129,0.2579764425754547,-0.0037730708718299866,0.5390708446502686,0.23809848725795746,-0.01477095764130354,0.5104497671127319,0.22693228721618652,-0.024540623649954796,0.4891642928123474,0.21477171778678894,-0.03309846296906471,0.5924065113067627,0.24670977890491486,-0.010796853341162205,0.5356435179710388,0.2255842089653015,-0.022971084341406822,0.5020896792411804,0.20876652002334595,-0.033478543162345886,0.47897234559059143,0.19172078371047974,-0.040926434099674225,0.6012122631072998,0.2469872534275055,-0.02028101123869419,0.5450396537780762,0.22460636496543884,-0.03444009646773338,0.5116583108901978,0.20699399709701538,-0.04578762128949165,0.48938608169555664,0.18758949637413025,-0.05336135998368263,0.6114838719367981,0.2576534152030945,-0.031131187453866005,0.5733127593994141,0.2409573495388031,-0.045055270195007324,0.5496820211410522,0.2274290919303894,-0.05355280637741089,0.5321492552757263,0.21107304096221924,-0.05952570587396622
9,right,0,0,0,0,0,0,0,0,0,0,0,0,0,0,0,0,0,0,0,0,0,0,0,0,0,0,0,0,0,0,0,0,0,0,0,0,0,0,0,0,0,0,0,0,0,0,0,0,0,0,0,0,0,0,0,0,0,0,0,0,0,0,0
9,left,0.7082124948501587,0.32852789759635925,1.357842052129854e-07,0.6563249826431274,0.3499881327152252,-0.004042027518153191,0.6098702549934387,0.3354414701461792,-0.009460467845201492,0.5843797326087952,0.31128230690956116,-0.01782335713505745,0.5923954844474792,0.2913818955421448,-0.02609037607908249,0.6011356711387634,0.24693405628204346,0.004965875763446093,0.5522108674049377,0.2330547571182251,-0.005936956964433193,0.5198080539703369,0.2218870222568512,-0.017024684697389603,0.49502795934677124,0.20907500386238098,-0.02686154842376709,0.6060039401054382,0.23804312944412231,-0.005332687869668007,0.5464721322059631,0.22885797917842865,-0.01908792369067669,0.5078462362289429,0.21567676961421967,-0.03183300048112869,0.4784781336784363,0.19940324127674103,-0.04134681075811386,0.6110826134681702,0.24276573956012726,-0.01795812137424946,0.551262378692627,0.23163212835788727,-0.03100164420902729,0.514906108379364,0.21735647320747375,-0.0400141105055809,0.48769038915634155,0.19769644737243652,-0.04654007777571678,0.6154645085334778,0.2589229941368103,-0.03196725621819496,0.5759009718894958,0.24366585910320282,-0.043272193521261215,0.5506041049957275,0.2293941080570221,-0.05010489374399185,0.5295440554618835,0.21119937300682068,-0.05560857430100441
10,right,0,0,0,0,0,0,0,0,0,0,0,0,0,0,0,0,0,0,0,0,0,0,0,0,0,0,0,0,0,0,0,0,0,0,0,0,0,0,0,0,0,0,0,0,0,0,0,0,0,0,0,0,0,0,0,0,0,0,0,0,0,0,0
10,left,0.6928799152374268,0.3342146575450897,-3.3667710397367046e-08,0.6526663303375244,0.3532528281211853,-0.009567895904183388,0.606686532497406,0.33808088302612305,-0.016514146700501442,0.5826689600944519,0.31453078985214233,-0.02480972930788994,0.5901784300804138,0.2967865467071533,-0.03248199447989464,0.5857370495796204,0.2489888072013855,-0.00412876857444644,0.5363125801086426,0.23168253898620605,-0.01595696248114109,0.5069575309753418,0.22006195783615112,-0.02692411281168461,0.48457691073417664,0.2065851092338562,-0.036375418305397034,0.5912236571311951,0.24087859690189362,-0.01179836317896843,0.5334441065788269,0.2242356538772583,-0.02504623867571354,0.4985191226005554,0.20867294073104858,-0.03665747120976448,0.4742153584957123,0.19160041213035583,-0.04487791657447815,0.5991762280464172,0.24488748610019684,-0.021854279562830925,0.5413448810577393,0.22785040736198425,-0.03657457232475281,0.5056926012039185,0.2114584892988205,-0.0476701594889164,0.48180150985717773,0.19197654724121094,-0.05488475039601326,0.6084569096565247,0.25992944836616516,-0.03334448114037514,0.5689713358879089,0.24217598140239716,-0.047437652945518494,0.544110119342804,0.22799475491046906,-0.05543170124292374,0.5256590247154236,0.21077582240104675,-0.06082174926996231
11,right,0,0,0,0,0,0,0,0,0,0,0,0,0,0,0,0,0,0,0,0,0,0,0,0,0,0,0,0,0,0,0,0,0,0,0,0,0,0,0,0,0,0,0,0,0,0,0,0,0,0,0,0,0,0,0,0,0,0,0,0,0,0,0
11,left,0.7028719782829285,0.3214017450809479,1.1031813329509532e-07,0.6546753644943237,0.3422892689704895,-0.004894039127975702,0.6094810366630554,0.32851675152778625,-0.011135173961520195,0.5848556160926819,0.30680525302886963,-0.019973386079072952,0.5897466540336609,0.2878105938434601,-0.02879863977432251,0.5943392515182495,0.24147316813468933,0.0021279577631503344,0.546448826789856,0.22917258739471436,-0.009504218585789204,0.514848530292511,0.2196168601512909,-0.02093574032187462,0.4902569353580475,0.20779287815093994,-0.030942508950829506,0.5995823740959167,0.23280371725559235,-0.007923114113509655,0.540941596031189,0.2242528647184372,-0.021816078573465347,0.5041375756263733,0.21087563037872314,-0.03426869213581085,0.47539666295051575,0.1943591833114624,-0.0437423475086689,0.6059666275978088,0.23657847940921783,-0.020318524911999702,0.5466786623001099,0.2262382209300995,-0.034206852316856384,0.511267900466919,0.21197977662086487,-0.04415784403681755,0.4842382073402405,0.19282779097557068,-0.051466312259435654,0.6122244000434875,0.2515101432800293,-0.03397415950894356,0.571966290473938,0.23784387111663818,-0.046238552778959274,0.5461487770080566,0.2246554046869278,-0.053839828819036484,0.5240280032157898,0.207227885723114,-0.060002848505973816
12,right,0,0,0,0,0,0,0,0,0,0,0,0,0,0,0,0,0,0,0,0,0,0,0,0,0,0,0,0,0,0,0,0,0,0,0,0,0,0,0,0,0,0,0,0,0,0,0,0,0,0,0,0,0,0,0,0,0,0,0,0,0,0,0
12,left,0.6947020292282104,0.31658610701560974,-4.587956681234573e-08,0.6493276953697205,0.34086596965789795,-0.005040291231125593,0.6037129163742065,0.3281337022781372,-0.013086562044918537,0.5798019766807556,0.31030434370040894,-0.023678530007600784,0.5837838649749756,0.2950226664543152,-0.034396570175886154,0.5855249762535095,0.23770275712013245,-0.004987381864339113,0.5324370861053467,0.22013162076473236,-0.01621270179748535,0.506098747253418,0.21105822920799255,-0.025850607082247734,0.4850544333457947,0.1973063051700592,-0.03474889323115349,0.5910550951957703,0.22822317481040955,-0.015021690167486668,0.5266841053962708,0.21115657687187195,-0.02822466567158699,0.4950057864189148,0.19662600755691528,-0.03953389823436737,0.4722120463848114,0.1796542853116989,-0.048661619424819946,0.5989689826965332,0.23251961171627045,-0.02666117437183857,0.5353787541389465,0.22046571969985962,-0.03983747959136963,0.5026368498802185,0.2071426808834076,-0.049867093563079834,0.4804980158805847,0.1905045509338379,-0.05789152905344963,0.607109546661377,0.2486472725868225,-0.03928346931934357,0.5660319924354553,0.2343156784772873,-0.05070396512746811,0.5399472117424011,0.22222957015037537,-0.057864490896463394,0.5186994671821594,0.20647870004177094,-0.06439518183469772
13,right,0,0,0,0,0,0,0,0,0,0,0,0,0,0,0,0,0,0,0,0,0,0,0,0,0,0,0,0,0,0,0,0,0,0,0,0,0,0,0,0,0,0,0,0,0,0,0,0,0,0,0,0,0,0,0,0,0,0,0,0,0,0,0
13,left,0.7035748958587646,0.32091692090034485,1.385810435294843e-07,0.6541776657104492,0.3457420766353607,-0.005123998504132032,0.6054969429969788,0.33386388421058655,-0.009850048460066319,0.579474925994873,0.3118661046028137,-0.017574196681380272,0.5850029587745667,0.29032355546951294,-0.02529718540608883,0.5898837447166443,0.2528526782989502,0.005554259289056063,0.5439854860305786,0.2339361011981964,-0.005357662215828896,0.5140876173973083,0.21923819184303284,-0.01610485091805458,0.491900771856308,0.20266836881637573,-0.025333167985081673,0.5937162041664124,0.2415628880262375,-0.0040897163562476635,0.5375163555145264,0.22568915784358978,-0.01717066764831543,0.5022060871124268,0.2087811529636383,-0.02910037711262703,0.4749195873737335,0.18992571532726288,-0.0376678891479969,0.6003819704055786,0.24025022983551025,-0.016395239159464836,0.5444493293762207,0.2254388928413391,-0.029321840032935143,0.5094736218452454,0.20986011624336243,-0.03895574063062668,0.4829225242137909,0.19136373698711395,-0.0456591434776783,0.6084640622138977,0.2491838037967682,-0.030197637155652046,0.5694752931594849,0.2352011501789093,-0.04036741331219673,0.5428114533424377,0.22306840121746063,-0.0467366985976696,0.5205613970756531,0.20779043436050415,-0.05201680585741997
14,right,0,0,0,0,0,0,0,0,0,0,0,0,0,0,0,0,0,0,0,0,0,0,0,0,0,0,0,0,0,0,0,0,0,0,0,0,0,0,0,0,0,0,0,0,0,0,0,0,0,0,0,0,0,0,0,0,0,0,0,0,0,0,0
14,left,0.7024369835853577,0.3273600935935974,1.7230041748916847e-07,0.6528686285018921,0.3499595820903778,0.0027179468888789415,0.6053175926208496,0.3349166214466095,0.0015418650582432747,0.5802192091941833,0.3157596290111542,-0.0035737701691687107,0.5848779082298279,0.29618021845817566,-0.008654543198645115,0.5896732807159424,0.2511492073535919,0.011234685778617859,0.5432544350624084,0.23489344120025635,0.0019992380402982235,0.5126439332962036,0.22077950835227966,-0.0077104694209992886,0.4898849129676819,0.20596423745155334,-0.016359468922019005,0.5948445796966553,0.2420082688331604,-0.0013284841552376747,0.5377366542816162,0.22710180282592773,-0.013449820689857006,0.5010920166969299,0.20954278111457825,-0.024910524487495422,0.4736303389072418,0.1904124915599823,-0.03331773728132248,0.6018482446670532,0.24497592449188232,-0.01579108275473118,0.5430282354354858,0.23030723631381989,-0.026436783373355865,0.5088418126106262,0.21342089772224426,-0.033571843057870865,0.4828105866909027,0.19264096021652222,-0.03899681940674782,0.6089293360710144,0.25693607330322266,-0.031177334487438202,0.569331169128418,0.24050644040107727,-0.040970128029584885,0.5436244606971741,0.22563928365707397,-0.04704809933900833,0.5215256214141846,0.20762383937835693,-0.052084870636463165
15,right,0,0,0,0,0,0,0,0,0,0,0,0,0,0,0,0,0,0,0,0,0,0,0,0,0,0,0,0,0,0,0,0,0,0,0,0,0,0,0,0,0,0,0,0,0,0,0,0,0,0,0,0,0,0,0,0,0,0,0,0,0,0,0
15,left,0.700532078742981,0.33068352937698364,2.0707462056179793e-07,0.6506692171096802,0.3548930883407593,-0.0005651881801895797,0.6034066677093506,0.3424490988254547,-0.003170254174619913,0.5784223079681396,0.32207193970680237,-0.009501778520643711,0.5817378759384155,0.2996528148651123,-0.01592695526778698,0.5835824012756348,0.2629936635494232,0.010689225047826767,0.5396970510482788,0.24213282763957977,0.0009557479643262923,0.5107817053794861,0.22532892227172852,-0.009603320620954037,0.48880264163017273,0.208333820104599,-0.018847305327653885,0.5892438888549805,0.25228482484817505,-0.0008367195259779692,0.5357195734977722,0.23185107111930847,-0.012591482140123844,0.5011858940124512,0.21223075687885284,-0.024746598675847054,0.4743736982345581,0.19114182889461517,-0.03378479182720184,0.5977012515068054,0.2525508999824524,-0.014711535535752773,0.5431258082389832,0.23307117819786072,-0.025902992114424706,0.5104061961174011,0.21453703939914703,-0.03436312451958656,0.48551520705223083,0.19333520531654358,-0.04063592478632927,0.6069931387901306,0.2630474865436554,-0.029796356335282326,0.5693222880363464,0.2442781627178192,-0.039978448301553726,0.5440348386764526,0.22803057730197906,-0.046371959149837494,0.522554874420166,0.20881614089012146,-0.051551755517721176
16,right,0,0,0,0,0,0,0,0,0,0,0,0,0,0,0,0,0,0,0,0,0,0,0,0,0,0,0,0,0,0,0,0,0,0,0,0,0,0,0,0,0,0,0,0,0,0,0,0,0,0,0,0,0,0,0,0,0,0,0,0,0,0,0
16,left,0.7004684805870056,0.3350776433944702,2.4527474806745886e-07,0.6502425074577332,0.3577319085597992,-0.0009296443313360214,0.6030721068382263,0.3438386917114258,-0.004425369668751955,0.5780751705169678,0.32467082142829895,-0.011850101873278618,0.5837668776512146,0.3040579855442047,-0.019264182075858116,0.5862933993339539,0.2637249827384949,0.010032894089818,0.5405139327049255,0.24407954514026642,-0.0005822474486194551,0.5103614330291748,0.22831228375434875,-0.011624610982835293,0.4877179265022278,0.21151810884475708,-0.021094592288136482,0.5913083553314209,0.25383976101875305,-0.0015531254466623068,0.5365930199623108,0.23365139961242676,-0.014956260100007057,0.5006816983222961,0.2128472775220871,-0.028115715831518173,0.4737035930156708,0.19050243496894836,-0.03749814257025719,0.5985473394393921,0.25552040338516235,-0.015429537743330002,0.542653501033783,0.2364044487476349,-0.02694547362625599,0.5098943710327148,0.2161599099636078,-0.035039786249399185,0.4847988486289978,0.19282276928424835,-0.04079721122980118,0.6064409017562866,0.26649636030197144,-0.030621619895100594,0.5678389668464661,0.24802753329277039,-0.039862312376499176,0.5432849526405334,0.23129917681217194,-0.045262064784765244,0.5226784944534302,0.2120647430419922,-0.04977577552199364
17,right,0,0,0,0,0,0,0,0,0,0,0,0,0,0,0,0,0,0,0,0,0,0,0,0,0,0,0,0,0,0,0,0,0,0,0,0,0,0,0,0,0,0,0,0,0,0,0,0,0,0,0,0,0,0,0,0,0,0,0,0,0,0,0
17,left,0.6877844929695129,0.33791908621788025,-1.6236427313742752e-08,0.644382655620575,0.3608253002166748,-0.004364402033388615,0.598737895488739,0.34549030661582947,-0.010183504782617092,0.5741941928863525,0.3267812132835388,-0.01839658059179783,0.5778753161430359,0.31269052624702454,-0.026857050135731697,0.5776357054710388,0.2557753622531891,-0.002419541822746396,0.53135746717453,0.23033401370048523,-0.013253690674901009,0.5042177438735962,0.21494457125663757,-0.023116881027817726,0.48283112049102783,0.1990354061126709,-0.03221109136939049,0.5832889080047607,0.24725741147994995,-0.01304059848189354,0.5270287990570068,0.22295239567756653,-0.025423867627978325,0.495746910572052,0.20326653122901917,-0.0360209122300148,0.4721675217151642,0.18251226842403412,-0.04421510174870491,0.5920706391334534,0.25159183144569397,-0.02552848309278488,0.5340250134468079,0.22722837328910828,-0.03946676850318909,0.5012547373771667,0.2062273919582367,-0.04988861829042435,0.47791343927383423,0.18326622247695923,-0.057624880224466324,0.6018897294998169,0.26775962114334106,-0.03889630362391472,0.5627811551094055,0.24917125701904297,-0.05241435393691063,0.5378335118293762,0.23400700092315674,-0.06003667414188385,0.5177778601646423,0.21501554548740387,-0.06609636545181274
18,right,0,0,0,0,0,0,0,0,0,0,0,0,0,0,0,0,0,0,0,0,0,0,0,0,0,0,0,0,0,0,0,0,0,0,0,0,0,0,0,0,0,0,0,0,0,0,0,0,0,0,0,0,0,0,0,0,0,0,0,0,0,0,0
18,left,0.6987022757530212,0.3381505608558655,1.6501225275078468e-07,0.6476335525512695,0.3617110252380371,-0.004373161122202873,0.6002007126808167,0.3482024073600769,-0.009069735184311867,0.5762641429901123,0.32838064432144165,-0.0168591495603323,0.5804163217544556,0.30602145195007324,-0.024730516597628593,0.5867502093315125,0.2647767961025238,0.005491770803928375,0.5416593551635742,0.24598142504692078,-0.006638186518102884,0.5123670101165771,0.22898705303668976,-0.018651705235242844,0.4904649257659912,0.21001122891902924,-0.02842964604496956,0.5909297466278076,0.25501272082328796,-0.004639110527932644,0.5362200736999512,0.23674924671649933,-0.018021684139966965,0.501319944858551,0.2171647548675537,-0.030425628647208214,0.47443950176239014,0.19493192434310913,-0.03934524953365326,0.5970800518989563,0.25603950023651123,-0.017371781170368195,0.5421789288520813,0.23751358687877655,-0.02993014082312584,0.5079154372215271,0.21796074509620667,-0.03902709484100342,0.48225611448287964,0.1950055956840515,-0.045367319136857986,0.6037255525588989,0.2680750787258148,-0.03159305453300476,0.5648589730262756,0.25004422664642334,-0.04139336943626404,0.5389502048492432,0.2339915633201599,-0.04702378436923027,0.5173829793930054,0.2146472930908203,-0.051658619195222855
19,right,0,0,0,0,0,0,0,0,0,0,0,0,0,0,0,0,0,0,0,0,0,0,0,0,0,0,0,0,0,0,0,0,0,0,0,0,0,0,0,0,0,0,0,0,0,0,0,0,0,0,0,0,0,0,0,0,0,0,0,0,0,0,0
19,left,0.6859216690063477,0.3420211970806122,1.0289077367886534e-09,0.6448087692260742,0.36584988236427307,-0.005774018820375204,0.5993303060531616,0.3496072292327881,-0.011660718359053135,0.5749055743217468,0.32838815450668335,-0.019195659086108208,0.5808757543563843,0.3130505084991455,-0.02672605775296688,0.5852596163749695,0.25763267278671265,-0.004256718326359987,0.5376256704330444,0.2366275042295456,-0.01501426100730896,0.5086153745651245,0.2224516123533249,-0.02493366412818432,0.48689955472946167,0.20644477009773254,-0.03391222655773163,0.5903938412666321,0.24955466389656067,-0.01330171711742878,0.5313265919685364,0.23038063943386078,-0.026053981855511665,0.4965672492980957,0.21044470369815826,-0.03721727430820465,0.4713935852050781,0.1889808028936386,-0.04570556804537773,0.5961608290672302,0.2545861005783081,-0.023997878655791283,0.537212073802948,0.2351217269897461,-0.03789757192134857,0.5031144618988037,0.2151951640844345,-0.04838750883936882,0.47941240668296814,0.19314426183700562,-0.05584481358528137,0.6015283465385437,0.27098411321640015,-0.035621676594018936,0.5614023804664612,0.25141584873199463,-0.04942307621240616,0.5372864007949829,0.2360197901725769,-0.05740628018975258,0.5185489058494568,0.21857213973999023,-0.06335455179214478
20,right,0,0,0,0,0,0,0,0,0,0,0,0,0,0,0,0,0,0,0,0,0,0,0,0,0,0,0,0,0,0,0,0,0,0,0,0,0,0,0,0,0,0,0,0,0,0,0,0,0,0,0,0,0,0,0,0,0,0,0,0,0,0,0
20,left,0.6957745552062988,0.3424033522605896,1.823604947048807e-07,0.645740270614624,0.3651137948036194,-0.0030726087279617786,0.5974810123443604,0.35039421916007996,-0.006641955580562353,0.5724813342094421,0.330571711063385,-0.01346640195697546,0.5790387392044067,0.31111636757850647,-0.02020765282213688,0.5847405195236206,0.2646375000476837,0.00788386631757021,0.5410570502281189,0.2446765899658203,-0.002380815101787448,0.5110507011413574,0.22781279683113098,-0.013151129707694054,0.48824602365493774,0.21169334650039673,-0.022768275812268257,0.5898398160934448,0.2553146481513977,-0.0030571301467716694,0.5352720618247986,0.23565810918807983,-0.016439981758594513,0.499146044254303,0.21491752564907074,-0.02944251336157322,0.47135862708091736,0.19377681612968445,-0.0388534739613533,0.596447765827179,0.25820624828338623,-0.016457555815577507,0.5407601594924927,0.2385510504245758,-0.02932967245578766,0.5067583322525024,0.21927401423454285,-0.0387747660279274,0.4804093837738037,0.1976100504398346,-0.04535037279129028,0.6032695770263672,0.2714213728904724,-0.03120279498398304,0.5648723840713501,0.25275731086730957,-0.04250193014740944,0.5394889116287231,0.23580265045166016,-0.04958390071988106,0.5179246664047241,0.21575413644313812,-0.05512852594256401
21,right,0,0,0,0,0,0,0,0,0,0,0,0,0,0,0,0,0,0,0,0,0,0,0,0,0,0,0,0,0,0,0,0,0,0,0,0,0,0,0,0,0,0,0,0,0,0,0,0,0,0,0,0,0,0,0,0,0,0,0,0,0,0,0
21,left,0.6850111484527588,0.34099847078323364,2.03630019512957e-08,0.6428728103637695,0.3616054058074951,-0.004438918549567461,0.5985326170921326,0.34840741753578186,-0.009825783781707287,0.5742634534835815,0.3302752673625946,-0.017266348004341125,0.5787030458450317,0.31466948986053467,-0.024625973775982857,0.5855492353439331,0.2590448260307312,0.00030741162481717765,0.5405720472335815,0.2413027435541153,-0.010838503018021584,0.5108970999717712,0.22709880769252777,-0.02195090986788273,0.48797252774238586,0.2121376395225525,-0.031731538474559784,0.590376615524292,0.24926790595054626,-0.009263170883059502,0.5353602766990662,0.23243875801563263,-0.02239079214632511,0.4998619556427002,0.21342158317565918,-0.03512422740459442,0.47307276725769043,0.19227290153503418,-0.04468614608049393,0.5952098369598389,0.25377821922302246,-0.020550547167658806,0.5388514995574951,0.23689334094524384,-0.03408273309469223,0.5042835474014282,0.21876376867294312,-0.044316746294498444,0.4790760278701782,0.19755053520202637,-0.05151519551873207,0.5992178320884705,0.2707288861274719,-0.032758042216300964,0.5599970817565918,0.25280141830444336,-0.04575927183032036,0.5360046625137329,0.2379516363143921,-0.053032148629426956,0.5168558955192566,0.21969136595726013,-0.058345597237348557
22,right,0,0,0,0,0,0,0,0,0,0,0,0,0,0,0,0,0,0,0,0,0,0,0,0,0,0,0,0,0,0,0,0,0,0,0,0,0,0,0,0,0,0,0,0,0,0,0,0,0,0,0,0,0,0,0,0,0,0,0,0,0,0,0
22,left,0.6933658123016357,0.3429233431816101,1.9350278535057441e-07,0.6439388394355774,0.3657383918762207,-0.00282160472124815,0.5966944098472595,0.3506616950035095,-0.005991253536194563,0.57216876745224,0.33110296726226807,-0.012324059382081032,0.5784006714820862,0.3141308128833771,-0.01862616091966629,0.5839647650718689,0.26464834809303284,0.008434716612100601,0.5410628318786621,0.24650245904922485,-0.0016496166354045272,0.5107249617576599,0.23021399974822998,-0.012768793851137161,0.4873162508010864,0.21402990818023682,-0.02272416278719902,0.5895459651947021,0.2553902566432953,-0.0023020009975880384,0.5354586243629456,0.23690159618854523,-0.015235628932714462,0.49857768416404724,0.21643581986427307,-0.02865404076874256,0.4701284170150757,0.1952463984489441,-0.03850903734564781,0.5959442257881165,0.2591575086116791,-0.015365228988230228,0.5414135456085205,0.2407596856355667,-0.02774805575609207,0.5070505142211914,0.22181066870689392,-0.03741450980305672,0.4799076318740845,0.20050805807113647,-0.044196128845214844,0.6020583510398865,0.2733451724052429,-0.029724078252911568,0.5633315443992615,0.2547745108604431,-0.04095045104622841,0.5387616157531738,0.23878668248653412,-0.04792148619890213,0.5177744626998901,0.22002360224723816,-0.05329892784357071
23,right,0,0,0,0,0,0,0,0,0,0,0,0,0,0,0,0,0,0,0,0,0,0,0,0,0,0,0,0,0,0,0,0,0,0,0,0,0,0,0,0,0,0,0,0,0,0,0,0,0,0,0,0,0,0,0,0,0,0,0,0,0,0,0
23,left,0.6960653066635132,0.33942776918411255,2.1081851286908204e-07,0.6435244679450989,0.3627844452857971,-0.0006348113529384136,0.597269594669342,0.3488125801086426,-0.004343515727669001,0.574245274066925,0.3315906524658203,-0.011763393878936768,0.5802521109580994,0.3128085732460022,-0.019334062933921814,0.5838178396224976,0.26619255542755127,0.008960393257439137,0.5391042828559875,0.2495061159133911,-0.0019579546060413122,0.5086101293563843,0.23388123512268066,-0.013574181124567986,0.4851393699645996,0.2173854559659958,-0.023566104471683502,0.5888575911521912,0.2574501633644104,-0.0026710827369242907,0.5339465737342834,0.24122737348079681,-0.015811463817954063,0.4973793029785156,0.22167420387268066,-0.028946751728653908,0.46938440203666687,0.2004123330116272,-0.03851984441280365,0.5955237746238708,0.2605612874031067,-0.016401395201683044,0.5396166443824768,0.24251417815685272,-0.028057405725121498,0.5057868957519531,0.22294855117797852,-0.036344606429338455,0.47971677780151367,0.20078569650650024,-0.04226429760456085,0.6024677157402039,0.2733759880065918,-0.03130709379911423,0.5641268491744995,0.25554975867271423,-0.041489485651254654,0.5392763614654541,0.23950396478176117,-0.04722438007593155,0.5181653499603271,0.22106851637363434,-0.05174874886870384
24,right,0,0,0,0,0,0,0,0,0,0,0,0,0,0,0,0,0,0,0,0,0,0,0,0,0,0,0,0,0,0,0,0,0,0,0,0,0,0,0,0,0,0,0,0,0,0,0,0,0,0,0,0,0,0,0,0,0,0,0,0,0,0,0
24,left,0.6969729065895081,0.34065598249435425,2.078035521435595e-07,0.644253134727478,0.36479055881500244,0.0015090098604559898,0.5988975763320923,0.3512093722820282,-0.0012346950825303793,0.5757796168327332,0.33477991819381714,-0.008056078106164932,0.5820133686065674,0.31723058223724365,-0.015259282663464546,0.5854040384292603,0.26627904176712036,0.010276775807142258,0.5401139855384827,0.25027763843536377,-4.5092841901350766e-05,0.508919358253479,0.23471102118492126,-0.011069396510720253,0.48478686809539795,0.21890173852443695,-0.020891204476356506,0.5908054709434509,0.25704002380371094,-0.002290110569447279,0.5351433753967285,0.2406579852104187,-0.015808187425136566,0.49792250990867615,0.2212485373020172,-0.029468625783920288,0.4687655568122864,0.20031499862670898,-0.039553750306367874,0.5974916815757751,0.2608933448791504,-0.016649438068270683,0.5407081246376038,0.24335360527038574,-0.02855886146426201,0.5066222548484802,0.22482019662857056,-0.037056878209114075,0.4794173538684845,0.20325437188148499,-0.04325870797038078,0.6038413643836975,0.27478480339050293,-0.03192494437098503,0.5648630857467651,0.2576635479927063,-0.04285150393843651,0.5395117998123169,0.24188269674777985,-0.049384113401174545,0.5173354744911194,0.22343754768371582,-0.05456843227148056
25,right,0,0,0,0,0,0,0,0,0,0,0,0,0,0,0,0,0,0,0,0,0,0,0,0,0,0,0,0,0,0,0,0,0,0,0,0,0,0,0,0,0,0,0,0,0,0,0,0,0,0,0,0,0,0,0,0,0,0,0,0,0,0,0
25,left,0.6966693997383118,0.3415243327617645,1.970608991541667e-07,0.6429398655891418,0.36561155319213867,0.0013685132144019008,0.5992666482925415,0.3521624505519867,-0.0013991494197398424,0.5776186585426331,0.33746784925460815,-0.007933634333312511,0.5791387557983398,0.32010942697525024,-0.014966423623263836,0.5866124629974365,0.26541170477867126,0.008801142685115337,0.540374755859375,0.2491247057914734,-0.0016062870854511857,0.509315550327301,0.23377448320388794,-0.0122631611302495,0.48508572578430176,0.21774330735206604,-0.021371597424149513,0.5919154286384583,0.25613436102867126,-0.003095510182902217,0.5349621176719666,0.24072520434856415,-0.016366807743906975,0.4983986020088196,0.22247377038002014,-0.02918686904013157,0.4689766764640808,0.20169122517108917,-0.038408201187849045,0.5983243584632874,0.25995638966560364,-0.01667831838130951,0.5407314300537109,0.24333104491233826,-0.029180755838751793,0.5064847469329834,0.2255488932132721,-0.03796041011810303,0.47951510548591614,0.20422443747520447,-0.04397372528910637,0.6039421558380127,0.27552151679992676,-0.030977755784988403,0.5649244785308838,0.2579367756843567,-0.04225991666316986,0.5393714904785156,0.24196353554725647,-0.04865957051515579,0.5170834064483643,0.22271272540092468,-0.053488217294216156
26,right,0,0,0,0,0,0,0,0,0,0,0,0,0,0,0,0,0,0,0,0,0,0,0,0,0,0,0,0,0,0,0,0,0,0,0,0,0,0,0,0,0,0,0,0,0,0,0,0,0,0,0,0,0,0,0,0,0,0,0,0,0,0,0
26,left,0.6957454681396484,0.34317368268966675,1.8851302741040854e-07,0.6419941186904907,0.36583682894706726,0.003247343236580491,0.5990277528762817,0.35171008110046387,0.0014624695759266615,0.5788331031799316,0.3373620808124542,-0.004050998482853174,0.5801881551742554,0.3211492896080017,-0.010241863317787647,0.5864810943603516,0.26596587896347046,0.008315703831613064,0.5400376915931702,0.25034648180007935,-0.0018737373175099492,0.5091431140899658,0.23447158932685852,-0.01205811370164156,0.4853801131248474,0.21750608086585999,-0.020677071064710617,0.5914103984832764,0.25579532980918884,-0.0037406464107334614,0.5331533551216125,0.23973940312862396,-0.016938654705882072,0.49661579728126526,0.22017347812652588,-0.02923748269677162,0.46795979142189026,0.19860462844371796,-0.03798922523856163,0.597459077835083,0.2594417333602905,-0.01711830496788025,0.5390341281890869,0.2410854697227478,-0.029600990936160088,0.5042198896408081,0.2213813066482544,-0.038521114736795425,0.47709789872169495,0.19902437925338745,-0.044549714773893356,0.6023936867713928,0.27514633536338806,-0.030843833461403847,0.5627733469009399,0.2566201984882355,-0.04196517914533615,0.5373001098632812,0.2405252456665039,-0.048202384263277054,0.5151067972183228,0.22144775092601776,-0.05290164425969124
27,right,0,0,0,0,0,0,0,0,0,0,0,0,0,0,0,0,0,0,0,0,0,0,0,0,0,0,0,0,0,0,0,0,0,0,0,0,0,0,0,0,0,0,0,0,0,0,0,0,0,0,0,0,0,0,0,0,0,0,0,0,0,0,0
27,left,0.6957182884216309,0.34237492084503174,1.4681353377454798e-07,0.6432587504386902,0.3655054271221161,0.003254057839512825,0.5993081331253052,0.35145097970962524,0.0016244696453213692,0.5782638788223267,0.3383270800113678,-0.003775258781388402,0.5781126022338867,0.32360702753067017,-0.009889993816614151,0.5837064981460571,0.26667067408561707,0.00854874774813652,0.538587212562561,0.25120809674263,-0.0017675062408670783,0.5082806348800659,0.23682014644145966,-0.01233837939798832,0.48455810546875,0.22157102823257446,-0.02138414792716503,0.5888577103614807,0.2572246789932251,-0.004059127066284418,0.53226637840271,0.24165980517864227,-0.01697668433189392,0.49598172307014465,0.22337280213832855,-0.029331402853131294,0.466305673122406,0.20324628055095673,-0.03839459642767906,0.5956829786300659,0.2606082856655121,-0.018160633742809296,0.5382300615310669,0.2422686070203781,-0.030607853084802628,0.5034821033477783,0.2232508808374405,-0.03994440659880638,0.47536951303482056,0.2016105353832245,-0.046672649681568146,0.6019235253334045,0.2749330401420593,-0.032657671719789505,0.5630069375038147,0.256769597530365,-0.04433252289891243,0.5369611978530884,0.24101169407367706,-0.05124123394489288,0.513662576675415,0.22227618098258972,-0.05667940899729729
28,right,0,0,0,0,0,0,0,0,0,0,0,0,0,0,0,0,0,0,0,0,0,0,0,0,0,0,0,0,0,0,0,0,0,0,0,0,0,0,0,0,0,0,0,0,0,0,0,0,0,0,0,0,0,0,0,0,0,0,0,0,0,0,0
28,left,0.6951358318328857,0.34235143661499023,1.8564693959888245e-07,0.6415694952011108,0.36515524983406067,0.0025004714261740446,0.5991074442863464,0.3519800901412964,-0.00016587390564382076,0.5788568258285522,0.33784669637680054,-0.006670267321169376,0.5800473093986511,0.32072359323501587,-0.013903720304369926,0.586306631565094,0.264987587928772,0.008265206590294838,0.5396535396575928,0.24926841259002686,-0.0022454301360994577,0.5087635517120361,0.23343554139137268,-0.012763352133333683,0.4850398600101471,0.21631702780723572,-0.021597420796751976,0.5908567905426025,0.2555691599845886,-0.004035841207951307,0.5327394008636475,0.24088969826698303,-0.017308276146650314,0.496049702167511,0.222231924533844,-0.02969628944993019,0.46710628271102905,0.2010282278060913,-0.03856782987713814,0.5964986085891724,0.2595474421977997,-0.017863815650343895,0.5379090309143066,0.2421680986881256,-0.03072073869407177,0.5034893751144409,0.2226039618253708,-0.03976792097091675,0.4770893156528473,0.19989025592803955,-0.0458710640668869,0.6013026237487793,0.27555617690086365,-0.03216823935508728,0.5614767670631409,0.25705596804618835,-0.04385940730571747,0.5362028479576111,0.24029776453971863,-0.05031144618988037,0.5143689513206482,0.22049030661582947,-0.05513183772563934
29,right,0,0,0,0,0,0,0,0,0,0,0,0,0,0,0,0,0,0,0,0,0,0,0,0,0,0,0,0,0,0,0,0,0,0,0,0,0,0,0,0,0,0,0,0,0,0,0,0,0,0,0,0,0,0,0,0,0,0,0,0,0,0,0
29,left,0.695254921913147,0.34211891889572144,1.5878364933996636e-07,0.6420420408248901,0.3654744625091553,0.003743295557796955,0.5985967516899109,0.3510931730270386,0.002295902231708169,0.5785849094390869,0.33706846833229065,-0.002915184246376157,0.5805539488792419,0.3221699893474579,-0.008995682001113892,0.584357500076294,0.2647536098957062,0.008581808768212795,0.5392808318138123,0.24810068309307098,-0.0014546739403158426,0.508730947971344,0.2328484058380127,-0.011541822925209999,0.4852179288864136,0.2169901430606842,-0.020244330167770386,0.589505136013031,0.2555231750011444,-0.00408947141841054,0.5324919819831848,0.23976966738700867,-0.016687262803316116,0.49627116322517395,0.2214868664741516,-0.028510667383670807,0.4670025408267975,0.2015836387872696,-0.03719693049788475,0.595874547958374,0.25985926389694214,-0.018207678571343422,0.5380846858024597,0.24204620718955994,-0.030543392524123192,0.5031024813652039,0.2236638069152832,-0.03989658132195473,0.4751709997653961,0.20255063474178314,-0.04662109911441803,0.6012402176856995,0.2757852077484131,-0.03264375030994415,0.5619831681251526,0.257588267326355,-0.044517986476421356,0.5361899733543396,0.24201682209968567,-0.05169036611914635,0.5132724046707153,0.22348879277706146,-0.05728299915790558
30,right,0,0,0,0,0,0,0,0,0,0,0,0,0,0,0,0,0,0,0,0,0,0,0,0,0,0,0,0,0,0,0,0,0,0,0,0,0,0,0,0,0,0,0,0,0,0,0,0,0,0,0,0,0,0,0,0,0,0,0,0,0,0,0
30,left,0.6967355012893677,0.3421581983566284,1.610038395938318e-07,0.6423947215080261,0.36526352167129517,0.0056215799413621426,0.5992242097854614,0.35113856196403503,0.004087816458195448,0.5784823298454285,0.33801257610321045,-0.0016718412516638637,0.5796931982040405,0.32212042808532715,-0.00829140655696392,0.5866224765777588,0.26317423582077026,0.00983181968331337,0.5393645167350769,0.24665382504463196,0.00023207849881146103,0.5088871717453003,0.23058456182479858,-0.009531705640256405,0.4857056736946106,0.21330517530441284,-0.017920125275850296,0.5915876626968384,0.2541108727455139,-0.0037817489355802536,0.53215092420578,0.24158599972724915,-0.015853384509682655,0.4952385425567627,0.22414851188659668,-0.027330027893185616,0.46665388345718384,0.2045234739780426,-0.0358942411839962,0.5973427891731262,0.2589752972126007,-0.018679143860936165,0.5370277166366577,0.24260930716991425,-0.02992555871605873,0.5012372732162476,0.22303420305252075,-0.038122259080410004,0.4737839996814728,0.2002827227115631,-0.044304393231868744,0.6014389991760254,0.27565547823905945,-0.03380918130278587,0.5604211091995239,0.2574481666088104,-0.04463433474302292,0.5340244770050049,0.24045677483081818,-0.05084282532334328,0.5109614133834839,0.22050771117210388,-0.0558541864156723
31,right,0,0,0,0,0,0,0,0,0,0,0,0,0,0,0,0,0,0,0,0,0,0,0,0,0,0,0,0,0,0,0,0,0,0,0,0,0,0,0,0,0,0,0,0,0,0,0,0,0,0,0,0,0,0,0,0,0,0,0,0,0,0,0
31,left,0.6961912512779236,0.3431713581085205,1.5096981087481254e-07,0.6431149244308472,0.36601120233535767,0.004255699925124645,0.599882960319519,0.35250839591026306,0.002599219558760524,0.5786863565444946,0.33907851576805115,-0.002997491741552949,0.5794050097465515,0.32407522201538086,-0.009409870021045208,0.5848204493522644,0.2664395272731781,0.009187594056129456,0.5396026968955994,0.24973128736019135,-0.0008168864296749234,0.5095868706703186,0.2342085987329483,-0.011116722598671913,0.48647379875183105,0.21794402599334717,-0.020052798092365265,0.589787483215332,0.2574431002140045,-0.003894168883562088,0.5325146913528442,0.24221523106098175,-0.016502035781741142,0.49636712670326233,0.22420310974121094,-0.028707988560199738,0.46719831228256226,0.20417171716690063,-0.037814754992723465,0.596207857131958,0.2615739107131958,-0.018385346978902817,0.5378854274749756,0.24387511610984802,-0.03062829002737999,0.5029712915420532,0.2243230789899826,-0.040031928569078445,0.47532927989959717,0.2017362415790558,-0.04697180539369583,0.601777970790863,0.276750773191452,-0.033169057220220566,0.5625502467155457,0.2588701546192169,-0.04488068073987961,0.5366525650024414,0.24297040700912476,-0.05195479840040207,0.5137426853179932,0.22377341985702515,-0.05761533975601196
32,right,0,0,0,0,0,0,0,0,0,0,0,0,0,0,0,0,0,0,0,0,0,0,0,0,0,0,0,0,0,0,0,0,0,0,0,0,0,0,0,0,0,0,0,0,0,0,0,0,0,0,0,0,0,0,0,0,0,0,0,0,0,0,0
32,left,0.6860659122467041,0.3480053246021271,-2.7808797042894184e-08,0.6428332328796387,0.368266761302948,-0.0010700308484956622,0.5992916822433472,0.3525988757610321,-0.0060201408341526985,0.5781192779541016,0.3373194932937622,-0.013699228875339031,0.5829012393951416,0.3254657983779907,-0.022043008357286453,0.5825310945510864,0.26136311888694763,-0.002465612720698118,0.5345488786697388,0.24562802910804749,-0.013722914271056652,0.5050574541091919,0.23301735520362854,-0.024398403242230415,0.4820758104324341,0.21882179379463196,-0.03413037583231926,0.5877190828323364,0.2525557279586792,-0.013992860913276672,0.5296664834022522,0.2370995283126831,-0.02737710438668728,0.495688259601593,0.21966618299484253,-0.03979593142867088,0.4700121581554413,0.1999446451663971,-0.0495808981359005,0.594116747379303,0.25830814242362976,-0.026643434539437294,0.5351656675338745,0.23862825334072113,-0.04042070731520653,0.5004257559776306,0.21954688429832458,-0.050816815346479416,0.47477757930755615,0.1983186900615692,-0.05863100662827492,0.6003825068473816,0.27639490365982056,-0.03975388780236244,0.5596630573272705,0.2558930516242981,-0.05303862318396568,0.53407883644104,0.24076944589614868,-0.060415253043174744,0.5129261016845703,0.22426506876945496,-0.06626754254102707
33,right,0,0,0,0,0,0,0,0,0,0,0,0,0,0,0,0,0,0,0,0,0,0,0,0,0,0,0,0,0,0,0,0,0,0,0,0,0,0,0,0,0,0,0,0,0,0,0,0,0,0,0,0,0,0,0,0,0,0,0,0,0,0,0
33,left,0.6968954205513,0.3421635031700134,1.5212390280794352e-07,0.6455541253089905,0.36643290519714355,0.000557157676666975,0.6002851724624634,0.35314103960990906,-0.0024788249284029007,0.5789663195610046,0.3382837474346161,-0.009270931594073772,0.5832923650741577,0.3242409825325012,-0.016967032104730606,0.586737871170044,0.26345589756965637,0.007680628448724747,0.542944610118866,0.24626323580741882,-0.002845742041245103,0.5128364562988281,0.22980543971061707,-0.013947831466794014,0.4895516037940979,0.2129548043012619,-0.02384677715599537,0.5918571352958679,0.25432854890823364,-0.0049413470551371574,0.5353027582168579,0.23785637319087982,-0.01851491630077362,0.49854856729507446,0.21888227760791779,-0.03181573748588562,0.46907955408096313,0.19780808687210083,-0.04174688085913658,0.5981504321098328,0.25875577330589294,-0.019479915499687195,0.5405466556549072,0.24141526222229004,-0.033090442419052124,0.5050585865974426,0.2228218913078308,-0.04359061270952225,0.4769163727760315,0.2009737193584442,-0.051109082996845245,0.6037898659706116,0.2746643126010895,-0.03475674241781235,0.5632133483886719,0.2569727897644043,-0.04737357422709465,0.5369619727134705,0.2413889765739441,-0.05510583147406578,0.5138140916824341,0.22227942943572998,-0.06124977022409439
34,right,0,0,0,0,0,0,0,0,0,0,0,0,0,0,0,0,0,0,0,0,0,0,0,0,0,0,0,0,0,0,0,0,0,0,0,0,0,0,0,0,0,0,0,0,0,0,0,0,0,0,0,0,0,0,0,0,0,0,0,0,0,0,0
34,left,0.697553277015686,0.3438727557659149,1.7756883607944474e-07,0.6449978351593018,0.3656231164932251,0.0015623117797076702,0.6003458499908447,0.3503522276878357,-0.0005362834199331701,0.5804042816162109,0.3350204527378082,-0.006258300971239805,0.5845351815223694,0.31982436776161194,-0.012701023370027542,0.5876827836036682,0.26701024174690247,0.008341054432094097,0.5425794720649719,0.24846673011779785,-0.002043133368715644,0.512121319770813,0.23142072558403015,-0.012472415342926979,0.4892340302467346,0.2138039469718933,-0.021305346861481667,0.5924252867698669,0.25831329822540283,-0.0035775802098214626,0.5359076261520386,0.24093924462795258,-0.016118252649903297,0.5000607371330261,0.22103844583034515,-0.027920909225940704,0.4713965952396393,0.19949762523174286,-0.03637286648154259,0.5987183451652527,0.2613300681114197,-0.017283368855714798,0.5412502288818359,0.24253451824188232,-0.029732296243309975,0.5072944164276123,0.22251825034618378,-0.039108239114284515,0.4809170365333557,0.19993212819099426,-0.045485835522413254,0.6047570705413818,0.2749483287334442,-0.03163770213723183,0.5653669238090515,0.2564758360385895,-0.0433274507522583,0.5396551489830017,0.24011652171611786,-0.05027255788445473,0.5175654888153076,0.2210998237133026,-0.0554853193461895
35,right,0,0,0,0,0,0,0,0,0,0,0,0,0,0,0,0,0,0,0,0,0,0,0,0,0,0,0,0,0,0,0,0,0,0,0,0,0,0,0,0,0,0,0,0,0,0,0,0,0,0,0,0,0,0,0,0,0,0,0,0,0,0,0
35,left,0.6969574689865112,0.3438011407852173,1.9931707129217102e-07,0.6444650888442993,0.36554282903671265,0.0014979320112615824,0.6015204191207886,0.3518615663051605,-0.0017880290979519486,0.5812720656394958,0.3374636471271515,-0.00886403676122427,0.5845906734466553,0.32033854722976685,-0.016634337604045868,0.5889318585395813,0.2634621560573578,0.007893538102507591,0.542856752872467,0.24628552794456482,-0.002712615765631199,0.5116729140281677,0.23006029427051544,-0.013520041480660439,0.4876970946788788,0.21283230185508728,-0.02270694635808468,0.5937230587005615,0.2548423707485199,-0.004267158918082714,0.5361825227737427,0.23873788118362427,-0.017344966530799866,0.4994550943374634,0.219586580991745,-0.029883727431297302,0.47024276852607727,0.19833146035671234,-0.039001692086458206,0.5996444225311279,0.2592184841632843,-0.018041018396615982,0.5416136384010315,0.24151131510734558,-0.03031952679157257,0.5073265433311462,0.2219964861869812,-0.039121363312006,0.48067963123321533,0.19962936639785767,-0.04526466876268387,0.6047148704528809,0.2752290666103363,-0.03250322863459587,0.5650385022163391,0.25701433420181274,-0.043507304042577744,0.5397653579711914,0.2405911386013031,-0.049603041261434555,0.5179741978645325,0.2211470603942871,-0.05429566651582718
36,right,0,0,0,0,0,0,0,0,0,0,0,0,0,0,0,0,0,0,0,0,0,0,0,0,0,0,0,0,0,0,0,0,0,0,0,0,0,0,0,0,0,0,0,0,0,0,0,0,0,0,0,0,0,0,0,0,0,0,0,0,0,0,0
36,left,0.6980039477348328,0.3426104784011841,1.2768398960361083e-07,0.6463903188705444,0.36536407470703125,0.0022162615787237883,0.6015605330467224,0.35141515731811523,0.000597892445512116,0.5805328488349915,0.33705949783325195,-0.00450228713452816,0.5836499929428101,0.3227681815624237,-0.010493243113160133,0.5879278779029846,0.26408812403678894,0.00785586517304182,0.5437442660331726,0.24934141337871552,-0.002425864338874817,0.512834906578064,0.23503151535987854,-0.013050912879407406,0.4889910817146301,0.2199675738811493,-0.022325344383716583,0.5927415490150452,0.25546956062316895,-0.004363321233540773,0.5365604758262634,0.2408713400363922,-0.01687471754848957,0.500503420829773,0.22324281930923462,-0.02892190031707287,0.47111421823501587,0.20354245603084564,-0.037900879979133606,0.5991041660308838,0.259805828332901,-0.018233850598335266,0.5421265363693237,0.24219277501106262,-0.03116726689040661,0.5073820948600769,0.22327721118927002,-0.04120028391480446,0.47952866554260254,0.2015082687139511,-0.048330485820770264,0.6048834919929504,0.27546751499176025,-0.032555773854255676,0.5653362274169922,0.2575697600841522,-0.04536443576216698,0.5392383933067322,0.2420080602169037,-0.05322986841201782,0.5161387324333191,0.22341561317443848,-0.05925416573882103
