1,right,0,0,0,0,0,0,0,0,0,0,0,0,0,0,0,0,0,0,0,0,0,0,0,0,0,0,0,0,0,0,0,0,0,0,0,0,0,0,0,0,0,0,0,0,0,0,0,0,0,0,0,0,0,0,0,0,0,0,0,0,0,0,0
1,left,0,0,0,0,0,0,0,0,0,0,0,0,0,0,0,0,0,0,0,0,0,0,0,0,0,0,0,0,0,0,0,0,0,0,0,0,0,0,0,0,0,0,0,0,0,0,0,0,0,0,0,0,0,0,0,0,0,0,0,0,0,0,0
2,right,0,0,0,0,0,0,0,0,0,0,0,0,0,0,0,0,0,0,0,0,0,0,0,0,0,0,0,0,0,0,0,0,0,0,0,0,0,0,0,0,0,0,0,0,0,0,0,0,0,0,0,0,0,0,0,0,0,0,0,0,0,0,0
2,left,0,0,0,0,0,0,0,0,0,0,0,0,0,0,0,0,0,0,0,0,0,0,0,0,0,0,0,0,0,0,0,0,0,0,0,0,0,0,0,0,0,0,0,0,0,0,0,0,0,0,0,0,0,0,0,0,0,0,0,0,0,0,0
3,right,0,0,0,0,0,0,0,0,0,0,0,0,0,0,0,0,0,0,0,0,0,0,0,0,0,0,0,0,0,0,0,0,0,0,0,0,0,0,0,0,0,0,0,0,0,0,0,0,0,0,0,0,0,0,0,0,0,0,0,0,0,0,0
3,left,0,0,0,0,0,0,0,0,0,0,0,0,0,0,0,0,0,0,0,0,0,0,0,0,0,0,0,0,0,0,0,0,0,0,0,0,0,0,0,0,0,0,0,0,0,0,0,0,0,0,0,0,0,0,0,0,0,0,0,0,0,0,0
4,right,0,0,0,0,0,0,0,0,0,0,0,0,0,0,0,0,0,0,0,0,0,0,0,0,0,0,0,0,0,0,0,0,0,0,0,0,0,0,0,0,0,0,0,0,0,0,0,0,0,0,0,0,0,0,0,0,0,0,0,0,0,0,0
4,left,0,0,0,0,0,0,0,0,0,0,0,0,0,0,0,0,0,0,0,0,0,0,0,0,0,0,0,0,0,0,0,0,0,0,0,0,0,0,0,0,0,0,0,0,0,0,0,0,0,0,0,0,0,0,0,0,0,0,0,0,0,0,0
5,right,0.29424241185188293,0.32922884821891785,2.218619385985221e-07,0.3438985347747803,0.33839890360832214,0.009609004482626915,0.37857523560523987,0.3256556987762451,0.009283037856221199,0.3958016037940979,0.3213235139846802,0.003985845483839512,0.40888676047325134,0.31500840187072754,-0.002635519253090024,0.3854391872882843,0.22877398133277893,0.014068086631596088,0.43104931712150574,0.21467819809913635,0.005621155723929405,0.4619999825954437,0.20495542883872986,-0.0054097771644592285,0.48633116483688354,0.19509899616241455,-0.014772886410355568,0.3813132643699646,0.22821849584579468,-0.0008950976189225912,0.4360061287879944,0.21080024540424347,-0.007082157302647829,0.4700786769390106,0.19779330492019653,-0.01855536922812462,0.49956274032592773,0.18365341424942017,-0.029026731848716736,0.3772670030593872,0.24059399962425232,-0.01656206324696541,0.43085289001464844,0.22226440906524658,-0.022926751524209976,0.46265465021133423,0.209726482629776,-0.03059663064777851,0.4886789619922638,0.19607612490653992,-0.037929467856884,0.3747953772544861,0.26390883326530457,-0.032059893012046814,0.4089970886707306,0.25195902585983276,-0.03636610135436058,0.4303593933582306,0.23993904888629913,-0.03835437074303627,0.44911956787109375,0.22805364429950714,-0.041374608874320984
5,left,0,0,0,0,0,0,0,0,0,0,0,0,0,0,0,0,0,0,0,0,0,0,0,0,0,0,0,0,0,0,0,0,0,0,0,0,0,0,0,0,0,0,0,0,0,0,0,0,0,0,0,0,0,0,0,0,0,0,0,0,0,0,0
6,right,0.2912144064903259,0.2888871431350708,2.4808775833662366e-07,0.34078851342201233,0.31226420402526855,0.0022967765107750893,0.3755142092704773,0.3024163544178009,-0.0008504713769070804,0.3894565999507904,0.2979813814163208,-0.007074049208313227,0.39630141854286194,0.29131412506103516,-0.014721867628395557,0.38554513454437256,0.20693694055080414,-0.0021667827386409044,0.4358595609664917,0.20917971432209015,-0.016669999808073044,0.46662774682044983,0.21572935581207275,-0.03043009154498577,0.49091556668281555,0.2215491235256195,-0.04123543202877045,0.38060253858566284,0.20815695822238922,-0.01475560013204813,0.4377323091030121,0.20434235036373138,-0.028289157897233963,0.4721946716308594,0.1999252736568451,-0.04224422201514244,0.5016696453094482,0.19143782556056976,-0.05334310606122017,0.3739204704761505,0.2238556146621704,-0.028008364140987396,0.4294842481613159,0.21181777119636536,-0.04136577993631363,0.46219903230667114,0.20109693706035614,-0.05242883786559105,0.48906394839286804,0.18806646764278412,-0.06077904999256134,0.3677947223186493,0.2502346932888031,-0.04123203083872795,0.4034525454044342,0.24066194891929626,-0.05252326279878616,0.4273279309272766,0.22873134911060333,-0.05850144848227501,0.4495619535446167,0.21798235177993774,-0.06332907825708389
6,left,0,0,0,0,0,0,0,0,0,0,0,0,0,0,0,0,0,0,0,0,0,0,0,0,0,0,0,0,0,0,0,0,0,0,0,0,0,0,0,0,0,0,0,0,0,0,0,0,0,0,0,0,0,0,0,0,0,0,0,0,0,0,0
7,right,0.2970387935638428,0.26996728777885437,1.9848725685278623e-07,0.34085267782211304,0.29495927691459656,0.0004189269966445863,0.3752385079860687,0.2852577865123749,-0.0034556169994175434,0.39170318841934204,0.27595606446266174,-0.010266379453241825,0.3951576054096222,0.26483073830604553,-0.01817663200199604,0.39107364416122437,0.194674551486969,-0.0017637204146012664,0.43939855694770813,0.1903163492679596,-0.01365659013390541,0.46688416600227356,0.18626819550991058,-0.024228941649198532,0.48855456709861755,0.17917923629283905,-0.03313056752085686,0.3833851218223572,0.19357635080814362,-0.01342763751745224,0.4390695095062256,0.1892523467540741,-0.026992494240403175,0.47017231583595276,0.18355196714401245,-0.039320316165685654,0.4975062310695648,0.17193922400474548,-0.048515286296606064,0.3752908408641815,0.20570270717144012,-0.025917716324329376,0.42985886335372925,0.198196142911911,-0.039519842714071274,0.4605172574520111,0.1900729089975357,-0.04918792098760605,0.4870689809322357,0.1761614978313446,-0.05606892332434654,0.36793941259384155,0.22958633303642273,-0.0385235995054245,0.4038967192173004,0.2243533730506897,-0.049709953367710114,0.4270755350589752,0.2152862548828125,-0.05496586859226227,0.4482787251472473,0.20476944744586945,-0.05902858451008797
7,left,0,0,0,0,0,0,0,0,0,0,0,0,0,0,0,0,0,0,0,0,0,0,0,0,0,0,0,0,0,0,0,0,0,0,0,0,0,0,0,0,0,0,0,0,0,0,0,0,0,0,0,0,0,0,0,0,0,0,0,0,0,0,0
8,right,0.29060477018356323,0.2573450803756714,2.1162161090160225e-07,0.33660224080085754,0.284219354391098,0.0013449337566271424,0.37195849418640137,0.2792919874191284,-0.0023519801907241344,0.386138379573822,0.27038711309432983,-0.008938088081777096,0.3857846260070801,0.2576819062232971,-0.016774145886301994,0.3837268352508545,0.18509653210639954,-0.0018642261857166886,0.4328252971172333,0.1830248236656189,-0.01437185239046812,0.46181970834732056,0.17828159034252167,-0.02531130611896515,0.48520684242248535,0.17144975066184998,-0.03422170877456665,0.3761897385120392,0.18349923193454742,-0.013644209131598473,0.4338485896587372,0.18409700691699982,-0.02726512774825096,0.46554669737815857,0.179036945104599,-0.03947657719254494,0.49339228868484497,0.16856254637241364,-0.04849231615662575,0.368949830532074,0.19567008316516876,-0.02616868168115616,0.42475682497024536,0.1918874830007553,-0.03932839632034302,0.4556591212749481,0.1838017702102661,-0.04925044998526573,0.4821785092353821,0.17094002664089203,-0.05626047030091286,0.3632808327674866,0.21930134296417236,-0.03872900828719139,0.3995002508163452,0.21430063247680664,-0.04924871399998665,0.4221857488155365,0.20557129383087158,-0.054668862372636795,0.4429146349430084,0.19595539569854736,-0.05890458822250366
8,left,0,0,0,0,0,0,0,0,0,0,0,0,0,0,0,0,0,0,0,0,0,0,0,0,0,0,0,0,0,0,0,0,0,0,0,0,0,0,0,0,0,0,0,0,0,0,0,0,0,0,0,0,0,0,0,0,0,0,0,0,0,0,0
9,right,0.27392274141311646,0.2577853500843048,2.655096125181444e-07,0.3249668478965759,0.2829020321369171,0.007204575929790735,0.3639579713344574,0.2788061499595642,0.00627022935077548,0.3811897039413452,0.2730201184749603,0.0013415163848549128,0.3860797882080078,0.2627556025981903,-0.005123927257955074,0.3751804530620575,0.18687325716018677,0.0022451765835285187,0.42142418026924133,0.19139154255390167,-0.010713084600865841,0.4530971348285675,0.18640203773975372,-0.023647427558898926,0.47855082154273987,0.17982971668243408,-0.03423171117901802,0.3664051592350006,0.1861022561788559,-0.012819144874811172,0.42421576380729675,0.18679964542388916,-0.026623252779245377,0.4602329134941101,0.18102531135082245,-0.04164649173617363,0.49148058891296387,0.16911625862121582,-0.05284128710627556,0.35884982347488403,0.1989591121673584,-0.027961570769548416,0.41753923892974854,0.19139046967029572,-0.040554773062467575,0.4523124098777771,0.18280547857284546,-0.052890848368406296,0.4820180833339691,0.16882963478565216,-0.06186411529779434,0.35360193252563477,0.22266465425491333,-0.04266088828444481,0.3916471302509308,0.2141142189502716,-0.053471434861421585,0.4165399968624115,0.2038314789533615,-0.06081964448094368,0.4392208755016327,0.1938222050666809,-0.06655102223157883
9,left,0,0,0,0,0,0,0,0,0,0,0,0,0,0,0,0,0,0,0,0,0,0,0,0,0,0,0,0,0,0,0,0,0,0,0,0,0,0,0,0,0,0,0,0,0,0,0,0,0,0,0,0,0,0,0,0,0,0,0,0,0,0,0
10,right,0.3074840307235718,0.26415345072746277,9.221663788139267e-08,0.34346330165863037,0.2849804759025574,0.001734139514155686,0.371418833732605,0.27659451961517334,-0.00030332489404827356,0.3842751383781433,0.26969295740127563,-0.005673813167959452,0.38867777585983276,0.2624102830886841,-0.012384152971208096,0.40351006388664246,0.20701953768730164,0.004672887735068798,0.44309404492378235,0.19102710485458374,-0.006195741705596447,0.4662361443042755,0.18119974434375763,-0.016995152458548546,0.4857116937637329,0.1702774614095688,-0.026117194443941116,0.399539977312088,0.20516271889209747,-0.007097250781953335,0.4466248154640198,0.18729698657989502,-0.019115271046757698,0.4728463292121887,0.17614063620567322,-0.030975550413131714,0.49633997678756714,0.1616208404302597,-0.039940908551216125,0.39095133543014526,0.21084097027778625,-0.020305048674345016,0.43536141514778137,0.19224436581134796,-0.03301577270030975,0.46015816926956177,0.18037503957748413,-0.04261240363121033,0.48123636841773987,0.1665770411491394,-0.04931626841425896,0.3795851469039917,0.2231733649969101,-0.03375596925616264,0.40741878747940063,0.21087370812892914,-0.04534013941884041,0.4261517822742462,0.19886080920696259,-0.05127134546637535,0.44352906942367554,0.18766605854034424,-0.05574040487408638
10,left,0,0,0,0,0,0,0,0,0,0,0,0,0,0,0,0,0,0,0,0,0,0,0,0,0,0,0,0,0,0,0,0,0,0,0,0,0,0,0,0,0,0,0,0,0,0,0,0,0,0,0,0,0,0,0,0,0,0,0,0,0,0,0
11,right,0.27576518058776855,0.2558170258998871,2.496653621619771e-07,0.32514646649360657,0.28028208017349243,0.005382501520216465,0.363637775182724,0.2740798890590668,0.0036828669253736734,0.3815785348415375,0.2643725275993347,-0.0021035042591392994,0.3851909637451172,0.25103646516799927,-0.008932115510106087,0.37202543020248413,0.1804371178150177,0.0023067144211381674,0.41997069120407104,0.18443134427070618,-0.009399172849953175,0.4504852294921875,0.1801217496395111,-0.020438039675354958,0.47533416748046875,0.1728130280971527,-0.029711510986089706,0.36445310711860657,0.17796044051647186,-0.012399018742144108,0.424228698015213,0.18053196370601654,-0.0261655505746603,0.45931270718574524,0.17415444552898407,-0.039798785001039505,0.49035340547561646,0.16087043285369873,-0.049688275903463364,0.3583095073699951,0.19124454259872437,-0.027508491650223732,0.4168664216995239,0.188378244638443,-0.03984473645687103,0.451058030128479,0.18173813819885254,-0.051200009882450104,0.4797053933143616,0.16770942509174347,-0.05931325629353523,0.35426655411720276,0.2158658802509308,-0.04254371300339699,0.3937212824821472,0.20917364954948425,-0.05228738114237785,0.418829083442688,0.19839933514595032,-0.058658771216869354,0.44056737422943115,0.18545305728912354,-0.06378147751092911
11,left,0,0,0,0,0,0,0,0,0,0,0,0,0,0,0,0,0,0,0,0,0,0,0,0,0,0,0,0,0,0,0,0,0,0,0,0,0,0,0,0,0,0,0,0,0,0,0,0,0,0,0,0,0,0,0,0,0,0,0,0,0,0,0
12,right,0.280895471572876,0.2485535740852356,2.209660152630022e-07,0.3264802098274231,0.2757485806941986,0.0008628869545646012,0.36311963200569153,0.2729117274284363,-0.004162934143096209,0.3778857886791229,0.27094510197639465,-0.011967572383582592,0.3855549097061157,0.2598057687282562,-0.021230604499578476,0.3812519907951355,0.17912015318870544,-0.005745186936110258,0.4315970242023468,0.1758621633052826,-0.020443836227059364,0.46040672063827515,0.17287828028202057,-0.033097099512815475,0.48340651392936707,0.1696932315826416,-0.04316314682364464,0.3737734258174896,0.1796025037765503,-0.018461724743247032,0.4338391125202179,0.17546556890010834,-0.03454979509115219,0.4668258726596832,0.1688431203365326,-0.049539901316165924,0.49507272243499756,0.15822482109069824,-0.060597386211156845,0.36441612243652344,0.19276002049446106,-0.031729597598314285,0.42367681860923767,0.18429845571517944,-0.046970732510089874,0.45629069209098816,0.17423132061958313,-0.05958808958530426,0.48389947414398193,0.1599261462688446,-0.06869537383317947,0.3555283844470978,0.2157655507326126,-0.04483058303594589,0.3920075297355652,0.20944885909557343,-0.05806015804409981,0.41633716225624084,0.19774645566940308,-0.06578654795885086,0.439380407333374,0.185434490442276,-0.07165495306253433
12,left,0,0,0,0,0,0,0,0,0,0,0,0,0,0,0,0,0,0,0,0,0,0,0,0,0,0,0,0,0,0,0,0,0,0,0,0,0,0,0,0,0,0,0,0,0,0,0,0,0,0,0,0,0,0,0,0,0,0,0,0,0,0,0
13,right,0.2847519516944885,0.2499181032180786,2.1377987025061884e-07,0.329883873462677,0.2772413492202759,0.0011416118359193206,0.365845650434494,0.27151915431022644,-0.0022837782744318247,0.3803110122680664,0.26589202880859375,-0.008546799421310425,0.384973406791687,0.25521087646484375,-0.016235539689660072,0.38084882497787476,0.18017704784870148,-0.0024759357329458,0.4290631413459778,0.18068282306194305,-0.01581886224448681,0.45826229453086853,0.17942705750465393,-0.027534496039152145,0.4811840355396271,0.1766848862171173,-0.03701760992407799,0.37455040216445923,0.17977239191532135,-0.014549328945577145,0.4325540363788605,0.17858456075191498,-0.02922517992556095,0.46630680561065674,0.17339308559894562,-0.042960185557603836,0.4955996870994568,0.1632983386516571,-0.05313330143690109,0.36679089069366455,0.1924721896648407,-0.027375811710953712,0.42354846000671387,0.18566258251667023,-0.0420968197286129,0.45608893036842346,0.17670036852359772,-0.05433211848139763,0.48360270261764526,0.16302144527435303,-0.06292545050382614,0.35945361852645874,0.215668186545372,-0.040098946541547775,0.3950332999229431,0.20956623554229736,-0.053313806653022766,0.41828635334968567,0.19762307405471802,-0.061237823218107224,0.44005337357521057,0.1852431297302246,-0.06706110388040543
13,left,0,0,0,0,0,0,0,0,0,0,0,0,0,0,0,0,0,0,0,0,0,0,0,0,0,0,0,0,0,0,0,0,0,0,0,0,0,0,0,0,0,0,0,0,0,0,0,0,0,0,0,0,0,0,0,0,0,0,0,0,0,0,0
14,right,0.27007490396499634,0.2557668685913086,2.3916459213069174e-07,0.3223417401313782,0.2774428427219391,0.010090650990605354,0.362175852060318,0.2743340730667114,0.009335213340818882,0.3817673921585083,0.2724510729312897,0.003964942879974842,0.3957369923591614,0.2677649259567261,-0.002610249910503626,0.3713203966617584,0.18126122653484344,0.005112931132316589,0.41966357827186584,0.1869419515132904,-0.0076472875662148,0.45095202326774597,0.18395356833934784,-0.02112606354057789,0.47646743059158325,0.17950749397277832,-0.032121606171131134,0.361891508102417,0.1820847988128662,-0.011331665329635143,0.4214160442352295,0.1837475597858429,-0.02530614659190178,0.456651508808136,0.17871129512786865,-0.041133128106594086,0.48714151978492737,0.16791683435440063,-0.05295197665691376,0.3546697199344635,0.1964287906885147,-0.02754644677042961,0.41558441519737244,0.1874166876077652,-0.03892039507627487,0.45053157210350037,0.17873114347457886,-0.050427038222551346,0.4800739288330078,0.16509020328521729,-0.05922439321875572,0.35049208998680115,0.22084304690361023,-0.04319377988576889,0.388677716255188,0.2119663953781128,-0.05255986377596855,0.4142815172672272,0.19993197917938232,-0.05871211737394333,0.43729913234710693,0.18785637617111206,-0.06374621391296387
14,left,0,0,0,0,0,0,0,0,0,0,0,0,0,0,0,0,0,0,0,0,0,0,0,0,0,0,0,0,0,0,0,0,0,0,0,0,0,0,0,0,0,0,0,0,0,0,0,0,0,0,0,0,0,0,0,0,0,0,0,0,0,0,0
15,right,0.2803407907485962,0.2515612840652466,2.100234155477665e-07,0.327775776386261,0.27940186858177185,0.0038889339193701744,0.3666732609272003,0.27548959851264954,0.0005315743037499487,0.3826369345188141,0.27021893858909607,-0.006091173738241196,0.3917676508426666,0.2621777355670929,-0.013509687036275864,0.37535595893859863,0.18164879083633423,-0.003371391212567687,0.4268603026866913,0.18356293439865112,-0.017183996737003326,0.45619356632232666,0.1802922934293747,-0.029000066220760345,0.47967007756233215,0.1775166392326355,-0.038600146770477295,0.36541885137557983,0.18059900403022766,-0.017213718965649605,0.42961767315864563,0.1806740164756775,-0.03394939377903938,0.4629807770252228,0.1756838858127594,-0.04874660447239876,0.4920947253704071,0.16697822511196136,-0.05889154225587845,0.35776352882385254,0.19468875229358673,-0.03124851919710636,0.4210439622402191,0.18560148775577545,-0.046344004571437836,0.4548657536506653,0.17912542819976807,-0.058596543967723846,0.48316270112991333,0.1677730679512024,-0.06698908656835556,0.3534446358680725,0.21967345476150513,-0.044908031821250916,0.39142554998397827,0.21184024214744568,-0.05740845203399658,0.41581377387046814,0.19984042644500732,-0.06499961763620377,0.43839696049690247,0.1865423023700714,-0.07065843790769577
15,left,0,0,0,0,0,0,0,0,0,0,0,0,0,0,0,0,0,0,0,0,0,0,0,0,0,0,0,0,0,0,0,0,0,0,0,0,0,0,0,0,0,0,0,0,0,0,0,0,0,0,0,0,0,0,0,0,0,0,0,0,0,0,0
16,right,0.28660088777542114,0.25105932354927063,2.3794862613613077e-07,0.3332347273826599,0.279509961605072,0.002050725044682622,0.36854931712150574,0.274981826543808,-0.001702596782706678,0.3826863765716553,0.26855406165122986,-0.008528364822268486,0.388557106256485,0.25930848717689514,-0.016616476699709892,0.37829551100730896,0.18244992196559906,-0.002537051448598504,0.42663347721099854,0.1842465102672577,-0.01641934923827648,0.45593634247779846,0.18254384398460388,-0.028338657692074776,0.4791186451911926,0.18032754957675934,-0.03796058148145676,0.37094369530677795,0.18139146268367767,-0.015520620159804821,0.4305135905742645,0.1806764006614685,-0.031306877732276917,0.4643262028694153,0.17552167177200317,-0.04535262659192085,0.4943404793739319,0.16617020964622498,-0.05535755306482315,0.3633008301258087,0.19462423026561737,-0.029119569808244705,0.4219423532485962,0.18818068504333496,-0.04443667456507683,0.45466482639312744,0.18049345910549164,-0.056626301258802414,0.48286113142967224,0.1682785600423813,-0.06498110294342041,0.3564073443412781,0.2189919352531433,-0.04251926392316818,0.39162564277648926,0.21303246915340424,-0.05615345388650894,0.41488537192344666,0.20099464058876038,-0.06410707533359528,0.4371768534183502,0.18842746317386627,-0.06982952356338501
16,left,0,0,0,0,0,0,0,0,0,0,0,0,0,0,0,0,0,0,0,0,0,0,0,0,0,0,0,0,0,0,0,0,0,0,0,0,0,0,0,0,0,0,0,0,0,0,0,0,0,0,0,0,0,0,0,0,0,0,0,0,0,0,0
17,right,0.27036404609680176,0.2566293776035309,2.5984257945310674e-07,0.3211064636707306,0.28056278824806213,0.007746902760118246,0.3612961769104004,0.27560311555862427,0.006836676504462957,0.38015711307525635,0.27141475677490234,0.0018656823085621,0.39087361097335815,0.26510101556777954,-0.004544964991509914,0.3711634874343872,0.18410956859588623,0.002128334017470479,0.4186273217201233,0.1901523768901825,-0.011146255768835545,0.4507378935813904,0.18691572546958923,-0.024417167529463768,0.4766165614128113,0.18198180198669434,-0.035207349807024,0.36248528957366943,0.18433652818202972,-0.013074787333607674,0.4210664927959442,0.18702030181884766,-0.02760378085076809,0.45745688676834106,0.183223158121109,-0.0432472750544548,0.4889792203903198,0.17316532135009766,-0.054691560566425323,0.35537782311439514,0.19849200546741486,-0.02820931188762188,0.415341854095459,0.1898302435874939,-0.04111628606915474,0.45080164074897766,0.1816137284040451,-0.05368432775139809,0.48112186789512634,0.16836854815483093,-0.06279515475034714,0.3507404923439026,0.22305911779403687,-0.04279237240552902,0.38778311014175415,0.2131340056657791,-0.05392710492014885,0.41253042221069336,0.20167049765586853,-0.06129064783453941,0.4352094531059265,0.19110020995140076,-0.0669117346405983
17,left,0,0,0,0,0,0,0,0,0,0,0,0,0,0,0,0,0,0,0,0,0,0,0,0,0,0,0,0,0,0,0,0,0,0,0,0,0,0,0,0,0,0,0,0,0,0,0,0,0,0,0,0,0,0,0,0,0,0,0,0,0,0,0
18,right,0.285624623298645,0.250165730714798,2.1694677343475632e-07,0.33138978481292725,0.27848222851753235,0.0032240855507552624,0.36687472462654114,0.2757033705711365,0.0007759811705909669,0.3823157846927643,0.27439939975738525,-0.0049859206192195415,0.3895506262779236,0.27162909507751465,-0.012130766175687313,0.37820032238960266,0.18395526707172394,0.0004344364278949797,0.4257150888442993,0.18547996878623962,-0.012159927748143673,0.4554208815097809,0.18205085396766663,-0.02326023206114769,0.47911733388900757,0.17743396759033203,-0.03250565379858017,0.3720363676548004,0.1819082349538803,-0.012588226236402988,0.43027397990226746,0.1815701723098755,-0.02718791551887989,0.4638471305370331,0.1759575456380844,-0.04048030078411102,0.4933500289916992,0.16625705361366272,-0.05020276457071304,0.36481136083602905,0.1939331740140915,-0.026286661624908447,0.4215797781944275,0.18822850286960602,-0.04070122912526131,0.4541047215461731,0.18105459213256836,-0.05253826081752777,0.4811786115169525,0.16957882046699524,-0.06072837859392166,0.35747188329696655,0.2173497974872589,-0.03980445861816406,0.3931999206542969,0.21168239414691925,-0.05302001163363457,0.417064368724823,0.20057296752929688,-0.06114078685641289,0.4387500584125519,0.18925942480564117,-0.06708396226167679
18,left,0,0,0,0,0,0,0,0,0,0,0,0,0,0,0,0,0,0,0,0,0,0,0,0,0,0,0,0,0,0,0,0,0,0,0,0,0,0,0,0,0,0,0,0,0,0,0,0,0,0,0,0,0,0,0,0,0,0,0,0,0,0,0
19,right,0.28699547052383423,0.2516792118549347,2.1599124977456086e-07,0.3300926387310028,0.2775956392288208,0.001411183038726449,0.3657185435295105,0.272918164730072,-0.002036574063822627,0.38157302141189575,0.26724231243133545,-0.00827458780258894,0.38787779211997986,0.2569207549095154,-0.015757398679852486,0.37919479608535767,0.1865766942501068,-0.002249054377898574,0.42671874165534973,0.1846187710762024,-0.01520460657775402,0.4557894468307495,0.17848168313503265,-0.026244938373565674,0.47854921221733093,0.17191027104854584,-0.03528820350766182,0.3732311725616455,0.18436592817306519,-0.014456500299274921,0.4312908947467804,0.18101701140403748,-0.029323264956474304,0.4641977846622467,0.17348511517047882,-0.04256543144583702,0.4928184747695923,0.16199801862239838,-0.05212807655334473,0.3658556044101715,0.19520002603530884,-0.02738760970532894,0.423488974571228,0.18815568089485168,-0.041912347078323364,0.4557027816772461,0.179396390914917,-0.053816474974155426,0.48266786336898804,0.16650345921516418,-0.06214061751961708,0.357988178730011,0.21669915318489075,-0.04021422192454338,0.3935612440109253,0.2113310545682907,-0.05350875109434128,0.4171627461910248,0.1997479796409607,-0.06177319586277008,0.4390625059604645,0.18744339048862457,-0.06783122569322586
19,left,0,0,0,0,0,0,0,0,0,0,0,0,0,0,0,0,0,0,0,0,0,0,0,0,0,0,0,0,0,0,0,0,0,0,0,0,0,0,0,0,0,0,0,0,0,0,0,0,0,0,0,0,0,0,0,0,0,0,0,0,0,0,0
20,right,0.28890615701675415,0.2521637976169586,2.1125102023233921e-07,0.3333347737789154,0.27842578291893005,0.003009368432685733,0.36867228150367737,0.27426257729530334,0.0007574041374027729,0.3846682906150818,0.26870590448379517,-0.004601988010108471,0.3906174898147583,0.26062342524528503,-0.01119578629732132,0.37912312150001526,0.1874759942293167,0.000563792185857892,0.42613157629966736,0.18776839971542358,-0.011421490460634232,0.45540574193000793,0.18342384696006775,-0.02164820395410061,0.4785403609275818,0.17839202284812927,-0.030193760991096497,0.3736763000488281,0.1849452555179596,-0.011958842165768147,0.43163973093032837,0.1827116459608078,-0.025991808623075485,0.464717835187912,0.17702966928482056,-0.038097284734249115,0.493383526802063,0.16778607666492462,-0.046807169914245605,0.36687609553337097,0.19595998525619507,-0.025235086679458618,0.42355120182037354,0.18940213322639465,-0.03927357867360115,0.4552404582500458,0.18206343054771423,-0.050231922417879105,0.48139429092407227,0.17055070400238037,-0.057753026485443115,0.35934048891067505,0.218076691031456,-0.038342129439115524,0.394829124212265,0.21227478981018066,-0.051474303007125854,0.41794195771217346,0.2008986920118332,-0.059429120272397995,0.4388018548488617,0.18875081837177277,-0.06517192721366882
20,left,0,0,0,0,0,0,0,0,0,0,0,0,0,0,0,0,0,0,0,0,0,0,0,0,0,0,0,0,0,0,0,0,0,0,0,0,0,0,0,0,0,0,0,0,0,0,0,0,0,0,0,0,0,0,0,0,0,0,0,0,0,0,0
21,right,0.29045501351356506,0.2563422620296478,2.1697123031572119e-07,0.33119288086891174,0.28418979048728943,-0.0010858677560463548,0.3671378791332245,0.27679961919784546,-0.0047507621347904205,0.3838045001029968,0.2669030427932739,-0.010794081725180149,0.38800570368766785,0.25396350026130676,-0.017851317301392555,0.3825007677078247,0.18945074081420898,-0.0028148398268967867,0.4292853772640228,0.18759280443191528,-0.0160566046833992,0.4579831659793854,0.18362371623516083,-0.027714364230632782,0.48065200448036194,0.17792893946170807,-0.037164364010095596,0.3776240348815918,0.1871345341205597,-0.014108848758041859,0.4344577193260193,0.18377548456192017,-0.028659913688898087,0.46676069498062134,0.17709800601005554,-0.04145132377743721,0.49445968866348267,0.16585995256900787,-0.0506536066532135,0.37073057889938354,0.19668665528297424,-0.02656463347375393,0.42642542719841003,0.18974246084690094,-0.04094085842370987,0.4573831856250763,0.18125373125076294,-0.052103035151958466,0.4830392599105835,0.16821816563606262,-0.05981488525867462,0.3624127507209778,0.21649497747421265,-0.039304815232753754,0.39708268642425537,0.21024823188781738,-0.05204424262046814,0.41887664794921875,0.19944477081298828,-0.05925979092717171,0.438730925321579,0.18801304697990417,-0.06454155594110489
21,left,0,0,0,0,0,0,0,0,0,0,0,0,0,0,0,0,0,0,0,0,0,0,0,0,0,0,0,0,0,0,0,0,0,0,0,0,0,0,0,0,0,0,0,0,0,0,0,0,0,0,0,0,0,0,0,0,0,0,0,0,0,0,0
22,right,0.26959460973739624,0.2565261125564575,2.514944696940802e-07,0.32083404064178467,0.2802497446537018,0.009286249987781048,0.36084070801734924,0.276042640209198,0.00930275209248066,0.3798111081123352,0.27295348048210144,0.005068874917924404,0.38983362913131714,0.26717594265937805,-0.0005592097877524793,0.37043502926826477,0.183198481798172,0.003971724305301905,0.4181574285030365,0.18791350722312927,-0.008643090724945068,0.4506596028804779,0.18489143252372742,-0.02133069932460785,0.47658637166023254,0.18030484020709991,-0.031646233052015305,0.36217641830444336,0.18265755474567413,-0.011731903068721294,0.4220438301563263,0.18639880418777466,-0.025142323225736618,0.45854973793029785,0.18225541710853577,-0.03978000581264496,0.4896940588951111,0.17200367152690887,-0.05075810104608536,0.3552142083644867,0.19666004180908203,-0.027384227141737938,0.4157502353191376,0.19028030335903168,-0.03919749706983566,0.4514711797237396,0.18209728598594666,-0.05141741409897804,0.48139095306396484,0.16890308260917664,-0.06058509647846222,0.3503768742084503,0.22162611782550812,-0.04244641587138176,0.38885876536369324,0.21281126141548157,-0.05310315266251564,0.4144708514213562,0.2012881189584732,-0.06062081456184387,0.4372144937515259,0.1901058554649353,-0.06654619425535202
22,left,0,0,0,0,0,0,0,0,0,0,0,0,0,0,0,0,0,0,0,0,0,0,0,0,0,0,0,0,0,0,0,0,0,0,0,0,0,0,0,0,0,0,0,0,0,0,0,0,0,0,0,0,0,0,0,0,0,0,0,0,0,0,0
23,right,0.28852733969688416,0.24998660385608673,2.3196615472897975e-07,0.3331597149372101,0.27683934569358826,0.0036819104570895433,0.3678220510482788,0.27287784218788147,0.0010976166231557727,0.3833708167076111,0.26888105273246765,-0.004690547473728657,0.3891609311103821,0.26068389415740967,-0.01187889464199543,0.37734439969062805,0.18326124548912048,-0.0012403661385178566,0.4264954924583435,0.1850128471851349,-0.014028823003172874,0.45724910497665405,0.1823011189699173,-0.02462560124695301,0.4812692105770111,0.1795966774225235,-0.033292822539806366,0.37184229493141174,0.18145771324634552,-0.01439688354730606,0.43154969811439514,0.17965368926525116,-0.029435066506266594,0.46567070484161377,0.17476698756217957,-0.042331866919994354,0.4952072501182556,0.1667138636112213,-0.05148426443338394,0.36529698967933655,0.19426476955413818,-0.028026530519127846,0.4238353669643402,0.18763481080532074,-0.04296739026904106,0.4560883045196533,0.18010440468788147,-0.054743051528930664,0.48310941457748413,0.16907259821891785,-0.06274871528148651,0.3587918281555176,0.2185049206018448,-0.0412745364010334,0.3941836655139923,0.21244502067565918,-0.055191732943058014,0.4174046516418457,0.20090487599372864,-0.06352514028549194,0.4388911724090576,0.18902705609798431,-0.06943894922733307
23,left,0,0,0,0,0,0,0,0,0,0,0,0,0,0,0,0,0,0,0,0,0,0,0,0,0,0,0,0,0,0,0,0,0,0,0,0,0,0,0,0,0,0,0,0,0,0,0,0,0,0,0,0,0,0,0,0,0,0,0,0,0,0,0
24,right,0.2696412205696106,0.2550119459629059,2.728029357967898e-07,0.32137006521224976,0.27809709310531616,0.009620741941034794,0.3613823354244232,0.27352914214134216,0.009305811487138271,0.37973713874816895,0.2696925401687622,0.0046249870210886,0.38993844389915466,0.26403358578681946,-0.0015236354665830731,0.36993667483329773,0.1817983239889145,0.004541283473372459,0.41858649253845215,0.18907883763313293,-0.00786847248673439,0.450834184885025,0.18913060426712036,-0.020666075870394707,0.4766133725643158,0.1882300078868866,-0.03102290630340576,0.3608986735343933,0.182658389210701,-0.011102980002760887,0.42059630155563354,0.18781116604804993,-0.024904297664761543,0.4566536843776703,0.18712404370307922,-0.04011046513915062,0.48684316873550415,0.1808917373418808,-0.05113260820508003,0.3538453280925751,0.1974795013666153,-0.02653777040541172,0.415799081325531,0.1897440254688263,-0.03784570470452309,0.45157402753829956,0.181960791349411,-0.049617402255535126,0.4816042184829712,0.16952556371688843,-0.05834093689918518,0.34983542561531067,0.2225019931793213,-0.041332509368658066,0.38806071877479553,0.21287889778614044,-0.05081319063901901,0.4133618175983429,0.20143620669841766,-0.05734655261039734,0.4357773959636688,0.19069094955921173,-0.06249701976776123
24,left,0,0,0,0,0,0,0,0,0,0,0,0,0,0,0,0,0,0,0,0,0,0,0,0,0,0,0,0,0,0,0,0,0,0,0,0,0,0,0,0,0,0,0,0,0,0,0,0,0,0,0,0,0,0,0,0,0,0,0,0,0,0,0
25,right,0.2818547189235687,0.25074124336242676,2.262924283513712e-07,0.3291776478290558,0.27735546231269836,0.003378421999514103,0.3675132095813751,0.274039626121521,0.0003853553207591176,0.38393327593803406,0.26978564262390137,-0.0055061220191419125,0.3927754759788513,0.26059800386428833,-0.01241037342697382,0.37590768933296204,0.18072186410427094,-0.0015210304409265518,0.4265096187591553,0.18240121006965637,-0.014740612357854843,0.45594459772109985,0.1796843707561493,-0.026297498494386673,0.47892215847969055,0.1775006353855133,-0.035623278468847275,0.36777257919311523,0.18030031025409698,-0.014347925782203674,0.43011900782585144,0.18120647966861725,-0.02992619201540947,0.46392887830734253,0.17685042321681976,-0.04418458044528961,0.4933081865310669,0.16873490810394287,-0.05410678684711456,0.36019816994667053,0.1938895881175995,-0.02752748876810074,0.42162325978279114,0.18596018850803375,-0.04205106943845749,0.4550636410713196,0.1785588562488556,-0.05401454120874405,0.48318231105804443,0.16734176874160767,-0.062216416001319885,0.35403677821159363,0.2179407924413681,-0.04034404456615448,0.3904862403869629,0.21065562963485718,-0.053165823221206665,0.41447362303733826,0.19870245456695557,-0.060945089906454086,0.4370056092739105,0.1864958107471466,-0.06652328372001648
25,left,0,0,0,0,0,0,0,0,0,0,0,0,0,0,0,0,0,0,0,0,0,0,0,0,0,0,0,0,0,0,0,0,0,0,0,0,0,0,0,0,0,0,0,0,0,0,0,0,0,0,0,0,0,0,0,0,0,0,0,0,0,0,0
26,right,0.26909738779067993,0.2550162374973297,2.737318141043943e-07,0.3226062059402466,0.27650946378707886,0.011212348937988281,0.36117345094680786,0.2749585211277008,0.011387447826564312,0.37876802682876587,0.27235645055770874,0.006854122970253229,0.3918754756450653,0.2639196515083313,0.0009985354263335466,0.36975815892219543,0.18007415533065796,0.00828610174357891,0.4177612066268921,0.18812468647956848,-0.0038271620869636536,0.4496552646160126,0.18828512728214264,-0.017171191051602364,0.47564035654067993,0.18770571053028107,-0.02798927202820778,0.3611304461956024,0.18106454610824585,-0.008022592402994633,0.4214223623275757,0.18457193672657013,-0.020935943350195885,0.4586428999900818,0.18305407464504242,-0.036685775965452194,0.490309476852417,0.1772974580526352,-0.04850219935178757,0.3547043800354004,0.19565606117248535,-0.024161789566278458,0.4167083501815796,0.18840797245502472,-0.03484335169196129,0.4522961378097534,0.1821872740983963,-0.046303004026412964,0.48203134536743164,0.1714165061712265,-0.055056020617485046,0.3511658310890198,0.22065074741840363,-0.03962269797921181,0.38934898376464844,0.2118459790945053,-0.04881654679775238,0.41423800587654114,0.19999541342258453,-0.05498785153031349,0.43656909465789795,0.1884518414735794,-0.05987842008471489
26,left,0,0,0,0,0,0,0,0,0,0,0,0,0,0,0,0,0,0,0,0,0,0,0,0,0,0,0,0,0,0,0,0,0,0,0,0,0,0,0,0,0,0,0,0,0,0,0,0,0,0,0,0,0,0,0,0,0,0,0,0,0,0,0
27,right,0.2769280970096588,0.2516579031944275,2.3651276137570676e-07,0.32513391971588135,0.27747321128845215,0.00348452664911747,0.36469128727912903,0.2732745409011841,-3.835049574263394e-05,0.3812175691127777,0.2675573229789734,-0.006620745174586773,0.3909499943256378,0.2560514807701111,-0.014399292878806591,0.3740195333957672,0.17945055663585663,-0.0022403127513825893,0.4254106879234314,0.1848846673965454,-0.014887824654579163,0.4544134736061096,0.18557070195674896,-0.026550304144620895,0.47741323709487915,0.1847955584526062,-0.036287929862737656,0.36617183685302734,0.17967012524604797,-0.015106618404388428,0.4293383061885834,0.1828310191631317,-0.02959299646317959,0.4630475342273712,0.18039433658123016,-0.04387664794921875,0.49217790365219116,0.17254993319511414,-0.054294586181640625,0.3591213822364807,0.19435003399848938,-0.02817508578300476,0.4211217164993286,0.18544159829616547,-0.0415080264210701,0.454397052526474,0.17809394001960754,-0.05330905690789223,0.4817390441894531,0.16582609713077545,-0.06182494014501572,0.354307621717453,0.21964849531650543,-0.040873825550079346,0.39208391308784485,0.21189650893211365,-0.05209635570645332,0.4163830876350403,0.20016300678253174,-0.05925843492150307,0.43878811597824097,0.1873461753129959,-0.06479810923337936
27,left,0,0,0,0,0,0,0,0,0,0,0,0,0,0,0,0,0,0,0,0,0,0,0,0,0,0,0,0,0,0,0,0,0,0,0,0,0,0,0,0,0,0,0,0,0,0,0,0,0,0,0,0,0,0,0,0,0,0,0,0,0,0,0
28,right,0.2792174220085144,0.24925647675991058,2.188658925206255e-07,0.3259797692298889,0.2771666944026947,0.001984277041628957,0.36315566301345825,0.27458855509757996,-0.0023682902101427317,0.3791552186012268,0.2727310061454773,-0.009619234129786491,0.38690465688705444,0.2615836262702942,-0.018420735374093056,0.37926778197288513,0.18097957968711853,-0.0053173694759607315,0.42946964502334595,0.17890985310077667,-0.020020481199026108,0.45822674036026,0.17664745450019836,-0.032976217567920685,0.4815981984138489,0.17415985465049744,-0.04339184612035751,0.37108883261680603,0.18150585889816284,-0.018432728946208954,0.43182364106178284,0.1786561906337738,-0.03426239266991615,0.46514034271240234,0.17312918603420258,-0.04929474741220474,0.49408024549484253,0.16307714581489563,-0.060670703649520874,0.3617452085018158,0.1949172019958496,-0.03196771442890167,0.4215403199195862,0.18644297122955322,-0.047104161232709885,0.45382577180862427,0.17757348716259003,-0.05955059826374054,0.48130038380622864,0.16449350118637085,-0.0687272772192955,0.3533395230770111,0.21804296970367432,-0.04526147618889809,0.38993382453918457,0.21099771559238434,-0.05862390622496605,0.4144362211227417,0.1997736096382141,-0.06656184047460556,0.438019335269928,0.18833984434604645,-0.07268805801868439
28,left,0,0,0,0,0,0,0,0,0,0,0,0,0,0,0,0,0,0,0,0,0,0,0,0,0,0,0,0,0,0,0,0,0,0,0,0,0,0,0,0,0,0,0,0,0,0,0,0,0,0,0,0,0,0,0,0,0,0,0,0,0,0,0
29,right,0.2803597152233124,0.24797503650188446,2.2383341047316208e-07,0.3257129192352295,0.2753331661224365,0.0025820473674684763,0.3624623715877533,0.2732590436935425,-0.0019217620138078928,0.3776050806045532,0.2741933763027191,-0.009419823996722698,0.3843664526939392,0.26664620637893677,-0.018459029495716095,0.3791278004646301,0.17774593830108643,-0.0059135002084076405,0.4306926727294922,0.176422581076622,-0.02069609984755516,0.45959728956222534,0.17521056532859802,-0.03322849050164223,0.48235219717025757,0.17412525415420532,-0.04326830059289932,0.3711928725242615,0.17904135584831238,-0.019440539181232452,0.4319184422492981,0.1764828860759735,-0.03574249520897865,0.4656764268875122,0.17151057720184326,-0.050795115530490875,0.49453675746917725,0.16243743896484375,-0.06193327531218529,0.3622041642665863,0.1938391774892807,-0.03324748948216438,0.4225803315639496,0.18367789685726166,-0.048900801688432693,0.4552844762802124,0.1745620220899582,-0.061807435005903244,0.4831686317920685,0.1611398458480835,-0.07111912965774536,0.3547669053077698,0.21923501789569855,-0.046646732836961746,0.3905397951602936,0.21205788850784302,-0.06085501238703728,0.41438478231430054,0.19960150122642517,-0.06927522271871567,0.437120646238327,0.18658091127872467,-0.07551330327987671
29,left,0,0,0,0,0,0,0,0,0,0,0,0,0,0,0,0,0,0,0,0,0,0,0,0,0,0,0,0,0,0,0,0,0,0,0,0,0,0,0,0,0,0,0,0,0,0,0,0,0,0,0,0,0,0,0,0,0,0,0,0,0,0,0
30,right,0.26803648471832275,0.2559437155723572,2.3133620175030956e-07,0.31972745060920715,0.2769152522087097,0.010447864420711994,0.35860201716423035,0.27467697858810425,0.010740806348621845,0.3779447674751282,0.2719030976295471,0.006388289388269186,0.3903046250343323,0.26335665583610535,0.0008235650602728128,0.36848896741867065,0.18186414241790771,0.007612963672727346,0.4165014326572418,0.18786130845546722,-0.003840604331344366,0.4491989016532898,0.18554173409938812,-0.01643899641931057,0.4755861759185791,0.18104135990142822,-0.026825210079550743,0.36086931824684143,0.18292021751403809,-0.008169271983206272,0.4198159873485565,0.18668264150619507,-0.020067766308784485,0.4558635354042053,0.1826627552509308,-0.03447457775473595,0.4871695041656494,0.17226245999336243,-0.0457913838326931,0.3547966480255127,0.19728027284145355,-0.023889165371656418,0.4144359529018402,0.19069214165210724,-0.033813729882240295,0.4495288133621216,0.1826394498348236,-0.04465563967823982,0.47905370593070984,0.16980306804180145,-0.053415097296237946,0.3515447974205017,0.22125299274921417,-0.039128392934799194,0.3886687159538269,0.2120727002620697,-0.04782397672533989,0.4137859344482422,0.20030878484249115,-0.05389343202114105,0.43625110387802124,0.18889273703098297,-0.05905143916606903
30,left,0,0,0,0,0,0,0,0,0,0,0,0,0,0,0,0,0,0,0,0,0,0,0,0,0,0,0,0,0,0,0,0,0,0,0,0,0,0,0,0,0,0,0,0,0,0,0,0,0,0,0,0,0,0,0,0,0,0,0,0,0,0,0
31,right,0.28190845251083374,0.24780815839767456,2.1926976501163153e-07,0.3266262710094452,0.27637407183647156,0.0009613792644813657,0.3637595772743225,0.2713918089866638,-0.0034284216817468405,0.37980544567108154,0.26760441064834595,-0.010487211868166924,0.38631734251976013,0.2576460540294647,-0.01895313337445259,0.3802483379840851,0.17879870533943176,-0.004865091759711504,0.4301539361476898,0.17797920107841492,-0.01853267103433609,0.45838624238967896,0.17646826803684235,-0.03034968674182892,0.48062264919281006,0.17504820227622986,-0.040082428604364395,0.3729899227619171,0.17939260601997375,-0.017364490777254105,0.4326222240924835,0.17811231315135956,-0.03263050690293312,0.46555909514427185,0.17409098148345947,-0.04666073992848396,0.49377527832984924,0.1661539524793625,-0.05708199366927147,0.3641921579837799,0.19314128160476685,-0.030479885637760162,0.423674613237381,0.18477275967597961,-0.04558218643069267,0.45563647150993347,0.17683108150959015,-0.05776214972138405,0.4828599989414215,0.16434070467948914,-0.06656932085752487,0.35601797699928284,0.2174931764602661,-0.04341539740562439,0.3916592299938202,0.21090508997440338,-0.05728817358613014,0.4151001572608948,0.19913072884082794,-0.0654817521572113,0.43737107515335083,0.18647500872612,-0.07159257680177689
31,left,0,0,0,0,0,0,0,0,0,0,0,0,0,0,0,0,0,0,0,0,0,0,0,0,0,0,0,0,0,0,0,0,0,0,0,0,0,0,0,0,0,0,0,0,0,0,0,0,0,0,0,0,0,0,0,0,0,0,0,0,0,0,0
32,right,0.2695094048976898,0.2545051574707031,2.379299672838897e-07,0.32145506143569946,0.2758447229862213,0.00957683939486742,0.3600795269012451,0.2739894986152649,0.008993910625576973,0.3787047863006592,0.2716137766838074,0.003830458503216505,0.3923037350177765,0.26175475120544434,-0.002507222583517432,0.3696245551109314,0.18098577857017517,0.006214343011379242,0.41747021675109863,0.1862451285123825,-0.006155394017696381,0.44968628883361816,0.18346256017684937,-0.019453806802630424,0.47580522298812866,0.17834354937076569,-0.030172530561685562,0.3614962100982666,0.18172046542167664,-0.0094498535618186,0.420244961977005,0.18406139314174652,-0.022225217893719673,0.45593875646591187,0.17920677363872528,-0.03735068812966347,0.4869236946105957,0.16823436319828033,-0.04900062084197998,0.355308473110199,0.19596317410469055,-0.02506432868540287,0.4150088131427765,0.18917274475097656,-0.03546791523694992,0.45001351833343506,0.1811177134513855,-0.04646988958120346,0.4794616103172302,0.16835039854049683,-0.05517181009054184,0.3519582450389862,0.22033824026584625,-0.040263861417770386,0.3894401788711548,0.211565762758255,-0.0488787516951561,0.41456547379493713,0.19987894594669342,-0.054639093577861786,0.43698620796203613,0.1884801685810089,-0.059488262981176376
32,left,0,0,0,0,0,0,0,0,0,0,0,0,0,0,0,0,0,0,0,0,0,0,0,0,0,0,0,0,0,0,0,0,0,0,0,0,0,0,0,0,0,0,0,0,0,0,0,0,0,0,0,0,0,0,0,0,0,0,0,0,0,0,0
33,right,0.28624069690704346,0.2503655254840851,1.3473484727910545e-07,0.32943761348724365,0.2751784920692444,0.0011640669545158744,0.3647916913032532,0.27162402868270874,-0.003601512871682644,0.38250431418418884,0.2662504315376282,-0.011491580866277218,0.3895553648471832,0.25287455320358276,-0.02088511548936367,0.39200830459594727,0.19034381210803986,-0.0020082087721675634,0.4371458888053894,0.18275275826454163,-0.01571326144039631,0.462969034910202,0.17867019772529602,-0.029138978570699692,0.48402994871139526,0.17284321784973145,-0.04027741029858589,0.3860011398792267,0.19001401960849762,-0.01519968081265688,0.44022586941719055,0.1818053126335144,-0.029772302135825157,0.46997693181037903,0.17420963943004608,-0.04477083310484886,0.49545925855636597,0.16080862283706665,-0.05664973706007004,0.37621748447418213,0.1993599385023117,-0.029260670766234398,0.4285735785961151,0.18877191841602325,-0.04353822395205498,0.45691415667533875,0.17914435267448425,-0.05520543083548546,0.48032137751579285,0.16486963629722595,-0.06422443687915802,0.3647807836532593,0.21766281127929688,-0.04343216493725777,0.39777854084968567,0.21062782406806946,-0.05574431270360947,0.41899678111076355,0.19904467463493347,-0.06264706701040268,0.4383678734302521,0.1865614950656891,-0.06837768107652664
33,left,0,0,0,0,0,0,0,0,0,0,0,0,0,0,0,0,0,0,0,0,0,0,0,0,0,0,0,0,0,0,0,0,0,0,0,0,0,0,0,0,0,0,0,0,0,0,0,0,0,0,0,0,0,0,0,0,0,0,0,0,0,0,0
34,right,0.2874295115470886,0.24969394505023956,1.5320499358040252e-07,0.32875365018844604,0.2758515179157257,0.00205071154050529,0.3638451397418976,0.27214449644088745,-0.0019550942815840244,0.3813106417655945,0.2706845700740814,-0.00891259964555502,0.38950514793395996,0.26530593633651733,-0.017408372834324837,0.3898939788341522,0.1856531947851181,-0.0024650562554597855,0.43720051646232605,0.18058373034000397,-0.015979712828993797,0.4640377461910248,0.1774672418832779,-0.02874397113919258,0.4850538969039917,0.17233754694461823,-0.03930215165019035,0.38406404852867126,0.18531058728694916,-0.015789885073900223,0.44033312797546387,0.18030840158462524,-0.030163487419486046,0.47082579135894775,0.17387627065181732,-0.04447406902909279,0.4966009259223938,0.16165103018283844,-0.0557233989238739,0.37490540742874146,0.19622597098350525,-0.029778966680169106,0.42978227138519287,0.18652619421482086,-0.04413392022252083,0.45915043354034424,0.17756563425064087,-0.05553542077541351,0.4837154746055603,0.16365379095077515,-0.06429637223482132,0.36442697048187256,0.21682550013065338,-0.04367242753505707,0.39777836203575134,0.2109137326478958,-0.056813936680555344,0.4192412793636322,0.19923490285873413,-0.06373162567615509,0.4395325183868408,0.18653173744678497,-0.06917837262153625
34,left,0,0,0,0,0,0,0,0,0,0,0,0,0,0,0,0,0,0,0,0,0,0,0,0,0,0,0,0,0,0,0,0,0,0,0,0,0,0,0,0,0,0,0,0,0,0,0,0,0,0,0,0,0,0,0,0,0,0,0,0,0,0,0
35,right,0.27095460891723633,0.25640571117401123,2.16677989328673e-07,0.3205530643463135,0.27643483877182007,0.009818721562623978,0.36091306805610657,0.27603039145469666,0.0077288164757192135,0.3793272078037262,0.2776716351509094,0.0012007165933027864,0.3960442841053009,0.2740424573421478,-0.006135330535471439,0.37060680985450745,0.18202006816864014,0.0031563329976052046,0.42532384395599365,0.1826520711183548,-0.010592617094516754,0.4586459994316101,0.17904362082481384,-0.024292990565299988,0.48526665568351746,0.17633387446403503,-0.03513144329190254,0.36120375990867615,0.1840381622314453,-0.013149620965123177,0.42228344082832336,0.1960912048816681,-0.031593143939971924,0.4508114755153656,0.20210906863212585,-0.04893733561038971,0.4732733368873596,0.20111602544784546,-0.060076840221881866,0.3541833162307739,0.19901390373706818,-0.029052792116999626,0.4181729853153229,0.1880238801240921,-0.04152746498584747,0.4544597268104553,0.17772534489631653,-0.05385029315948486,0.48547977209091187,0.16296523809432983,-0.0629970133304596,0.3510836958885193,0.2227124571800232,-0.044261686503887177,0.3887726068496704,0.2116098254919052,-0.053029246628284454,0.41491392254829407,0.19869108498096466,-0.05886193737387657,0.43822795152664185,0.1852918416261673,-0.06379450857639313
35,left,0,0,0,0,0,0,0,0,0,0,0,0,0,0,0,0,0,0,0,0,0,0,0,0,0,0,0,0,0,0,0,0,0,0,0,0,0,0,0,0,0,0,0,0,0,0,0,0,0,0,0,0,0,0,0,0,0,0,0,0,0,0,0
36,right,0.29491233825683594,0.25679001212120056,1.380332435019227e-07,0.3336779773235321,0.2810349464416504,0.0020391521975398064,0.3673332929611206,0.27642321586608887,-0.0007602964178659022,0.38365328311920166,0.27339184284210205,-0.006387098226696253,0.391770601272583,0.2649432420730591,-0.013316542841494083,0.3915574550628662,0.19346202909946442,-0.0004826020449399948,0.4377455413341522,0.18557578325271606,-0.013421906158328056,0.46442335844039917,0.18041616678237915,-0.025258999317884445,0.48566514253616333,0.17451536655426025,-0.03479951620101929,0.38774728775024414,0.19308871030807495,-0.012527665123343468,0.44144290685653687,0.18312132358551025,-0.026455843821167946,0.47181597352027893,0.1751689463853836,-0.039394259452819824,0.49750107526779175,0.16368359327316284,-0.04916098341345787,0.38066723942756653,0.20332801342010498,-0.025506654754281044,0.4313828945159912,0.18911555409431458,-0.039113499224185944,0.4596909284591675,0.17838695645332336,-0.04962930083274841,0.4832361936569214,0.1654418706893921,-0.0572737380862236,0.37197715044021606,0.2224459946155548,-0.03848951682448387,0.40218377113342285,0.2118483930826187,-0.05088957026600838,0.42273616790771484,0.1986299306154251,-0.05772661417722702,0.4416112005710602,0.18660102784633636,-0.06285174936056137
36,left,0,0,0,0,0,0,0,0,0,0,0,0,0,0,0,0,0,0,0,0,0,0,0,0,0,0,0,0,0,0,0,0,0,0,0,0,0,0,0,0,0,0,0,0,0,0,0,0,0,0,0,0,0,0,0,0,0,0,0,0,0,0,0
