1,right,0,0,0,0,0,0,0,0,0,0,0,0,0,0,0,0,0,0,0,0,0,0,0,0,0,0,0,0,0,0,0,0,0,0,0,0,0,0,0,0,0,0,0,0,0,0,0,0,0,0,0,0,0,0,0,0,0,0,0,0,0,0,0
1,left,0,0,0,0,0,0,0,0,0,0,0,0,0,0,0,0,0,0,0,0,0,0,0,0,0,0,0,0,0,0,0,0,0,0,0,0,0,0,0,0,0,0,0,0,0,0,0,0,0,0,0,0,0,0,0,0,0,0,0,0,0,0,0
2,right,0,0,0,0,0,0,0,0,0,0,0,0,0,0,0,0,0,0,0,0,0,0,0,0,0,0,0,0,0,0,0,0,0,0,0,0,0,0,0,0,0,0,0,0,0,0,0,0,0,0,0,0,0,0,0,0,0,0,0,0,0,0,0
2,left,0,0,0,0,0,0,0,0,0,0,0,0,0,0,0,0,0,0,0,0,0,0,0,0,0,0,0,0,0,0,0,0,0,0,0,0,0,0,0,0,0,0,0,0,0,0,0,0,0,0,0,0,0,0,0,0,0,0,0,0,0,0,0
3,right,0,0,0,0,0,0,0,0,0,0,0,0,0,0,0,0,0,0,0,0,0,0,0,0,0,0,0,0,0,0,0,0,0,0,0,0,0,0,0,0,0,0,0,0,0,0,0,0,0,0,0,0,0,0,0,0,0,0,0,0,0,0,0
3,left,0,0,0,0,0,0,0,0,0,0,0,0,0,0,0,0,0,0,0,0,0,0,0,0,0,0,0,0,0,0,0,0,0,0,0,0,0,0,0,0,0,0,0,0,0,0,0,0,0,0,0,0,0,0,0,0,0,0,0,0,0,0,0
4,right,0,0,0,0,0,0,0,0,0,0,0,0,0,0,0,0,0,0,0,0,0,0,0,0,0,0,0,0,0,0,0,0,0,0,0,0,0,0,0,0,0,0,0,0,0,0,0,0,0,0,0,0,0,0,0,0,0,0,0,0,0,0,0
4,left,0,0,0,0,0,0,0,0,0,0,0,0,0,0,0,0,0,0,0,0,0,0,0,0,0,0,0,0,0,0,0,0,0,0,0,0,0,0,0,0,0,0,0,0,0,0,0,0,0,0,0,0,0,0,0,0,0,0,0,0,0,0,0
5,right,0,0,0,0,0,0,0,0,0,0,0,0,0,0,0,0,0,0,0,0,0,0,0,0,0,0,0,0,0,0,0,0,0,0,0,0,0,0,0,0,0,0,0,0,0,0,0,0,0,0,0,0,0,0,0,0,0,0,0,0,0,0,0
5,left,0,0,0,0,0,0,0,0,0,0,0,0,0,0,0,0,0,0,0,0,0,0,0,0,0,0,0,0,0,0,0,0,0,0,0,0,0,0,0,0,0,0,0,0,0,0,0,0,0,0,0,0,0,0,0,0,0,0,0,0,0,0,0
6,right,0,0,0,0,0,0,0,0,0,0,0,0,0,0,0,0,0,0,0,0,0,0,0,0,0,0,0,0,0,0,0,0,0,0,0,0,0,0,0,0,0,0,0,0,0,0,0,0,0,0,0,0,0,0,0,0,0,0,0,0,0,0,0
6,left,0,0,0,0,0,0,0,0,0,0,0,0,0,0,0,0,0,0,0,0,0,0,0,0,0,0,0,0,0,0,0,0,0,0,0,0,0,0,0,0,0,0,0,0,0,0,0,0,0,0,0,0,0,0,0,0,0,0,0,0,0,0,0
7,right,0,0,0,0,0,0,0,0,0,0,0,0,0,0,0,0,0,0,0,0,0,0,0,0,0,0,0,0,0,0,0,0,0,0,0,0,0,0,0,0,0,0,0,0,0,0,0,0,0,0,0,0,0,0,0,0,0,0,0,0,0,0,0
7,left,0,0,0,0,0,0,0,0,0,0,0,0,0,0,0,0,0,0,0,0,0,0,0,0,0,0,0,0,0,0,0,0,0,0,0,0,0,0,0,0,0,0,0,0,0,0,0,0,0,0,0,0,0,0,0,0,0,0,0,0,0,0,0
8,right,0.31184521317481995,0.25183987617492676,2.196858162051285e-07,0.3464495539665222,0.2728557586669922,-0.0049113123677670956,0.3773691952228546,0.2641022801399231,-0.012109572067856789,0.3930374085903168,0.25208109617233276,-0.020992951467633247,0.39019522070884705,0.23182928562164307,-0.03132955729961395,0.40838414430618286,0.18712002038955688,-0.006961181294173002,0.45117753744125366,0.17161494493484497,-0.020978176966309547,0.47659894824028015,0.16412736475467682,-0.0335485078394413,0.49611401557922363,0.1577344685792923,-0.04339868575334549,0.40457165241241455,0.18362672626972198,-0.015958985313773155,0.45542287826538086,0.17021620273590088,-0.03014548495411873,0.4845125675201416,0.17079022526741028,-0.04258478432893753,0.5058099031448364,0.17195698618888855,-0.05146637186408043,0.39480462670326233,0.18864043056964874,-0.02635560929775238,0.4408326745033264,0.16983100771903992,-0.04045431688427925,0.4672450125217438,0.1623469889163971,-0.04986376687884331,0.4880497455596924,0.15551190078258514,-0.05637134984135628,0.3822843134403229,0.20192813873291016,-0.037244394421577454,0.41093453764915466,0.18993762135505676,-0.04874823987483978,0.43005502223968506,0.18036459386348724,-0.053486455231904984,0.44625404477119446,0.17180846631526947,-0.056938331574201584
8,left,0,0,0,0,0,0,0,0,0,0,0,0,0,0,0,0,0,0,0,0,0,0,0,0,0,0,0,0,0,0,0,0,0,0,0,0,0,0,0,0,0,0,0,0,0,0,0,0,0,0,0,0,0,0,0,0,0,0,0,0,0,0,0
9,right,0.2736086845397949,0.2424951195716858,2.5076670340240526e-07,0.3220502734184265,0.2686503529548645,0.0029655443504452705,0.3616562783718109,0.26280465722084045,-0.0006867198389954865,0.3798276484012604,0.2547389566898346,-0.007895109243690968,0.38541707396507263,0.23997384309768677,-0.01583136059343815,0.3734201490879059,0.17025995254516602,-0.0016247312305495143,0.4225657880306244,0.16698944568634033,-0.014951791614294052,0.4535248279571533,0.16081391274929047,-0.02738453634083271,0.4786023199558258,0.15398229658603668,-0.037222787737846375,0.3645167648792267,0.16734708845615387,-0.01545010320842266,0.42352718114852905,0.16397160291671753,-0.030260449275374413,0.45953530073165894,0.15642543137073517,-0.04492843151092529,0.490622341632843,0.14469683170318604,-0.0553877092897892,0.3571717143058777,0.17954804003238678,-0.029722483828663826,0.4158676564693451,0.17153091728687286,-0.042686380445957184,0.45144909620285034,0.16099174320697784,-0.05498192086815834,0.48092082142829895,0.1463678479194641,-0.06375175714492798,0.35265058279037476,0.20377856492996216,-0.04401502385735512,0.39259251952171326,0.19893230497837067,-0.05305207893252373,0.4178730249404907,0.18757471442222595,-0.05892258137464523,0.4390580654144287,0.174767404794693,-0.06381727755069733
9,left,0,0,0,0,0,0,0,0,0,0,0,0,0,0,0,0,0,0,0,0,0,0,0,0,0,0,0,0,0,0,0,0,0,0,0,0,0,0,0,0,0,0,0,0,0,0,0,0,0,0,0,0,0,0,0,0,0,0,0,0,0,0,0
10,right,0.2852107286453247,0.2353440821170807,2.3171779162112216e-07,0.3290265202522278,0.2641100287437439,-0.000889115734025836,0.3649853765964508,0.2630312740802765,-0.006390112917870283,0.3807443380355835,0.2660069763660431,-0.014399430714547634,0.38959789276123047,0.26657718420028687,-0.023575011640787125,0.3800087869167328,0.16665807366371155,-0.005377407185733318,0.42774486541748047,0.16204577684402466,-0.018879160284996033,0.4547373056411743,0.1581961214542389,-0.03027866780757904,0.4763733446598053,0.15409468114376068,-0.03939104452729225,0.3730233907699585,0.16501782834529877,-0.01690908521413803,0.42901501059532166,0.15964090824127197,-0.031900182366371155,0.46142005920410156,0.15269337594509125,-0.045013442635536194,0.48911523818969727,0.14270414412021637,-0.05438314005732536,0.364701509475708,0.17763836681842804,-0.029353484511375427,0.4214693605899811,0.1671769917011261,-0.04425089806318283,0.45343470573425293,0.15708714723587036,-0.05624646320939064,0.4804881811141968,0.1439371407032013,-0.06437982618808746,0.3565971851348877,0.20252639055252075,-0.04179752618074417,0.3915020823478699,0.19649046659469604,-0.055138155817985535,0.4146764576435089,0.18502657115459442,-0.06277020275592804,0.43580305576324463,0.17332302033901215,-0.06808436661958694
10,left,0,0,0,0,0,0,0,0,0,0,0,0,0,0,0,0,0,0,0,0,0,0,0,0,0,0,0,0,0,0,0,0,0,0,0,0,0,0,0,0,0,0,0,0,0,0,0,0,0,0,0,0,0,0,0,0,0,0,0,0,0,0,0
11,right,0.2707652747631073,0.249770849943161,2.4399807330155454e-07,0.321024090051651,0.2729833424091339,0.005824411753565073,0.35988685488700867,0.2652614712715149,0.004174954257905483,0.3781716227531433,0.25789403915405273,-0.0015352115733548999,0.3865242302417755,0.24450841546058655,-0.008373470976948738,0.3688602149486542,0.1752767264842987,0.0014486050931736827,0.4161519706249237,0.17099888622760773,-0.011707590892910957,0.4475705921649933,0.16351576149463654,-0.02409566193819046,0.4726440906524658,0.1562228798866272,-0.03381304815411568,0.36046063899993896,0.17301535606384277,-0.012873313389718533,0.41697537899017334,0.16952674090862274,-0.026898056268692017,0.4526187777519226,0.16129109263420105,-0.041039641946554184,0.48326587677001953,0.14922848343849182,-0.051284417510032654,0.3531232476234436,0.1854400336742401,-0.027587993070483208,0.4105018675327301,0.17541265487670898,-0.03973574563860893,0.4455374777317047,0.163625106215477,-0.05188390612602234,0.47503116726875305,0.14901074767112732,-0.06073659285902977,0.34838351607322693,0.20954513549804688,-0.04210199415683746,0.38642993569374084,0.20131319761276245,-0.05188094824552536,0.4117181599140167,0.18902580440044403,-0.05883800610899925,0.4336458146572113,0.17709288001060486,-0.0643744021654129
11,left,0,0,0,0,0,0,0,0,0,0,0,0,0,0,0,0,0,0,0,0,0,0,0,0,0,0,0,0,0,0,0,0,0,0,0,0,0,0,0,0,0,0,0,0,0,0,0,0,0,0,0,0,0,0,0,0,0,0,0,0,0,0,0
12,right,0.3161945939064026,0.26663938164711,1.021217315155809e-07,0.35122621059417725,0.2799666225910187,-0.0015412501525133848,0.376991868019104,0.27144676446914673,-0.006216128822416067,0.3894276022911072,0.2613568902015686,-0.013246308080852032,0.3954053819179535,0.24471282958984375,-0.021690882742404938,0.40827685594558716,0.2049654722213745,-0.0018606147496029735,0.4457267224788666,0.17887094616889954,-0.012980950996279716,0.4667302668094635,0.16739307343959808,-0.023182064294815063,0.48484358191490173,0.15631046891212463,-0.03150492161512375,0.40439143776893616,0.20303063094615936,-0.011285639367997646,0.4470077157020569,0.17440612614154816,-0.023545684292912483,0.4721420705318451,0.16100755333900452,-0.03550829365849495,0.4939010441303253,0.1463535577058792,-0.044580452144145966,0.39484161138534546,0.20862053334712982,-0.021893208846449852,0.43619996309280396,0.18028022348880768,-0.03433721885085106,0.459715336561203,0.16630004346370697,-0.04420533403754234,0.4796406030654907,0.15297293663024902,-0.051351822912693024,0.38170677423477173,0.22064433991909027,-0.0327066108584404,0.40646326541900635,0.20326852798461914,-0.0442388653755188,0.4233437180519104,0.19021698832511902,-0.05063589662313461,0.4391314685344696,0.17844083905220032,-0.055486537516117096
12,left,0,0,0,0,0,0,0,0,0,0,0,0,0,0,0,0,0,0,0,0,0,0,0,0,0,0,0,0,0,0,0,0,0,0,0,0,0,0,0,0,0,0,0,0,0,0,0,0,0,0,0,0,0,0,0,0,0,0,0,0,0,0,0
13,right,0.27771276235580444,0.24642637372016907,2.6227007765555754e-07,0.3273668587207794,0.27343547344207764,0.0017671951791271567,0.36551621556282043,0.2683384418487549,-0.0016405556816607714,0.3838668167591095,0.26014891266822815,-0.008431969210505486,0.39248961210250854,0.24370694160461426,-0.0159242432564497,0.37122949957847595,0.17399083077907562,-0.0007296119583770633,0.4186452627182007,0.1711394190788269,-0.014017606154084206,0.44937053322792053,0.16428492963314056,-0.02637847512960434,0.4741052985191345,0.15582314133644104,-0.03604290634393692,0.3635319471359253,0.17024478316307068,-0.01306249387562275,0.42061373591423035,0.16506388783454895,-0.02762104943394661,0.4559642970561981,0.15703822672367096,-0.04163360968232155,0.48685896396636963,0.14511823654174805,-0.051455795764923096,0.3578346073627472,0.18216189742088318,-0.02603328973054886,0.4149039089679718,0.17353986203670502,-0.03899814188480377,0.449185311794281,0.16508838534355164,-0.05000890791416168,0.4773818850517273,0.15260708332061768,-0.0575912706553936,0.3542940020561218,0.20675858855247498,-0.03920053318142891,0.3919386565685272,0.20011314749717712,-0.049518097192049026,0.4166395664215088,0.18916665017604828,-0.055577680468559265,0.43766075372695923,0.17745180428028107,-0.060024868696928024
13,left,0,0,0,0,0,0,0,0,0,0,0,0,0,0,0,0,0,0,0,0,0,0,0,0,0,0,0,0,0,0,0,0,0,0,0,0,0,0,0,0,0,0,0,0,0,0,0,0,0,0,0,0,0,0,0,0,0,0,0,0,0,0,0
14,right,0.324848473072052,0.2696918547153473,8.839727172471612e-08,0.35757750272750854,0.28058168292045593,0.0005643154145218432,0.3810783326625824,0.2727198600769043,-0.0026269154623150826,0.39393967390060425,0.2650395333766937,-0.008229582570493221,0.4007945656776428,0.25312983989715576,-0.015116139315068722,0.41088536381721497,0.20828279852867126,-0.0007501898799091578,0.4469251334667206,0.18234175443649292,-0.010881208814680576,0.4674612581729889,0.17121601104736328,-0.020005736500024796,0.48509058356285095,0.16056475043296814,-0.027444658800959587,0.4072178900241852,0.20531290769577026,-0.010022559203207493,0.44822996854782104,0.17613676190376282,-0.021316763013601303,0.47260981798171997,0.16256731748580933,-0.03209264203906059,0.4934360682964325,0.1485360562801361,-0.04027533903717995,0.3979959487915039,0.21034455299377441,-0.020114801824092865,0.4372313618659973,0.18187282979488373,-0.03152673318982124,0.45919767022132874,0.16749374568462372,-0.04044923186302185,0.4776136875152588,0.15468096733093262,-0.04691877216100693,0.3854052424430847,0.2215687334537506,-0.03016301617026329,0.40816938877105713,0.20385079085826874,-0.04125332087278366,0.4239664375782013,0.19055795669555664,-0.04738004133105278,0.4387916028499603,0.1789861023426056,-0.051886990666389465
14,left,0,0,0,0,0,0,0,0,0,0,0,0,0,0,0,0,0,0,0,0,0,0,0,0,0,0,0,0,0,0,0,0,0,0,0,0,0,0,0,0,0,0,0,0,0,0,0,0,0,0,0,0,0,0,0,0,0,0,0,0,0,0,0
15,right,0.27900975942611694,0.25099343061447144,2.7893105425391695e-07,0.32518813014030457,0.27536410093307495,0.0003434449026826769,0.36315029859542847,0.2680911421775818,-0.0035922059323638678,0.3831649124622345,0.2584342062473297,-0.010520800948143005,0.3879370093345642,0.24212786555290222,-0.01834772899746895,0.36950209736824036,0.17610740661621094,-0.0017260108143091202,0.41602328419685364,0.17454656958580017,-0.015121924690902233,0.44676274061203003,0.168104350566864,-0.027794765308499336,0.471285879611969,0.16062156856060028,-0.037675973027944565,0.3626067042350769,0.17237603664398193,-0.013635016977787018,0.4188508689403534,0.16720125079154968,-0.027960816398262978,0.4549309015274048,0.15993063151836395,-0.04190431162714958,0.4862566888332367,0.14879897236824036,-0.051702987402677536,0.35663163661956787,0.1837535947561264,-0.026300355792045593,0.41386887431144714,0.17465969920158386,-0.03940586745738983,0.4487248659133911,0.16683456301689148,-0.050705213099718094,0.4769384562969208,0.15536275506019592,-0.05834874138236046,0.3518500030040741,0.20781221985816956,-0.039243124425411224,0.3904557228088379,0.1998986452817917,-0.04981900006532669,0.41510042548179626,0.18917983770370483,-0.05603690817952156,0.4359652101993561,0.17838039994239807,-0.060500841587781906
15,left,0,0,0,0,0,0,0,0,0,0,0,0,0,0,0,0,0,0,0,0,0,0,0,0,0,0,0,0,0,0,0,0,0,0,0,0,0,0,0,0,0,0,0,0,0,0,0,0,0,0,0,0,0,0,0,0,0,0,0,0,0,0,0
16,right,0.31132251024246216,0.2669924795627594,1.1578397618450254e-07,0.3493287265300751,0.2815697193145752,-0.0004323914763517678,0.3756195306777954,0.27348223328590393,-0.004695949610322714,0.38758033514022827,0.2637455463409424,-0.011617297306656837,0.39384979009628296,0.2484322488307953,-0.02012491226196289,0.4061713218688965,0.20451317727565765,-0.00017538628890179098,0.44276756048202515,0.18087977170944214,-0.01120222732424736,0.4642268121242523,0.17003720998764038,-0.022073034197092056,0.4828861951828003,0.15820010006427765,-0.031062722206115723,0.401737242937088,0.20229797065258026,-0.010020149871706963,0.4440265893936157,0.1762380301952362,-0.02192717231810093,0.4693690836429596,0.16280315816402435,-0.03458315506577492,0.4915088415145874,0.14646466076374054,-0.04444187507033348,0.39198750257492065,0.2082126885652542,-0.020892612636089325,0.4332824647426605,0.1823989450931549,-0.03291766718029976,0.4570479691028595,0.1679295301437378,-0.04297058284282684,0.4767191410064697,0.15311577916145325,-0.050324782729148865,0.3789965510368347,0.2209905982017517,-0.03188613802194595,0.4050421118736267,0.2041221708059311,-0.0424329899251461,0.4224202036857605,0.191556915640831,-0.048253607004880905,0.43838316202163696,0.17992521822452545,-0.052812378853559494
16,left,0,0,0,0,0,0,0,0,0,0,0,0,0,0,0,0,0,0,0,0,0,0,0,0,0,0,0,0,0,0,0,0,0,0,0,0,0,0,0,0,0,0,0,0,0,0,0,0,0,0,0,0,0,0,0,0,0,0,0,0,0,0,0
17,right,0.27648699283599854,0.2502024173736572,2.540377863624599e-07,0.32719630002975464,0.27609366178512573,0.002731748390942812,0.3644462823867798,0.2705361843109131,-0.0006118405144661665,0.3820236623287201,0.26138144731521606,-0.00762930465862155,0.3910819888114929,0.24502554535865784,-0.01529213972389698,0.3706967830657959,0.1764666736125946,0.00011438477667979896,0.4180082082748413,0.17308270931243896,-0.013160055503249168,0.4482862651348114,0.16565218567848206,-0.025528812780976295,0.4729793071746826,0.15658986568450928,-0.035255104303359985,0.36231669783592224,0.1730687916278839,-0.01288753654807806,0.419983446598053,0.1675674021244049,-0.027419591322541237,0.4546584188938141,0.15907201170921326,-0.041387394070625305,0.48504602909088135,0.14661692082881927,-0.051257647573947906,0.35642969608306885,0.18537892401218414,-0.02650606818497181,0.4134118854999542,0.1769537627696991,-0.039086632430553436,0.44699525833129883,0.1682511270046234,-0.049837805330753326,0.4744960069656372,0.15514792501926422,-0.05737854167819023,0.3531704246997833,0.21014738082885742,-0.040324121713638306,0.3909532129764557,0.20302513241767883,-0.0501285120844841,0.41558992862701416,0.1914374828338623,-0.056046441197395325,0.4364866018295288,0.17846375703811646,-0.06052883341908455
17,left,0,0,0,0,0,0,0,0,0,0,0,0,0,0,0,0,0,0,0,0,0,0,0,0,0,0,0,0,0,0,0,0,0,0,0,0,0,0,0,0,0,0,0,0,0,0,0,0,0,0,0,0,0,0,0,0,0,0,0,0,0,0,0
18,right,0.3145418167114258,0.2696346044540405,1.3985173552555352e-07,0.34901881217956543,0.2828369736671448,-0.0032062800601124763,0.3748834729194641,0.27311640977859497,-0.007719534914940596,0.3873037099838257,0.2639857530593872,-0.014399551786482334,0.3925250172615051,0.25428393483161926,-0.02224110998213291,0.40043890476226807,0.20076043903827667,-5.0381502660457045e-05,0.4371319115161896,0.17837202548980713,-0.010699993930757046,0.4594208300113678,0.16619513928890228,-0.020760362967848778,0.47822704911231995,0.15454165637493134,-0.028847454115748405,0.39717164635658264,0.19849951565265656,-0.0079878568649292,0.43934518098831177,0.17411348223686218,-0.0191640667617321,0.4649585783481598,0.15976087749004364,-0.02997605688869953,0.4869648814201355,0.14477992057800293,-0.03797200694680214,0.38986849784851074,0.20418038964271545,-0.017467547208070755,0.4307319223880768,0.17988473176956177,-0.0286411065608263,0.4548071026802063,0.16552193462848663,-0.037583235651254654,0.47481247782707214,0.15188705921173096,-0.04367908090353012,0.3793729245662689,0.2171444147825241,-0.027521338313817978,0.40508586168289185,0.20020180940628052,-0.037336938083171844,0.42211878299713135,0.18731747567653656,-0.042637620121240616,0.43724238872528076,0.17622965574264526,-0.046435896307229996
18,left,0,0,0,0,0,0,0,0,0,0,0,0,0,0,0,0,0,0,0,0,0,0,0,0,0,0,0,0,0,0,0,0,0,0,0,0,0,0,0,0,0,0,0,0,0,0,0,0,0,0,0,0,0,0,0,0,0,0,0,0,0,0,0
19,right,0.2736354470252991,0.24997150897979736,2.847664291039109e-07,0.3243221044540405,0.27567213773727417,0.001985675422474742,0.36320292949676514,0.26923108100891113,-0.0007530935690738261,0.38156455755233765,0.260184109210968,-0.00664518540725112,0.38768285512924194,0.2428571879863739,-0.013387143611907959,0.36906787753105164,0.17536114156246185,0.000657235155813396,0.415610671043396,0.17588667571544647,-0.011745056137442589,0.4462031126022339,0.17035025358200073,-0.02380317449569702,0.4705272316932678,0.16303646564483643,-0.03337957337498665,0.36147549748420715,0.17256711423397064,-0.011448106728494167,0.4182787835597992,0.1689370572566986,-0.024794388562440872,0.4540557265281677,0.16102266311645508,-0.038578346371650696,0.4846891164779663,0.1482936292886734,-0.04838093742728233,0.35551732778549194,0.18463541567325592,-0.024203265085816383,0.41247034072875977,0.17587819695472717,-0.036559730768203735,0.4466397762298584,0.1658172905445099,-0.047912005335092545,0.47455158829689026,0.15133526921272278,-0.05566925182938576,0.3509649932384491,0.2087119221687317,-0.037072762846946716,0.38927415013313293,0.2005283385515213,-0.047214534133672714,0.4139144718647003,0.1884218454360962,-0.05365413799881935,0.43486487865448,0.17614418268203735,-0.058282025158405304
19,left,0,0,0,0,0,0,0,0,0,0,0,0,0,0,0,0,0,0,0,0,0,0,0,0,0,0,0,0,0,0,0,0,0,0,0,0,0,0,0,0,0,0,0,0,0,0,0,0,0,0,0,0,0,0,0,0,0,0,0,0,0,0,0
20,right,0.32638394832611084,0.2749849259853363,1.1535558996911277e-07,0.3565447926521301,0.2802804410457611,9.605711238691583e-05,0.37971168756484985,0.2658955454826355,-0.003121485933661461,0.3931226134300232,0.25291574001312256,-0.008759659714996815,0.39922112226486206,0.23831795156002045,-0.01576688140630722,0.4092280864715576,0.2111644595861435,-0.00027369422605261207,0.4455324113368988,0.18734727799892426,-0.010285693220794201,0.4670026898384094,0.17665782570838928,-0.01943039707839489,0.48501306772232056,0.16645276546478271,-0.026793507859110832,0.40686529874801636,0.2077465057373047,-0.009070714935660362,0.4471801817417145,0.17897281050682068,-0.020217273384332657,0.471981406211853,0.1645779311656952,-0.030866781249642372,0.4923180341720581,0.14982256293296814,-0.038656655699014664,0.3986148536205292,0.21212641894817352,-0.01876295916736126,0.43669816851615906,0.18171536922454834,-0.030117718502879143,0.4589453339576721,0.16609452664852142,-0.039095647633075714,0.47747689485549927,0.15197095274925232,-0.04527708888053894,0.3862331509590149,0.2223483771085739,-0.02838936820626259,0.4086484909057617,0.20298880338668823,-0.038741230964660645,0.4233417809009552,0.18978655338287354,-0.04422185197472572,0.4370902478694916,0.17843270301818848,-0.048136647790670395
20,left,0,0,0,0,0,0,0,0,0,0,0,0,0,0,0,0,0,0,0,0,0,0,0,0,0,0,0,0,0,0,0,0,0,0,0,0,0,0,0,0,0,0,0,0,0,0,0,0,0,0,0,0,0,0,0,0,0,0,0,0,0,0,0
21,right,0.27749353647232056,0.25040754675865173,2.89218576199346e-07,0.3245309293270111,0.2747153639793396,-0.00023607930052094162,0.3628557622432709,0.26719602942466736,-0.004136251751333475,0.38252338767051697,0.2558216154575348,-0.01082905288785696,0.3855956196784973,0.23804429173469543,-0.018415682017803192,0.367002010345459,0.17331601679325104,-0.0019409646047279239,0.41384753584861755,0.17278197407722473,-0.014913327991962433,0.44451478123664856,0.1661306768655777,-0.02741224691271782,0.4691050350666046,0.15785536170005798,-0.037388015538454056,0.3601946234703064,0.16950072348117828,-0.013392296619713306,0.41740256547927856,0.16657012701034546,-0.027038022875785828,0.4528389275074005,0.16020932793617249,-0.04065217822790146,0.48344382643699646,0.1496811807155609,-0.05052235722541809,0.35448575019836426,0.18032360076904297,-0.025658603757619858,0.411703884601593,0.173451229929924,-0.03806377202272415,0.44607338309288025,0.16598522663116455,-0.049338340759277344,0.4735519289970398,0.15464811027050018,-0.05731789395213127,0.3496358394622803,0.20326349139213562,-0.03830667585134506,0.3883114159107208,0.19627507030963898,-0.04831940680742264,0.41276806592941284,0.18571749329566956,-0.054744869470596313,0.43331509828567505,0.17470568418502808,-0.05967453494668007
21,left,0,0,0,0,0,0,0,0,0,0,0,0,0,0,0,0,0,0,0,0,0,0,0,0,0,0,0,0,0,0,0,0,0,0,0,0,0,0,0,0,0,0,0,0,0,0,0,0,0,0,0,0,0,0,0,0,0,0,0,0,0,0,0
22,right,0.31070101261138916,0.26236167550086975,9.966601766109306e-08,0.34740740060806274,0.27674639225006104,0.003534513060003519,0.37573015689849854,0.26613330841064453,0.0018146616639569402,0.3898889720439911,0.2546535134315491,-0.0030414012726396322,0.39797359704971313,0.23829272389411926,-0.009426703676581383,0.4042517840862274,0.1986832618713379,0.004433106631040573,0.44516411423683167,0.17804767191410065,-0.00473684212192893,0.46773561835289,0.168395534157753,-0.013283892534673214,0.4857693910598755,0.15943460166454315,-0.020394694060087204,0.4003697335720062,0.19487987458705902,-0.006628218572586775,0.4463949203491211,0.17317360639572144,-0.016752926632761955,0.4726385176181793,0.16290169954299927,-0.02704682946205139,0.49458977580070496,0.1520901471376419,-0.03485307842493057,0.3910219073295593,0.20020131766796112,-0.01869061589241028,0.43525925278663635,0.17531220614910126,-0.0303339883685112,0.4597301781177521,0.16259904205799103,-0.039987776428461075,0.4802607297897339,0.15023192763328552,-0.04700949043035507,0.3781418204307556,0.2134273201227188,-0.030372099950909615,0.403584748506546,0.19906896352767944,-0.04190947115421295,0.4207102656364441,0.18683138489723206,-0.04821392893791199,0.4366101622581482,0.17556056380271912,-0.05288593843579292
22,left,0,0,0,0,0,0,0,0,0,0,0,0,0,0,0,0,0,0,0,0,0,0,0,0,0,0,0,0,0,0,0,0,0,0,0,0,0,0,0,0,0,0,0,0,0,0,0,0,0,0,0,0,0,0,0,0,0,0,0,0,0,0,0
23,right,0.27495306730270386,0.24818262457847595,2.7169551231054356e-07,0.32592207193374634,0.2728671431541443,0.003202374093234539,0.3631218671798706,0.26533350348472595,0.00016062257054727525,0.3798390030860901,0.2546950578689575,-0.006699750665575266,0.38863617181777954,0.23786400258541107,-0.014401169493794441,0.36835309863090515,0.17043769359588623,0.0005572083173319697,0.41702476143836975,0.16895979642868042,-0.012783635407686234,0.448394238948822,0.16318559646606445,-0.02527419850230217,0.4733211100101471,0.1557675004005432,-0.03503815084695816,0.3604065775871277,0.16693313419818878,-0.012802910059690475,0.41931894421577454,0.1621801257133484,-0.027296768501400948,0.455696702003479,0.15415865182876587,-0.04149883612990379,0.48678773641586304,0.14168322086334229,-0.05160609260201454,0.3551277816295624,0.17937318980693817,-0.026798592880368233,0.41382452845573425,0.17031285166740417,-0.039677929133176804,0.44862377643585205,0.16131912171840668,-0.051007241010665894,0.4767400622367859,0.14768946170806885,-0.058975156396627426,0.3525312542915344,0.2044520080089569,-0.04089439660310745,0.39144134521484375,0.1966991424560547,-0.0510123036801815,0.41590920090675354,0.18467308580875397,-0.057045623660087585,0.4363163411617279,0.1711421012878418,-0.06162819266319275
23,left,0,0,0,0,0,0,0,0,0,0,0,0,0,0,0,0,0,0,0,0,0,0,0,0,0,0,0,0,0,0,0,0,0,0,0,0,0,0,0,0,0,0,0,0,0,0,0,0,0,0,0,0,0,0,0,0,0,0,0,0,0,0,0
24,right,0.30386990308761597,0.25687292218208313,1.1741006034071688e-07,0.3450535535812378,0.27622196078300476,0.003398670582100749,0.37573978304862976,0.2665870189666748,0.0020379857160151005,0.39046144485473633,0.2574175298213959,-0.0027365016285330057,0.398204505443573,0.24471122026443481,-0.009256014600396156,0.4015578031539917,0.18988186120986938,0.006122574210166931,0.44208255410194397,0.17236368358135223,-0.0033538606949150562,0.4651561379432678,0.16290394961833954,-0.013241871260106564,0.48401206731796265,0.15279610455036163,-0.02180556207895279,0.3962096869945526,0.18539394438266754,-0.005864161532372236,0.4434414505958557,0.16693022847175598,-0.015971330925822258,0.47074347734451294,0.1570301055908203,-0.027887217700481415,0.493947297334671,0.14468972384929657,-0.03738003969192505,0.3859175145626068,0.19120937585830688,-0.01895996555685997,0.4307595193386078,0.16988414525985718,-0.030675286427140236,0.4569345712661743,0.15913450717926025,-0.04125884175300598,0.4791164696216583,0.14660370349884033,-0.04924988001585007,0.37255167961120605,0.20689304172992706,-0.031871192157268524,0.3991374373435974,0.19498826563358307,-0.04353152960538864,0.4180349111557007,0.1840713918209076,-0.05002842843532562,0.4355352520942688,0.17349302768707275,-0.05506571754813194
24,left,0,0,0,0,0,0,0,0,0,0,0,0,0,0,0,0,0,0,0,0,0,0,0,0,0,0,0,0,0,0,0,0,0,0,0,0,0,0,0,0,0,0,0,0,0,0,0,0,0,0,0,0,0,0,0,0,0,0,0,0,0,0,0
25,right,0.2728044390678406,0.24964864552021027,2.5963908001358504e-07,0.32468917965888977,0.2734357714653015,0.0036268308758735657,0.36198633909225464,0.26490774750709534,0.0005862716934643686,0.37847861647605896,0.25304093956947327,-0.006277487613260746,0.3857720196247101,0.23660406470298767,-0.014130772091448307,0.36842092871665955,0.16948752105236053,4.1435072489548475e-05,0.4164236783981323,0.1677783578634262,-0.013613030314445496,0.4473784565925598,0.16157357394695282,-0.02665245346724987,0.47230061888694763,0.1541997492313385,-0.03704727068543434,0.3599603772163391,0.16673296689987183,-0.013937929645180702,0.4194715917110443,0.16244757175445557,-0.028698192909359932,0.45485159754753113,0.1544293463230133,-0.043613746762275696,0.48557355999946594,0.1418600231409073,-0.05441432446241379,0.3536635935306549,0.17975006997585297,-0.028459589928388596,0.4127975404262543,0.1709643006324768,-0.04151634871959686,0.44754037261009216,0.1615838259458542,-0.053669366985559464,0.47615617513656616,0.1478448510169983,-0.06243064999580383,0.3498053252696991,0.2044910192489624,-0.04299710690975189,0.38872283697128296,0.19721408188343048,-0.0531233586370945,0.41342052817344666,0.18501749634742737,-0.05966544523835182,0.4346846342086792,0.1717597395181656,-0.06488973647356033
25,left,0,0,0,0,0,0,0,0,0,0,0,0,0,0,0,0,0,0,0,0,0,0,0,0,0,0,0,0,0,0,0,0,0,0,0,0,0,0,0,0,0,0,0,0,0,0,0,0,0,0,0,0,0,0,0,0,0,0,0,0,0,0,0
26,right,0.30028295516967773,0.25408148765563965,1.5926833896173775e-07,0.3401608169078827,0.2730593979358673,-0.003115706378594041,0.37112393975257874,0.26543867588043213,-0.008857800625264645,0.38608595728874207,0.25383180379867554,-0.01697862148284912,0.3935213088989258,0.23313111066818237,-0.026575500145554543,0.3966802656650543,0.18948763608932495,-0.003268966916948557,0.43803465366363525,0.1723090410232544,-0.016374342143535614,0.46171218156814575,0.16384868323802948,-0.029106592759490013,0.48196184635162354,0.15380290150642395,-0.03947021812200546,0.3917248249053955,0.18635132908821106,-0.013340557925403118,0.43983131647109985,0.16699537634849548,-0.027146345004439354,0.46758806705474854,0.15562525391578674,-0.04158609360456467,0.49134522676467896,0.14102233946323395,-0.05275893583893776,0.38215526938438416,0.19302338361740112,-0.024739162996411324,0.4293617606163025,0.1728820651769638,-0.03872612863779068,0.4558875262737274,0.16064323484897614,-0.0503225214779377,0.4777546525001526,0.1469239890575409,-0.058903634548187256,0.3696255683898926,0.20884574949741364,-0.03651515394449234,0.39892342686653137,0.1969638615846634,-0.04872574284672737,0.41857051849365234,0.1855487823486328,-0.055627722293138504,0.436788946390152,0.1741458922624588,-0.06106410548090935
26,left,0,0,0,0,0,0,0,0,0,0,0,0,0,0,0,0,0,0,0,0,0,0,0,0,0,0,0,0,0,0,0,0,0,0,0,0,0,0,0,0,0,0,0,0,0,0,0,0,0,0,0,0,0,0,0,0,0,0,0,0,0,0,0
27,right,0.2746226489543915,0.24978862702846527,2.4479135163346655e-07,0.3232766389846802,0.27249157428741455,0.002893974771723151,0.36072880029678345,0.26471367478370667,-0.00011047789303120226,0.37734171748161316,0.2512698471546173,-0.00668698875233531,0.38372665643692017,0.23138496279716492,-0.013825207017362118,0.36906975507736206,0.16988150775432587,0.0009061755845323205,0.4156123697757721,0.1657291054725647,-0.012418273836374283,0.4458010196685791,0.1580345183610916,-0.024782270193099976,0.4701620042324066,0.15027526021003723,-0.03426918759942055,0.3612093925476074,0.16658952832221985,-0.01210459042340517,0.41891250014305115,0.16022571921348572,-0.026224886998534203,0.4538153111934662,0.15072301030158997,-0.03950680047273636,0.4837397038936615,0.13889586925506592,-0.04877118393778801,0.35561951994895935,0.1786813735961914,-0.0259089358150959,0.4142235219478607,0.16953019797801971,-0.038219474256038666,0.4485725462436676,0.15937575697898865,-0.048908624798059464,0.47686517238616943,0.14634981751441956,-0.05627831444144249,0.35265979170799255,0.20273704826831818,-0.03989264741539955,0.39261698722839355,0.195656418800354,-0.04892029985785484,0.417154997587204,0.1830652803182602,-0.054430585354566574,0.43788260221481323,0.1693146675825119,-0.058656517416238785
27,left,0,0,0,0,0,0,0,0,0,0,0,0,0,0,0,0,0,0,0,0,0,0,0,0,0,0,0,0,0,0,0,0,0,0,0,0,0,0,0,0,0,0,0,0,0,0,0,0,0,0,0,0,0,0,0,0,0,0,0,0,0,0,0
28,right,0.30573779344558716,0.25855985283851624,1.2160946027961472e-07,0.3451787829399109,0.27553629875183105,0.001522405305877328,0.37415236234664917,0.26565021276474,-0.0012710699811577797,0.3872746229171753,0.2541205883026123,-0.00697630038484931,0.39439091086387634,0.2383672297000885,-0.014190230518579483,0.4010971784591675,0.19184932112693787,0.0026970088947564363,0.44197195768356323,0.17207321524620056,-0.007983948104083538,0.46507367491722107,0.16303172707557678,-0.018342435359954834,0.48412707448005676,0.154134601354599,-0.02686106413602829,0.3961581587791443,0.1885288804769516,-0.008069990202784538,0.4431263208389282,0.16748003661632538,-0.01956966519355774,0.47049546241760254,0.1577681005001068,-0.03163912147283554,0.4939713180065155,0.14617107808589935,-0.040877990424633026,0.38657963275909424,0.1951233595609665,-0.02000228501856327,0.4326188862323761,0.17226333916187286,-0.0325932614505291,0.4588833451271057,0.1605469137430191,-0.04335805028676987,0.48089727759361267,0.1481461077928543,-0.05116942152380943,0.37412551045417786,0.21066944301128387,-0.03178056329488754,0.4017387926578522,0.19771945476531982,-0.043587785214185715,0.420484721660614,0.18595781922340393,-0.05033561959862709,0.43785837292671204,0.17451372742652893,-0.05546851456165314
28,left,0,0,0,0,0,0,0,0,0,0,0,0,0,0,0,0,0,0,0,0,0,0,0,0,0,0,0,0,0,0,0,0,0,0,0,0,0,0,0,0,0,0,0,0,0,0,0,0,0,0,0,0,0,0,0,0,0,0,0,0,0,0,0
29,right,0.2744681239128113,0.24959133565425873,2.572327559846599e-07,0.32519155740737915,0.2729816436767578,0.0032666658516973257,0.3623366057872772,0.26442620158195496,0.00019863607303705066,0.379329115152359,0.2522673010826111,-0.006633949466049671,0.38678404688835144,0.23378151655197144,-0.014276229776442051,0.3683096170425415,0.16866637766361237,0.0009127639350481331,0.4158119261264801,0.16699959337711334,-0.012563069351017475,0.4464765787124634,0.1608721911907196,-0.02525639533996582,0.47114288806915283,0.15378861129283905,-0.03530998155474663,0.3604566752910614,0.16587182879447937,-0.012686297297477722,0.4194232225418091,0.16098743677139282,-0.027282007038593292,0.454509973526001,0.15301825106143951,-0.04146377742290497,0.48474568128585815,0.14121799170970917,-0.05155453458428383,0.354888379573822,0.17850326001644135,-0.026993539184331894,0.4135720431804657,0.16989099979400635,-0.0399535670876503,0.4478587210178375,0.160858616232872,-0.051300402730703354,0.47611770033836365,0.14753583073616028,-0.059349175542593,0.35168445110321045,0.2030511498451233,-0.041399914771318436,0.39007025957107544,0.19601154327392578,-0.05160423368215561,0.4143392741680145,0.18376676738262177,-0.05783309414982796,0.4352002441883087,0.17017367482185364,-0.06266231089830399
29,left,0,0,0,0,0,0,0,0,0,0,0,0,0,0,0,0,0,0,0,0,0,0,0,0,0,0,0,0,0,0,0,0,0,0,0,0,0,0,0,0,0,0,0,0,0,0,0,0,0,0,0,0,0,0,0,0,0,0,0,0,0,0,0
30,right,0.30685827136039734,0.25964000821113586,1.3577752611126925e-07,0.3466719090938568,0.2767324447631836,0.0015614236472174525,0.37597495317459106,0.2672711908817291,-0.0009761001565493643,0.3899212181568146,0.2553061544895172,-0.00661409692838788,0.3972190320491791,0.23764847218990326,-0.013778501190245152,0.4002160429954529,0.19249817728996277,0.004158691503107548,0.4410094916820526,0.17371729016304016,-0.005718965549021959,0.46426841616630554,0.16371172666549683,-0.015532681718468666,0.48350605368614197,0.15326128900051117,-0.023798076435923576,0.3954613208770752,0.1880502849817276,-0.0066304439678788185,0.4434492290019989,0.1683329939842224,-0.017206992954015732,0.4705613851547241,0.15788188576698303,-0.028802618384361267,0.49399635195732117,0.1449798196554184,-0.03781268373131752,0.38630515336990356,0.19335030019283295,-0.0186513289809227,0.4322377145290375,0.17193126678466797,-0.03023873269557953,0.45826491713523865,0.15975533425807953,-0.040500931441783905,0.4801519513130188,0.1464490443468094,-0.04810997471213341,0.3740352988243103,0.20771680772304535,-0.030665794387459755,0.4017573595046997,0.1948430836200714,-0.04133278504014015,0.4203808605670929,0.18329741060733795,-0.04745045676827431,0.437630832195282,0.17202900350093842,-0.0522797517478466
30,left,0,0,0,0,0,0,0,0,0,0,0,0,0,0,0,0,0,0,0,0,0,0,0,0,0,0,0,0,0,0,0,0,0,0,0,0,0,0,0,0,0,0,0,0,0,0,0,0,0,0,0,0,0,0,0,0,0,0,0,0,0,0,0
31,right,0.2746868431568146,0.24896854162216187,2.668971319508273e-07,0.32590824365615845,0.2724681496620178,0.0027650962583720684,0.36274027824401855,0.2646450102329254,-0.0007041083881631494,0.3799113929271698,0.25282901525497437,-0.00790201686322689,0.3866187334060669,0.2343713939189911,-0.016052743420004845,0.36860886216163635,0.168920636177063,0.0005425122799351811,0.41577285528182983,0.16740469634532928,-0.012716974131762981,0.44661176204681396,0.1608121395111084,-0.025421472266316414,0.47141388058662415,0.1527959257364273,-0.035601768642663956,0.36088478565216064,0.16589456796646118,-0.012998529709875584,0.41927582025527954,0.1608205884695053,-0.027192329987883568,0.4546152353286743,0.15259799361228943,-0.041531577706336975,0.48510754108428955,0.13997335731983185,-0.05196317285299301,0.35513928532600403,0.17811553180217743,-0.027215704321861267,0.4130949378013611,0.1699499785900116,-0.03997031971812248,0.4474826753139496,0.16094650328159332,-0.05145403370261192,0.47554388642311096,0.14731213450431824,-0.059747859835624695,0.35120946168899536,0.2022632658481598,-0.04158824309706688,0.3897884786128998,0.1956893801689148,-0.05170145630836487,0.414349764585495,0.18369290232658386,-0.05799194052815437,0.4351893961429596,0.17033028602600098,-0.06295760720968246
31,left,0,0,0,0,0,0,0,0,0,0,0,0,0,0,0,0,0,0,0,0,0,0,0,0,0,0,0,0,0,0,0,0,0,0,0,0,0,0,0,0,0,0,0,0,0,0,0,0,0,0,0,0,0,0,0,0,0,0,0,0,0,0,0
32,right,0.30287882685661316,0.2585756778717041,1.808236760325599e-07,0.342904657125473,0.2773509621620178,-0.00177347706630826,0.37367093563079834,0.26869091391563416,-0.0063208770006895065,0.3870322108268738,0.2560587525367737,-0.01326126977801323,0.3929414451122284,0.23830151557922363,-0.021621810272336006,0.3965793550014496,0.1887633055448532,-0.0010596211068332195,0.43932345509529114,0.17471671104431152,-0.012544617056846619,0.46362048387527466,0.16749531030654907,-0.02338724583387375,0.48368483781814575,0.1583309769630432,-0.03233419731259346,0.3918890058994293,0.1835441142320633,-0.010620181448757648,0.44187402725219727,0.1676173359155655,-0.022316042333841324,0.4702211320400238,0.15763799846172333,-0.03430401533842087,0.4943801760673523,0.14406061172485352,-0.043637968599796295,0.3828766345977783,0.18942248821258545,-0.021486477926373482,0.43070122599601746,0.17038767039775848,-0.03373310714960098,0.45746931433677673,0.15859580039978027,-0.04388931766152382,0.47975286841392517,0.14446419477462769,-0.05142197012901306,0.3706515431404114,0.20501963794231415,-0.032635584473609924,0.40010321140289307,0.19454219937324524,-0.043360695242881775,0.42000049352645874,0.1836967170238495,-0.04936188831925392,0.4382613003253937,0.17250218987464905,-0.054133858531713486
32,left,0,0,0,0,0,0,0,0,0,0,0,0,0,0,0,0,0,0,0,0,0,0,0,0,0,0,0,0,0,0,0,0,0,0,0,0,0,0,0,0,0,0,0,0,0,0,0,0,0,0,0,0,0,0,0,0,0,0,0,0,0,0,0
33,right,0.2728843688964844,0.2483067810535431,2.704333041947393e-07,0.3236871063709259,0.2711341381072998,0.0022545834071934223,0.36169013381004333,0.26367655396461487,-0.0015631705755367875,0.3785354197025299,0.2513521611690521,-0.00876608770340681,0.3856651186943054,0.2320057898759842,-0.016963696107268333,0.3690173625946045,0.16830705106258392,-0.0012424596352502704,0.416312575340271,0.16650989651679993,-0.015047973021864891,0.446975439786911,0.15989643335342407,-0.028199657797813416,0.4721117913722992,0.1527513563632965,-0.03859987109899521,0.3611588478088379,0.16604234278202057,-0.014397581107914448,0.4194723963737488,0.16109761595726013,-0.028789356350898743,0.45535731315612793,0.15264536440372467,-0.043703291565179825,0.4867551922798157,0.14038635790348053,-0.05467529967427254,0.3549898564815521,0.17868031561374664,-0.02817835845053196,0.41389182209968567,0.16923148930072784,-0.041231852024793625,0.4491070508956909,0.15837614238262177,-0.053921159356832504,0.4782921075820923,0.14412295818328857,-0.06311479955911636,0.3507131338119507,0.20296436548233032,-0.041999537497758865,0.39046579599380493,0.19594807922840118,-0.051990676671266556,0.4154587686061859,0.18339252471923828,-0.05894436314702034,0.43696287274360657,0.17000028491020203,-0.06454938650131226
33,left,0,0,0,0,0,0,0,0,0,0,0,0,0,0,0,0,0,0,0,0,0,0,0,0,0,0,0,0,0,0,0,0,0,0,0,0,0,0,0,0,0,0,0,0,0,0,0,0,0,0,0,0,0,0,0,0,0,0,0,0,0,0,0
34,right,0.29248183965682983,0.2464027851819992,1.8419703451399982e-07,0.3369506597518921,0.27098190784454346,-0.000957345066126436,0.3711772561073303,0.26078757643699646,-0.005430382210761309,0.38803502917289734,0.2511241137981415,-0.012504122219979763,0.3966046869754791,0.237766832113266,-0.020906006917357445,0.3887285590171814,0.171092227101326,-0.0018304853001609445,0.4349633455276489,0.16128841042518616,-0.01479953620582819,0.46131330728530884,0.15654981136322021,-0.027027811855077744,0.4824914038181305,0.1508650928735733,-0.03696557134389877,0.38258111476898193,0.16840341687202454,-0.012931933626532555,0.43657705187797546,0.15713246166706085,-0.026662180200219154,0.46669280529022217,0.15093399584293365,-0.03987365961074829,0.4923972487449646,0.1411902755498886,-0.04982799291610718,0.37400418519973755,0.17883899807929993,-0.025243490934371948,0.42689645290374756,0.16320371627807617,-0.03949567675590515,0.4560762941837311,0.1541302502155304,-0.05025612190365791,0.48069900274276733,0.14211054146289825,-0.058051854372024536,0.36427947878837585,0.20126928389072418,-0.037753742188215256,0.3959963619709015,0.19214323163032532,-0.05077115446329117,0.4174360930919647,0.18122120201587677,-0.05746401101350784,0.43772977590560913,0.170036181807518,-0.06241185590624809
34,left,0,0,0,0,0,0,0,0,0,0,0,0,0,0,0,0,0,0,0,0,0,0,0,0,0,0,0,0,0,0,0,0,0,0,0,0,0,0,0,0,0,0,0,0,0,0,0,0,0,0,0,0,0,0,0,0,0,0,0,0,0,0,0
35,right,0.2717590928077698,0.24979868531227112,2.5557514504725987e-07,0.32100093364715576,0.27081507444381714,0.002882802626118064,0.3605252504348755,0.26104748249053955,-0.0009091334068216383,0.3775991201400757,0.25001606345176697,-0.008153105154633522,0.38504743576049805,0.2349112629890442,-0.01641015335917473,0.36806413531303406,0.1680833399295807,-0.002936070319265127,0.41810569167137146,0.16253823041915894,-0.016625700518488884,0.4500194191932678,0.15460899472236633,-0.02935801073908806,0.4756282567977905,0.14740201830863953,-0.03955329954624176,0.3595137894153595,0.1661921739578247,-0.016362540423870087,0.416129469871521,0.16700929403305054,-0.031952470541000366,0.4498828053474426,0.16596472263336182,-0.04648800939321518,0.4784170389175415,0.160582035779953,-0.056786734610795975,0.3523389399051666,0.179557666182518,-0.03029751218855381,0.41151607036590576,0.16714681684970856,-0.043568529188632965,0.44745445251464844,0.1547503024339676,-0.055960673838853836,0.4779495298862457,0.13983657956123352,-0.06513413786888123,0.34833940863609314,0.20418423414230347,-0.044176649302244186,0.3875778615474701,0.19432806968688965,-0.054007068276405334,0.4129032790660858,0.18154919147491455,-0.060566727072000504,0.4346229135990143,0.1689130663871765,-0.06611324846744537
35,left,0,0,0,0,0,0,0,0,0,0,0,0,0,0,0,0,0,0,0,0,0,0,0,0,0,0,0,0,0,0,0,0,0,0,0,0,0,0,0,0,0,0,0,0,0,0,0,0,0,0,0,0,0,0,0,0,0,0,0,0,0,0,0
36,right,0.294124960899353,0.24796408414840698,2.0436165470982814e-07,0.33624404668807983,0.27076759934425354,-0.005369469989091158,0.3674176335334778,0.2618412375450134,-0.012811067514121532,0.3820728063583374,0.251028835773468,-0.022391075268387794,0.3904578983783722,0.23460976779460907,-0.03322833031415939,0.3903658390045166,0.1776961088180542,-0.005958521738648415,0.43432947993278503,0.16572776436805725,-0.021136384457349777,0.4600117802619934,0.15913669764995575,-0.03518189489841461,0.4811212122440338,0.15213602781295776,-0.04628726467490196,0.38523000478744507,0.17544154822826385,-0.01610829494893551,0.43636706471443176,0.16026246547698975,-0.03203415870666504,0.46619850397109985,0.1506156623363495,-0.04698104038834572,0.49123284220695496,0.13902781903743744,-0.05793451517820358,0.37609511613845825,0.1846965253353119,-0.027889179065823555,0.42674028873443604,0.16677211225032806,-0.044014040380716324,0.4552690386772156,0.15523070096969604,-0.055775877088308334,0.4789389371871948,0.14169055223464966,-0.06393026560544968,0.36463049054145813,0.20516975224018097,-0.04023895412683487,0.3971529006958008,0.19588428735733032,-0.05427353456616402,0.41836443543434143,0.18378816545009613,-0.061333928257226944,0.43769705295562744,0.17135708034038544,-0.06641187518835068
36,left,0,0,0,0,0,0,0,0,0,0,0,0,0,0,0,0,0,0,0,0,0,0,0,0,0,0,0,0,0,0,0,0,0,0,0,0,0,0,0,0,0,0,0,0,0,0,0,0,0,0,0,0,0,0,0,0,0,0,0,0,0,0,0
