1,right,0.15463362634181976,0.4897693395614624,6.386865152308019e-07,0.21518763899803162,0.5122586488723755,-0.024529779329895973,0.25785374641418457,0.5716267228126526,-0.054404083639383316,0.271398663520813,0.6382009983062744,-0.0782395750284195,0.2832144498825073,0.684279203414917,-0.10155212134122849,0.23869283497333527,0.5182629227638245,-0.09778754413127899,0.23361870646476746,0.6422085165977478,-0.137550488114357,0.22712600231170654,0.7107639312744141,-0.16358578205108643,0.22216971218585968,0.7672175765037537,-0.18029698729515076,0.1816464364528656,0.5127010941505432,-0.10202261060476303,0.18870940804481506,0.6533709168434143,-0.14167818427085876,0.20167455077171326,0.6504939794540405,-0.14758539199829102,0.2127099633216858,0.6305233240127563,-0.15239325165748596,0.1325910985469818,0.5248552560806274,-0.10346037894487381,0.1548900306224823,0.6581217646598816,-0.12356869131326675,0.17188656330108643,0.6394761800765991,-0.10010328888893127,0.18175466358661652,0.6059544682502747,-0.084968201816082,0.09641502797603607,0.5389333367347717,-0.10795236378908157,0.12014447152614594,0.6437740921974182,-0.11286060512065887,0.13729272782802582,0.6311763525009155,-0.09037984907627106,0.1436343789100647,0.6015875339508057,-0.07496628165245056
1,left,0,0,0,0,0,0,0,0,0,0,0,0,0,0,0,0,0,0,0,0,0,0,0,0,0,0,0,0,0,0,0,0,0,0,0,0,0,0,0,0,0,0,0,0,0,0,0,0,0,0,0,0,0,0,0,0,0,0,0,0,0,0,0
2,right,0.15885895490646362,0.49814391136169434,7.008729312474316e-07,0.2182987928390503,0.5251709222793579,-0.027369806542992592,0.25806862115859985,0.5884045958518982,-0.05671783536672592,0.2609840929508209,0.6564435958862305,-0.07793257385492325,0.26421162486076355,0.7080668210983276,-0.09825406223535538,0.2385435700416565,0.518561065196991,-0.10319796949625015,0.22266998887062073,0.6366037726402283,-0.14516867697238922,0.21729381382465363,0.7072957754135132,-0.1733952760696411,0.21126075088977814,0.7659145593643188,-0.1905757486820221,0.1814180314540863,0.5098644495010376,-0.1031448021531105,0.1872074007987976,0.6561271548271179,-0.14365997910499573,0.204949751496315,0.65141761302948,-0.14910002052783966,0.21698236465454102,0.6262863278388977,-0.15203535556793213,0.13356749713420868,0.5218966007232666,-0.10034767538309097,0.15491768717765808,0.6612509489059448,-0.11992915719747543,0.17662538588047028,0.6461394429206848,-0.09772510826587677,0.18942680954933167,0.6129583716392517,-0.08206682652235031,0.09901802241802216,0.5382734537124634,-0.10041646659374237,0.12017994374036789,0.644437849521637,-0.10237990319728851,0.14003008604049683,0.6306189894676208,-0.08029142022132874,0.14825841784477234,0.5974018573760986,-0.06512752175331116
2,left,0,0,0,0,0,0,0,0,0,0,0,0,0,0,0,0,0,0,0,0,0,0,0,0,0,0,0,0,0,0,0,0,0,0,0,0,0,0,0,0,0,0,0,0,0,0,0,0,0,0,0,0,0,0,0,0,0,0,0,0,0,0,0
3,right,0.16757170855998993,0.5228846073150635,7.193752367129491e-07,0.20708851516246796,0.5411790013313293,-0.028756173327565193,0.23060156404972076,0.6000112891197205,-0.06097755208611488,0.2204606980085373,0.6713550090789795,-0.08622010797262192,0.20976263284683228,0.7299209833145142,-0.11201032251119614,0.21146945655345917,0.5248681306838989,-0.10264118760824203,0.2027927041053772,0.6511946320533752,-0.13799679279327393,0.20482385158538818,0.7143711447715759,-0.15774951875209808,0.20316049456596375,0.7614811658859253,-0.16967500746250153,0.16589410603046417,0.5202416777610779,-0.10104944556951523,0.1730906069278717,0.6544675230979919,-0.13150186836719513,0.18907782435417175,0.6523603796958923,-0.12892697751522064,0.1976049691438675,0.6354142427444458,-0.12908127903938293,0.12900778651237488,0.5318523049354553,-0.09729669243097305,0.14784827828407288,0.6611738801002502,-0.11011210829019547,0.16868174076080322,0.6488405466079712,-0.08577379584312439,0.18025121092796326,0.6234073042869568,-0.07160021364688873,0.10231761634349823,0.5470056533813477,-0.09684910625219345,0.12057826668024063,0.6497336030006409,-0.09976129233837128,0.14164716005325317,0.648144006729126,-0.08155011385679245,0.15329812467098236,0.6268718242645264,-0.07048515230417252
3,left,0,0,0,0,0,0,0,0,0,0,0,0,0,0,0,0,0,0,0,0,0,0,0,0,0,0,0,0,0,0,0,0,0,0,0,0,0,0,0,0,0,0,0,0,0,0,0,0,0,0,0,0,0,0,0,0,0,0,0,0,0,0,0
4,right,0.14167337119579315,0.5270668864250183,6.370310643433186e-07,0.1769426167011261,0.5450734496116638,-0.02001843973994255,0.20289255678653717,0.5994669795036316,-0.04147307947278023,0.20196160674095154,0.6606512665748596,-0.05764373764395714,0.19470660388469696,0.7045947313308716,-0.07403287291526794,0.1957409381866455,0.546869695186615,-0.07172470539808273,0.19956865906715393,0.6629995703697205,-0.09540142118930817,0.2049034684896469,0.7163727283477783,-0.10727827250957489,0.20752212405204773,0.7528929710388184,-0.11372626572847366,0.16300109028816223,0.5399353504180908,-0.06923336535692215,0.17289994657039642,0.6641802191734314,-0.08721436560153961,0.18121762573719025,0.6711348295211792,-0.08214537054300308,0.18700410425662994,0.6611615419387817,-0.0798453688621521,0.13383936882019043,0.5472467541694641,-0.06481040269136429,0.14969280362129211,0.667919397354126,-0.06941117346286774,0.16307447850704193,0.6611371040344238,-0.04836181551218033,0.17267321050167084,0.6386401653289795,-0.03611781820654869,0.110883429646492,0.5567921996116638,-0.06266193091869354,0.12769410014152527,0.6528443098068237,-0.05997592583298683,0.14131343364715576,0.6507583856582642,-0.04257243126630783,0.1484222114086151,0.6286638975143433,-0.03135151043534279
4,left,0,0,0,0,0,0,0,0,0,0,0,0,0,0,0,0,0,0,0,0,0,0,0,0,0,0,0,0,0,0,0,0,0,0,0,0,0,0,0,0,0,0,0,0,0,0,0,0,0,0,0,0,0,0,0,0,0,0,0,0,0,0,0
5,right,0,0,0,0,0,0,0,0,0,0,0,0,0,0,0,0,0,0,0,0,0,0,0,0,0,0,0,0,0,0,0,0,0,0,0,0,0,0,0,0,0,0,0,0,0,0,0,0,0,0,0,0,0,0,0,0,0,0,0,0,0,0,0
5,left,0,0,0,0,0,0,0,0,0,0,0,0,0,0,0,0,0,0,0,0,0,0,0,0,0,0,0,0,0,0,0,0,0,0,0,0,0,0,0,0,0,0,0,0,0,0,0,0,0,0,0,0,0,0,0,0,0,0,0,0,0,0,0
6,right,0,0,0,0,0,0,0,0,0,0,0,0,0,0,0,0,0,0,0,0,0,0,0,0,0,0,0,0,0,0,0,0,0,0,0,0,0,0,0,0,0,0,0,0,0,0,0,0,0,0,0,0,0,0,0,0,0,0,0,0,0,0,0
6,left,0,0,0,0,0,0,0,0,0,0,0,0,0,0,0,0,0,0,0,0,0,0,0,0,0,0,0,0,0,0,0,0,0,0,0,0,0,0,0,0,0,0,0,0,0,0,0,0,0,0,0,0,0,0,0,0,0,0,0,0,0,0,0
7,right,0,0,0,0,0,0,0,0,0,0,0,0,0,0,0,0,0,0,0,0,0,0,0,0,0,0,0,0,0,0,0,0,0,0,0,0,0,0,0,0,0,0,0,0,0,0,0,0,0,0,0,0,0,0,0,0,0,0,0,0,0,0,0
7,left,0,0,0,0,0,0,0,0,0,0,0,0,0,0,0,0,0,0,0,0,0,0,0,0,0,0,0,0,0,0,0,0,0,0,0,0,0,0,0,0,0,0,0,0,0,0,0,0,0,0,0,0,0,0,0,0,0,0,0,0,0,0,0
8,right,0,0,0,0,0,0,0,0,0,0,0,0,0,0,0,0,0,0,0,0,0,0,0,0,0,0,0,0,0,0,0,0,0,0,0,0,0,0,0,0,0,0,0,0,0,0,0,0,0,0,0,0,0,0,0,0,0,0,0,0,0,0,0
8,left,0,0,0,0,0,0,0,0,0,0,0,0,0,0,0,0,0,0,0,0,0,0,0,0,0,0,0,0,0,0,0,0,0,0,0,0,0,0,0,0,0,0,0,0,0,0,0,0,0,0,0,0,0,0,0,0,0,0,0,0,0,0,0
9,right,0,0,0,0,0,0,0,0,0,0,0,0,0,0,0,0,0,0,0,0,0,0,0,0,0,0,0,0,0,0,0,0,0,0,0,0,0,0,0,0,0,0,0,0,0,0,0,0,0,0,0,0,0,0,0,0,0,0,0,0,0,0,0
9,left,0,0,0,0,0,0,0,0,0,0,0,0,0,0,0,0,0,0,0,0,0,0,0,0,0,0,0,0,0,0,0,0,0,0,0,0,0,0,0,0,0,0,0,0,0,0,0,0,0,0,0,0,0,0,0,0,0,0,0,0,0,0,0
10,right,0,0,0,0,0,0,0,0,0,0,0,0,0,0,0,0,0,0,0,0,0,0,0,0,0,0,0,0,0,0,0,0,0,0,0,0,0,0,0,0,0,0,0,0,0,0,0,0,0,0,0,0,0,0,0,0,0,0,0,0,0,0,0
10,left,0,0,0,0,0,0,0,0,0,0,0,0,0,0,0,0,0,0,0,0,0,0,0,0,0,0,0,0,0,0,0,0,0,0,0,0,0,0,0,0,0,0,0,0,0,0,0,0,0,0,0,0,0,0,0,0,0,0,0,0,0,0,0
11,right,0,0,0,0,0,0,0,0,0,0,0,0,0,0,0,0,0,0,0,0,0,0,0,0,0,0,0,0,0,0,0,0,0,0,0,0,0,0,0,0,0,0,0,0,0,0,0,0,0,0,0,0,0,0,0,0,0,0,0,0,0,0,0
11,left,0,0,0,0,0,0,0,0,0,0,0,0,0,0,0,0,0,0,0,0,0,0,0,0,0,0,0,0,0,0,0,0,0,0,0,0,0,0,0,0,0,0,0,0,0,0,0,0,0,0,0,0,0,0,0,0,0,0,0,0,0,0,0
12,right,0.13637417554855347,0.6191266775131226,-1.5173887391028984e-07,0.15924344956874847,0.6456533670425415,-0.03170732781291008,0.1735192984342575,0.6905072331428528,-0.05923883616924286,0.16389453411102295,0.7386372089385986,-0.08272670209407806,0.14871831238269806,0.7744805216789246,-0.10558856278657913,0.18729989230632782,0.6147225499153137,-0.07125353813171387,0.1588931679725647,0.6934517621994019,-0.11147566139698029,0.14912700653076172,0.7501099705696106,-0.1321958303451538,0.14880681037902832,0.7890540361404419,-0.14179639518260956,0.1519450694322586,0.5873945951461792,-0.0668163150548935,0.1216965764760971,0.70211261510849,-0.10410812497138977,0.11455273628234863,0.7693100571632385,-0.11018077284097672,0.11612638831138611,0.7978736162185669,-0.11111366003751755,0.1165577843785286,0.5749620795249939,-0.06388764828443527,0.08746793866157532,0.6815787553787231,-0.0954146534204483,0.08887650072574615,0.7407512664794922,-0.09020130336284637,0.09505756199359894,0.7656782269477844,-0.08235058933496475,0.08566489815711975,0.5751011371612549,-0.06359915435314178,0.0637362003326416,0.6554731726646423,-0.08848690986633301,0.0690183937549591,0.6994529962539673,-0.08810597658157349,0.07888932526111603,0.7192078828811646,-0.08317340910434723
12,left,0,0,0,0,0,0,0,0,0,0,0,0,0,0,0,0,0,0,0,0,0,0,0,0,0,0,0,0,0,0,0,0,0,0,0,0,0,0,0,0,0,0,0,0,0,0,0,0,0,0,0,0,0,0,0,0,0,0,0,0,0,0,0
13,right,0.13866741955280304,0.5331774353981018,1.1610362804503893e-07,0.1766965687274933,0.5777231454849243,-0.031450167298316956,0.18814408779144287,0.6390255689620972,-0.06438154727220535,0.16789039969444275,0.7095930576324463,-0.09379759430885315,0.14616139233112335,0.7642278075218201,-0.12285245209932327,0.17369084060192108,0.5708796977996826,-0.07739188522100449,0.1471785455942154,0.6795861124992371,-0.13151966035366058,0.14106535911560059,0.7533860206604004,-0.1684023141860962,0.14011067152023315,0.8077439665794373,-0.18702742457389832,0.12448613345623016,0.5482288599014282,-0.07767069339752197,0.08546938002109528,0.6711439490318298,-0.12030983716249466,0.08097681403160095,0.7136772274971008,-0.12734806537628174,0.0785929411649704,0.7211472392082214,-0.1275639832019806,0.07955153286457062,0.5425866842269897,-0.08005108684301376,0.054626330733299255,0.661558985710144,-0.10530608147382736,0.06729395687580109,0.6723689436912537,-0.08656981587409973,0.07980282604694366,0.6556708812713623,-0.06870762258768082,0.04720499366521835,0.5474668741226196,-0.08720845729112625,0.029859595000743866,0.6348093748092651,-0.10141674429178238,0.04527796059846878,0.6461179852485657,-0.08603282272815704,0.06166880577802658,0.6359180808067322,-0.0701691210269928
13,left,0,0,0,0,0,0,0,0,0,0,0,0,0,0,0,0,0,0,0,0,0,0,0,0,0,0,0,0,0,0,0,0,0,0,0,0,0,0,0,0,0,0,0,0,0,0,0,0,0,0,0,0,0,0,0,0,0,0,0,0,0,0,0
14,right,0,0,0,0,0,0,0,0,0,0,0,0,0,0,0,0,0,0,0,0,0,0,0,0,0,0,0,0,0,0,0,0,0,0,0,0,0,0,0,0,0,0,0,0,0,0,0,0,0,0,0,0,0,0,0,0,0,0,0,0,0,0,0
14,left,0,0,0,0,0,0,0,0,0,0,0,0,0,0,0,0,0,0,0,0,0,0,0,0,0,0,0,0,0,0,0,0,0,0,0,0,0,0,0,0,0,0,0,0,0,0,0,0,0,0,0,0,0,0,0,0,0,0,0,0,0,0,0
15,right,0,0,0,0,0,0,0,0,0,0,0,0,0,0,0,0,0,0,0,0,0,0,0,0,0,0,0,0,0,0,0,0,0,0,0,0,0,0,0,0,0,0,0,0,0,0,0,0,0,0,0,0,0,0,0,0,0,0,0,0,0,0,0
15,left,0,0,0,0,0,0,0,0,0,0,0,0,0,0,0,0,0,0,0,0,0,0,0,0,0,0,0,0,0,0,0,0,0,0,0,0,0,0,0,0,0,0,0,0,0,0,0,0,0,0,0,0,0,0,0,0,0,0,0,0,0,0,0
16,right,0,0,0,0,0,0,0,0,0,0,0,0,0,0,0,0,0,0,0,0,0,0,0,0,0,0,0,0,0,0,0,0,0,0,0,0,0,0,0,0,0,0,0,0,0,0,0,0,0,0,0,0,0,0,0,0,0,0,0,0,0,0,0
16,left,0,0,0,0,0,0,0,0,0,0,0,0,0,0,0,0,0,0,0,0,0,0,0,0,0,0,0,0,0,0,0,0,0,0,0,0,0,0,0,0,0,0,0,0,0,0,0,0,0,0,0,0,0,0,0,0,0,0,0,0,0,0,0
17,right,0,0,0,0,0,0,0,0,0,0,0,0,0,0,0,0,0,0,0,0,0,0,0,0,0,0,0,0,0,0,0,0,0,0,0,0,0,0,0,0,0,0,0,0,0,0,0,0,0,0,0,0,0,0,0,0,0,0,0,0,0,0,0
17,left,0,0,0,0,0,0,0,0,0,0,0,0,0,0,0,0,0,0,0,0,0,0,0,0,0,0,0,0,0,0,0,0,0,0,0,0,0,0,0,0,0,0,0,0,0,0,0,0,0,0,0,0,0,0,0,0,0,0,0,0,0,0,0
18,right,0,0,0,0,0,0,0,0,0,0,0,0,0,0,0,0,0,0,0,0,0,0,0,0,0,0,0,0,0,0,0,0,0,0,0,0,0,0,0,0,0,0,0,0,0,0,0,0,0,0,0,0,0,0,0,0,0,0,0,0,0,0,0
18,left,0,0,0,0,0,0,0,0,0,0,0,0,0,0,0,0,0,0,0,0,0,0,0,0,0,0,0,0,0,0,0,0,0,0,0,0,0,0,0,0,0,0,0,0,0,0,0,0,0,0,0,0,0,0,0,0,0,0,0,0,0,0,0
19,right,0,0,0,0,0,0,0,0,0,0,0,0,0,0,0,0,0,0,0,0,0,0,0,0,0,0,0,0,0,0,0,0,0,0,0,0,0,0,0,0,0,0,0,0,0,0,0,0,0,0,0,0,0,0,0,0,0,0,0,0,0,0,0
19,left,0,0,0,0,0,0,0,0,0,0,0,0,0,0,0,0,0,0,0,0,0,0,0,0,0,0,0,0,0,0,0,0,0,0,0,0,0,0,0,0,0,0,0,0,0,0,0,0,0,0,0,0,0,0,0,0,0,0,0,0,0,0,0
20,right,0,0,0,0,0,0,0,0,0,0,0,0,0,0,0,0,0,0,0,0,0,0,0,0,0,0,0,0,0,0,0,0,0,0,0,0,0,0,0,0,0,0,0,0,0,0,0,0,0,0,0,0,0,0,0,0,0,0,0,0,0,0,0
20,left,0,0,0,0,0,0,0,0,0,0,0,0,0,0,0,0,0,0,0,0,0,0,0,0,0,0,0,0,0,0,0,0,0,0,0,0,0,0,0,0,0,0,0,0,0,0,0,0,0,0,0,0,0,0,0,0,0,0,0,0,0,0,0
21,right,0,0,0,0,0,0,0,0,0,0,0,0,0,0,0,0,0,0,0,0,0,0,0,0,0,0,0,0,0,0,0,0,0,0,0,0,0,0,0,0,0,0,0,0,0,0,0,0,0,0,0,0,0,0,0,0,0,0,0,0,0,0,0
21,left,0,0,0,0,0,0,0,0,0,0,0,0,0,0,0,0,0,0,0,0,0,0,0,0,0,0,0,0,0,0,0,0,0,0,0,0,0,0,0,0,0,0,0,0,0,0,0,0,0,0,0,0,0,0,0,0,0,0,0,0,0,0,0
22,right,0,0,0,0,0,0,0,0,0,0,0,0,0,0,0,0,0,0,0,0,0,0,0,0,0,0,0,0,0,0,0,0,0,0,0,0,0,0,0,0,0,0,0,0,0,0,0,0,0,0,0,0,0,0,0,0,0,0,0,0,0,0,0
22,left,0,0,0,0,0,0,0,0,0,0,0,0,0,0,0,0,0,0,0,0,0,0,0,0,0,0,0,0,0,0,0,0,0,0,0,0,0,0,0,0,0,0,0,0,0,0,0,0,0,0,0,0,0,0,0,0,0,0,0,0,0,0,0
23,right,0,0,0,0,0,0,0,0,0,0,0,0,0,0,0,0,0,0,0,0,0,0,0,0,0,0,0,0,0,0,0,0,0,0,0,0,0,0,0,0,0,0,0,0,0,0,0,0,0,0,0,0,0,0,0,0,0,0,0,0,0,0,0
23,left,0,0,0,0,0,0,0,0,0,0,0,0,0,0,0,0,0,0,0,0,0,0,0,0,0,0,0,0,0,0,0,0,0,0,0,0,0,0,0,0,0,0,0,0,0,0,0,0,0,0,0,0,0,0,0,0,0,0,0,0,0,0,0
24,right,0,0,0,0,0,0,0,0,0,0,0,0,0,0,0,0,0,0,0,0,0,0,0,0,0,0,0,0,0,0,0,0,0,0,0,0,0,0,0,0,0,0,0,0,0,0,0,0,0,0,0,0,0,0,0,0,0,0,0,0,0,0,0
24,left,0,0,0,0,0,0,0,0,0,0,0,0,0,0,0,0,0,0,0,0,0,0,0,0,0,0,0,0,0,0,0,0,0,0,0,0,0,0,0,0,0,0,0,0,0,0,0,0,0,0,0,0,0,0,0,0,0,0,0,0,0,0,0
25,right,0,0,0,0,0,0,0,0,0,0,0,0,0,0,0,0,0,0,0,0,0,0,0,0,0,0,0,0,0,0,0,0,0,0,0,0,0,0,0,0,0,0,0,0,0,0,0,0,0,0,0,0,0,0,0,0,0,0,0,0,0,0,0
25,left,0,0,0,0,0,0,0,0,0,0,0,0,0,0,0,0,0,0,0,0,0,0,0,0,0,0,0,0,0,0,0,0,0,0,0,0,0,0,0,0,0,0,0,0,0,0,0,0,0,0,0,0,0,0,0,0,0,0,0,0,0,0,0
26,right,0,0,0,0,0,0,0,0,0,0,0,0,0,0,0,0,0,0,0,0,0,0,0,0,0,0,0,0,0,0,0,0,0,0,0,0,0,0,0,0,0,0,0,0,0,0,0,0,0,0,0,0,0,0,0,0,0,0,0,0,0,0,0
26,left,0,0,0,0,0,0,0,0,0,0,0,0,0,0,0,0,0,0,0,0,0,0,0,0,0,0,0,0,0,0,0,0,0,0,0,0,0,0,0,0,0,0,0,0,0,0,0,0,0,0,0,0,0,0,0,0,0,0,0,0,0,0,0
27,right,0.12183566391468048,0.604904294013977,3.995742474671715e-07,0.15980401635169983,0.6172579526901245,-0.01536111906170845,0.18178987503051758,0.6561817526817322,-0.031510692089796066,0.17629167437553406,0.6969240307807922,-0.04283125326037407,0.16454428434371948,0.7245153188705444,-0.05508001148700714,0.16555581986904144,0.6255268454551697,-0.06275931000709534,0.1636040210723877,0.7106335759162903,-0.0830094963312149,0.16192518174648285,0.7670459747314453,-0.09589461982250214,0.15997493267059326,0.8061710596084595,-0.1041964739561081,0.1250346601009369,0.6306594610214233,-0.0611116997897625,0.13181181252002716,0.7051713466644287,-0.07803741097450256,0.14148443937301636,0.7189199924468994,-0.07768676429986954,0.14775075018405914,0.7165493965148926,-0.07776632159948349,0.09241215139627457,0.6400467157363892,-0.05699128285050392,0.10786139965057373,0.7151027321815491,-0.0645926222205162,0.12175435572862625,0.7226214408874512,-0.05001099407672882,0.12827511131763458,0.7103601694107056,-0.04020572453737259,0.0700286328792572,0.6530722975730896,-0.054058145731687546,0.08759976923465729,0.7147761583328247,-0.05700879916548729,0.099638432264328,0.7210078239440918,-0.04479888081550598,0.10417825728654861,0.7124645113945007,-0.035588815808296204
27,left,0,0,0,0,0,0,0,0,0,0,0,0,0,0,0,0,0,0,0,0,0,0,0,0,0,0,0,0,0,0,0,0,0,0,0,0,0,0,0,0,0,0,0,0,0,0,0,0,0,0,0,0,0,0,0,0,0,0,0,0,0,0,0
28,right,0.1116664707660675,0.5805479884147644,2.2402757338113588e-07,0.1496669054031372,0.5988608002662659,-0.015885425731539726,0.17245152592658997,0.6470792889595032,-0.03029835969209671,0.16635149717330933,0.6956382989883423,-0.04059349000453949,0.15387405455112457,0.7301943898200989,-0.05125471204519272,0.15548068284988403,0.6270861029624939,-0.05702574551105499,0.15979082882404327,0.7106634378433228,-0.07495342195034027,0.16354183852672577,0.7583214044570923,-0.08062656223773956,0.16289633512496948,0.7931705117225647,-0.08318120241165161,0.1197543740272522,0.6317905187606812,-0.05666477605700493,0.13443584740161896,0.7223671674728394,-0.07659026980400085,0.1461201161146164,0.7388570308685303,-0.07708539813756943,0.14770887792110443,0.7401136755943298,-0.07481053471565247,0.08783818781375885,0.6395578384399414,-0.05435623973608017,0.1074073389172554,0.7312024831771851,-0.0699792429804802,0.11960643529891968,0.7250904440879822,-0.060156602412462234,0.1188141256570816,0.7010347843170166,-0.04978976398706436,0.06238432228565216,0.6517221927642822,-0.05269787460565567,0.08562725782394409,0.7253615856170654,-0.06299027055501938,0.09697870165109634,0.7177149653434753,-0.05516096577048302,0.093056321144104,0.6926359534263611,-0.04694175347685814
28,left,0,0,0,0,0,0,0,0,0,0,0,0,0,0,0,0,0,0,0,0,0,0,0,0,0,0,0,0,0,0,0,0,0,0,0,0,0,0,0,0,0,0,0,0,0,0,0,0,0,0,0,0,0,0,0,0,0,0,0,0,0,0,0
29,right,0,0,0,0,0,0,0,0,0,0,0,0,0,0,0,0,0,0,0,0,0,0,0,0,0,0,0,0,0,0,0,0,0,0,0,0,0,0,0,0,0,0,0,0,0,0,0,0,0,0,0,0,0,0,0,0,0,0,0,0,0,0,0
29,left,0,0,0,0,0,0,0,0,0,0,0,0,0,0,0,0,0,0,0,0,0,0,0,0,0,0,0,0,0,0,0,0,0,0,0,0,0,0,0,0,0,0,0,0,0,0,0,0,0,0,0,0,0,0,0,0,0,0,0,0,0,0,0
30,right,0,0,0,0,0,0,0,0,0,0,0,0,0,0,0,0,0,0,0,0,0,0,0,0,0,0,0,0,0,0,0,0,0,0,0,0,0,0,0,0,0,0,0,0,0,0,0,0,0,0,0,0,0,0,0,0,0,0,0,0,0,0,0
30,left,0,0,0,0,0,0,0,0,0,0,0,0,0,0,0,0,0,0,0,0,0,0,0,0,0,0,0,0,0,0,0,0,0,0,0,0,0,0,0,0,0,0,0,0,0,0,0,0,0,0,0,0,0,0,0,0,0,0,0,0,0,0,0
31,right,0,0,0,0,0,0,0,0,0,0,0,0,0,0,0,0,0,0,0,0,0,0,0,0,0,0,0,0,0,0,0,0,0,0,0,0,0,0,0,0,0,0,0,0,0,0,0,0,0,0,0,0,0,0,0,0,0,0,0,0,0,0,0
31,left,0,0,0,0,0,0,0,0,0,0,0,0,0,0,0,0,0,0,0,0,0,0,0,0,0,0,0,0,0,0,0,0,0,0,0,0,0,0,0,0,0,0,0,0,0,0,0,0,0,0,0,0,0,0,0,0,0,0,0,0,0,0,0
32,right,0,0,0,0,0,0,0,0,0,0,0,0,0,0,0,0,0,0,0,0,0,0,0,0,0,0,0,0,0,0,0,0,0,0,0,0,0,0,0,0,0,0,0,0,0,0,0,0,0,0,0,0,0,0,0,0,0,0,0,0,0,0,0
32,left,0,0,0,0,0,0,0,0,0,0,0,0,0,0,0,0,0,0,0,0,0,0,0,0,0,0,0,0,0,0,0,0,0,0,0,0,0,0,0,0,0,0,0,0,0,0,0,0,0,0,0,0,0,0,0,0,0,0,0,0,0,0,0
33,right,0,0,0,0,0,0,0,0,0,0,0,0,0,0,0,0,0,0,0,0,0,0,0,0,0,0,0,0,0,0,0,0,0,0,0,0,0,0,0,0,0,0,0,0,0,0,0,0,0,0,0,0,0,0,0,0,0,0,0,0,0,0,0
33,left,0,0,0,0,0,0,0,0,0,0,0,0,0,0,0,0,0,0,0,0,0,0,0,0,0,0,0,0,0,0,0,0,0,0,0,0,0,0,0,0,0,0,0,0,0,0,0,0,0,0,0,0,0,0,0,0,0,0,0,0,0,0,0
34,right,0,0,0,0,0,0,0,0,0,0,0,0,0,0,0,0,0,0,0,0,0,0,0,0,0,0,0,0,0,0,0,0,0,0,0,0,0,0,0,0,0,0,0,0,0,0,0,0,0,0,0,0,0,0,0,0,0,0,0,0,0,0,0
34,left,0,0,0,0,0,0,0,0,0,0,0,0,0,0,0,0,0,0,0,0,0,0,0,0,0,0,0,0,0,0,0,0,0,0,0,0,0,0,0,0,0,0,0,0,0,0,0,0,0,0,0,0,0,0,0,0,0,0,0,0,0,0,0
35,right,0,0,0,0,0,0,0,0,0,0,0,0,0,0,0,0,0,0,0,0,0,0,0,0,0,0,0,0,0,0,0,0,0,0,0,0,0,0,0,0,0,0,0,0,0,0,0,0,0,0,0,0,0,0,0,0,0,0,0,0,0,0,0
35,left,0,0,0,0,0,0,0,0,0,0,0,0,0,0,0,0,0,0,0,0,0,0,0,0,0,0,0,0,0,0,0,0,0,0,0,0,0,0,0,0,0,0,0,0,0,0,0,0,0,0,0,0,0,0,0,0,0,0,0,0,0,0,0
36,right,0,0,0,0,0,0,0,0,0,0,0,0,0,0,0,0,0,0,0,0,0,0,0,0,0,0,0,0,0,0,0,0,0,0,0,0,0,0,0,0,0,0,0,0,0,0,0,0,0,0,0,0,0,0,0,0,0,0,0,0,0,0,0
36,left,0,0,0,0,0,0,0,0,0,0,0,0,0,0,0,0,0,0,0,0,0,0,0,0,0,0,0,0,0,0,0,0,0,0,0,0,0,0,0,0,0,0,0,0,0,0,0,0,0,0,0,0,0,0,0,0,0,0,0,0,0,0,0
