0.6714703440666199,0.7405792474746704,-0.12650085985660553,0.2584167420864105,0.7267603278160095,-0.43937015533447266
0.6713418364524841,0.7405932545661926,-0.128474622964859,0.2583996653556824,0.7275370955467224,-0.438717782497406
0.6713675260543823,0.7406396269798279,-0.1282913088798523,0.25845107436180115,0.7292097806930542,-0.4370105266571045
0.6713122725486755,0.7406842112541199,-0.1153239831328392,0.258362740278244,0.729250967502594,-0.42531055212020874
0.6711706519126892,0.7407211661338806,-0.1056792140007019,0.2582254111766815,0.7293882966041565,-0.42480558156967163
0.6711789965629578,0.7407530546188354,-0.10739467293024063,0.2581031024456024,0.7296891808509827,-0.4229544997215271
0.670711874961853,0.7405511140823364,-0.10785772651433945,0.2580520808696747,0.7298271059989929,-0.42001771926879883
0.670440673828125,0.7398785948753357,-0.1105923280119896,0.2579561173915863,0.7298577427864075,-0.4189557433128357
0.6704901456832886,0.7393079400062561,-0.11296620219945908,0.25781330466270447,0.7302933931350708,-0.42156070470809937
0.6701658964157104,0.7385658025741577,-0.10340376198291779,0.2575138211250305,0.7303161025047302,-0.42281103134155273
0.6689501404762268,0.7384483814239502,-0.09209990501403809,0.2570433020591736,0.7303248643875122,-0.42790332436561584
0.6688993573188782,0.738458514213562,-0.09273352473974228,0.25640106201171875,0.7306296825408936,-0.4277927279472351
0.6685095429420471,0.7383055090904236,-0.09297356009483337,0.2559879422187805,0.7306787371635437,-0.4327608644962311
0.6677458882331848,0.7379518151283264,-0.05825762078166008,0.25581976771354675,0.7315375804901123,-0.4330173432826996
0.6673098802566528,0.7379530668258667,-0.054604221135377884,0.25556430220603943,0.7316494584083557,-0.45610007643699646
0.667261004447937,0.7379025220870972,-0.03691759333014488,0.2558146119117737,0.7322813272476196,-0.4560810923576355
0.667231559753418,0.7378979325294495,-0.04118676483631134,0.25593727827072144,0.7341735363006592,-0.45718613266944885
0.6672556400299072,0.7381283640861511,-0.040759481489658356,0.256021648645401,0.7345390319824219,-0.4554159641265869
0.6672528982162476,0.7383002042770386,-0.04224853217601776,0.2560204863548279,0.7354544997215271,-0.4556075632572174
0.6672590374946594,0.7384098768234253,-0.05390961840748787,0.2560444176197052,0.7355763912200928,-0.4552941918373108
0.6672534942626953,0.738602340221405,-0.05462033301591873,0.2560341954231262,0.7359182834625244,-0.4570240378379822
0.667030930519104,0.7386674284934998,-0.06158920377492905,0.2560374140739441,0.7363515496253967,-0.45701438188552856
0.6667953133583069,0.7387075424194336,-0.06556669622659683,0.2560407519340515,0.7363503575325012,-0.4573494493961334
0.6663274765014648,0.7387670278549194,-0.06124613434076309,0.25593823194503784,0.7363569140434265,-0.46051082015037537
0.6660169363021851,0.7384346723556519,-0.0617792122066021,0.2559739947319031,0.7365491986274719,-0.46196073293685913
0.6658968925476074,0.7381725311279297,-0.061485905200242996,0.25597894191741943,0.7365700006484985,-0.46560922265052795
0.6656897664070129,0.7367706894874573,-0.053228508681058884,0.2559593915939331,0.7364917993545532,-0.4566282629966736
0.6654553413391113,0.7366796731948853,-0.05413324758410454,0.25567808747291565,0.7363608479499817,-0.45276087522506714
0.6652476787567139,0.7369076013565063,-0.05461045354604721,0.25556516647338867,0.7359579205513,-0.4210665225982666
0.6649020910263062,0.7370713353157043,-0.06493555754423141,0.25527042150497437,0.7354857325553894,-0.41508397459983826
0.6641445159912109,0.7370774149894714,-0.0928962379693985,0.2548690438270569,0.7354689240455627,-0.4185142517089844
0.6624017357826233,0.7370976805686951,-0.09243626892566681,0.2545934319496155,0.7352781295776367,-0.4190312325954437
0.662185788154602,0.7371285557746887,-0.09298019111156464,0.2541195750236511,0.7352141737937927,-0.4182259440422058
0.6611583828926086,0.7372033596038818,-0.0820792019367218,0.2533670961856842,0.7347269058227539,-0.40888968110084534
0.6598615050315857,0.7373638153076172,-0.0827648863196373,0.2528563141822815,0.7382545471191406,-0.4053267538547516
0.6577888131141663,0.7374194264411926,-0.08389060944318771,0.25243061780929565,0.7390264272689819,-0.38598930835723877
