1,right,0,0,0,0,0,0,0,0,0,0,0,0,0,0,0,0,0,0,0,0,0,0,0,0,0,0,0,0,0,0,0,0,0,0,0,0,0,0,0,0,0,0,0,0,0,0,0,0,0,0,0,0,0,0,0,0,0,0,0,0,0,0,0
1,left,0,0,0,0,0,0,0,0,0,0,0,0,0,0,0,0,0,0,0,0,0,0,0,0,0,0,0,0,0,0,0,0,0,0,0,0,0,0,0,0,0,0,0,0,0,0,0,0,0,0,0,0,0,0,0,0,0,0,0,0,0,0,0
2,right,0,0,0,0,0,0,0,0,0,0,0,0,0,0,0,0,0,0,0,0,0,0,0,0,0,0,0,0,0,0,0,0,0,0,0,0,0,0,0,0,0,0,0,0,0,0,0,0,0,0,0,0,0,0,0,0,0,0,0,0,0,0,0
2,left,0,0,0,0,0,0,0,0,0,0,0,0,0,0,0,0,0,0,0,0,0,0,0,0,0,0,0,0,0,0,0,0,0,0,0,0,0,0,0,0,0,0,0,0,0,0,0,0,0,0,0,0,0,0,0,0,0,0,0,0,0,0,0
3,right,0,0,0,0,0,0,0,0,0,0,0,0,0,0,0,0,0,0,0,0,0,0,0,0,0,0,0,0,0,0,0,0,0,0,0,0,0,0,0,0,0,0,0,0,0,0,0,0,0,0,0,0,0,0,0,0,0,0,0,0,0,0,0
3,left,0,0,0,0,0,0,0,0,0,0,0,0,0,0,0,0,0,0,0,0,0,0,0,0,0,0,0,0,0,0,0,0,0,0,0,0,0,0,0,0,0,0,0,0,0,0,0,0,0,0,0,0,0,0,0,0,0,0,0,0,0,0,0
4,right,0,0,0,0,0,0,0,0,0,0,0,0,0,0,0,0,0,0,0,0,0,0,0,0,0,0,0,0,0,0,0,0,0,0,0,0,0,0,0,0,0,0,0,0,0,0,0,0,0,0,0,0,0,0,0,0,0,0,0,0,0,0,0
4,left,0.682965099811554,0.7609341144561768,-3.461914559466095e-07,0.6681351661682129,0.8236187100410461,-0.013103457167744637,0.6287283301353455,0.8895640969276428,-0.02841452695429325,0.5877281427383423,0.9348653554916382,-0.04019218310713768,0.5607864856719971,0.9681073427200317,-0.04851164668798447,0.6246683597564697,0.8431458473205566,-0.05467405542731285,0.5525998473167419,0.8691869974136353,-0.06989680975675583,0.565421462059021,0.8657999038696289,-0.06775350123643875,0.5901488065719604,0.8579086661338806,-0.06260769069194794,0.6149042844772339,0.8032379150390625,-0.053081318736076355,0.5414499640464783,0.8291271328926086,-0.06544441729784012,0.5562011003494263,0.8246222138404846,-0.05924568325281143,0.5814024209976196,0.8145971298217773,-0.054621271789073944,0.6028199791908264,0.7620507478713989,-0.04984055086970329,0.5370404124259949,0.785652220249176,-0.05736001580953598,0.5524775981903076,0.7809349894523621,-0.04735587164759636,0.5759029388427734,0.7725597620010376,-0.04116915166378021,0.5910338759422302,0.725334107875824,-0.04682405665516853,0.5418122410774231,0.7393516898155212,-0.05390749126672745,0.5548964142799377,0.7364610433578491,-0.04929732903838158,0.573040246963501,0.7313247919082642,-0.045402105897665024
5,right,0.23436689376831055,0.628009557723999,-2.7890018827747554e-07,0.25520816445350647,0.5572252869606018,-0.003783837892115116,0.2973143458366394,0.48894742131233215,-0.013694675639271736,0.33852654695510864,0.4411936104297638,-0.02335253544151783,0.35089337825775146,0.40187597274780273,-0.030710065737366676,0.2737071216106415,0.4821239411830902,-0.03637989982962608,0.3518822491168976,0.4845420718193054,-0.054731111973524094,0.3462722897529602,0.5061591267585754,-0.05621801316738129,0.32734414935112,0.5083726644515991,-0.05473391339182854,0.2757798731327057,0.5298722982406616,-0.043214716017246246,0.35544854402542114,0.527701199054718,-0.058562926948070526,0.3451109528541565,0.5463607907295227,-0.05239901319146156,0.3245222568511963,0.5530746579170227,-0.049128662794828415,0.2837141156196594,0.574472188949585,-0.04959505796432495,0.35870784521102905,0.5598105788230896,-0.06247605010867119,0.35050109028816223,0.5744835138320923,-0.05113840475678444,0.3327222466468811,0.579505443572998,-0.04346080496907234,0.29501503705978394,0.6118165254592896,-0.05597442388534546,0.3522438704967499,0.5826086401939392,-0.06311020255088806,0.38425230979919434,0.5718182325363159,-0.059084974229335785,0.41013744473457336,0.5607786774635315,-0.0566481277346611
5,left,0.6378624439239502,0.5943361520767212,-2.2379929021099088e-07,0.6094673275947571,0.5376315712928772,-0.007174117956310511,0.5613735914230347,0.5063085556030273,-0.0155969662591815,0.5154131054878235,0.5078874230384827,-0.02225382812321186,0.4908517897129059,0.5415724515914917,-0.027694175019860268,0.5624583959579468,0.5312134623527527,-0.02891797386109829,0.501819908618927,0.559248149394989,-0.04509040340781212,0.5163807272911072,0.5584186911582947,-0.05146371200680733,0.5387176871299744,0.5529136657714844,-0.052000492811203,0.568260908126831,0.5783057808876038,-0.030060220509767532,0.5044718384742737,0.599597156047821,-0.042857591062784195,0.520430326461792,0.594518780708313,-0.044570453464984894,0.5435286164283752,0.5902006030082703,-0.043948207050561905,0.5708564519882202,0.6220877170562744,-0.030665338039398193,0.5132516622543335,0.6383675336837769,-0.038070254027843475,0.5267759561538696,0.630517303943634,-0.031451236456632614,0.5460809469223022,0.625482439994812,-0.02615220658481121,0.5703867673873901,0.6613246202468872,-0.031321730464696884,0.5228244066238403,0.672545313835144,-0.0337933748960495,0.5332862734794617,0.6659063100814819,-0.026029853150248528,0.5495645999908447,0.6620320677757263,-0.019791940227150917
6,right,0.2564432621002197,0.6491125822067261,8.814323138039981e-08,0.2678169906139374,0.5847666263580322,-0.005871011409908533,0.3136751651763916,0.5404219031333923,-0.014496896415948868,0.36167997121810913,0.5265579223632812,-0.02090020664036274,0.3949233889579773,0.5246042013168335,-0.025949081405997276,0.3096587359905243,0.5564727783203125,-0.033388663083314896,0.36385905742645264,0.5523033142089844,-0.04718828573822975,0.3825428783893585,0.540735125541687,-0.05067236348986626,0.39440298080444336,0.5273399353027344,-0.05247019603848457,0.31932345032691956,0.6048231720924377,-0.03780302777886391,0.38648220896720886,0.5864883661270142,-0.06016378477215767,0.37139007449150085,0.5831030011177063,-0.0600431002676487,0.34961384534835815,0.5861441493034363,-0.055022064596414566,0.3262534439563751,0.6479388475418091,-0.040751662105321884,0.38634681701660156,0.6225602626800537,-0.05702054128050804,0.37236934900283813,0.6180471181869507,-0.048191770911216736,0.3537457585334778,0.6200041174888611,-0.03783893585205078,0.3300039768218994,0.68265300989151,-0.043901532888412476,0.3876655101776123,0.6704976558685303,-0.05536765232682228,0.4198456108570099,0.6635689735412598,-0.055167052894830704,0.44745394587516785,0.6596868634223938,-0.052842989563941956
6,left,0.6582428812980652,0.5203701853752136,-2.1638490466102667e-07,0.6438748836517334,0.46236950159072876,-0.007853054441511631,0.5961376428604126,0.4211049973964691,-0.011232299730181694,0.5451284050941467,0.41290369629859924,-0.012423238717019558,0.5170242190361023,0.4329030513763428,-0.011886957101523876,0.5974013209342957,0.43468087911605835,-0.023473631590604782,0.5400640964508057,0.4397497773170471,-0.03480915725231171,0.5493395328521729,0.4509010910987854,-0.036803051829338074,0.5650487542152405,0.4526069760322571,-0.035358913242816925,0.5906104445457458,0.4777207672595978,-0.021837150678038597,0.5366354584693909,0.47436559200286865,-0.03262421116232872,0.5472881197929382,0.4831162691116333,-0.032567985355854034,0.5621176362037659,0.48441973328590393,-0.030909240245819092,0.5838994383811951,0.5165104866027832,-0.02003062330186367,0.5347737669944763,0.508945107460022,-0.028604378923773766,0.5444835424423218,0.5145776271820068,-0.026001593098044395,0.5588500499725342,0.5156022906303406,-0.0226674173027277,0.5756047368049622,0.5506535768508911,-0.018297458067536354,0.5318079590797424,0.5356591939926147,-0.023396970704197884,0.5048233270645142,0.5312511920928955,-0.025697704404592514,0.4830385446548462,0.525087833404541,-0.027245407924056053
7,right,0.25783222913742065,0.6315584778785706,-3.548660743035725e-08,0.26505157351493835,0.5673968195915222,-0.005963131785392761,0.31206509470939636,0.5229401588439941,-0.011186152696609497,0.3603399991989136,0.5089452862739563,-0.014468630775809288,0.3917967677116394,0.49845337867736816,-0.01538520772010088,0.3164805471897125,0.5396301746368408,-0.026164576411247253,0.3665131628513336,0.5288364887237549,-0.036501578986644745,0.367153525352478,0.5271216034889221,-0.03678223118185997,0.36575040221214294,0.5236667990684509,-0.035242628306150436,0.3223592936992645,0.5831915140151978,-0.027496391907334328,0.378348708152771,0.5660116672515869,-0.04195450618863106,0.36514049768447876,0.559851348400116,-0.04105174541473389,0.3472018241882324,0.5612930655479431,-0.037296026945114136,0.32899194955825806,0.6221387386322021,-0.028070760890841484,0.3876569867134094,0.6033791303634644,-0.038518231362104416,0.3789205551147461,0.5942634344100952,-0.03290749713778496,0.3629944920539856,0.5932344794273376,-0.0262686088681221,0.3358619213104248,0.6518502831459045,-0.028561295941472054,0.3891327679157257,0.6443541646003723,-0.03407669812440872,0.4190097451210022,0.6357440948486328,-0.03427773714065552,0.4436877965927124,0.6315636038780212,-0.033503152430057526
7,left,0.6846143007278442,0.5729317665100098,-1.7146479081020516e-07,0.6714820265769958,0.505370020866394,-0.0053469343110919,0.6154487729072571,0.46085861325263977,-0.013761235401034355,0.5653868913650513,0.45715099573135376,-0.01989399828016758,0.5362750887870789,0.48742517828941345,-0.025532178580760956,0.6312004327774048,0.4903969168663025,-0.04333890601992607,0.5547300577163696,0.48203524947166443,-0.05795308202505112,0.5678194165229797,0.48627781867980957,-0.05826298147439957,0.5925523042678833,0.4869630038738251,-0.05445811152458191,0.6308450102806091,0.5435714721679688,-0.045351993292570114,0.551169216632843,0.5248710513114929,-0.059638865292072296,0.5692852139472961,0.5312057137489319,-0.05612564459443092,0.5966247916221619,0.5343761444091797,-0.05168043449521065,0.6253677606582642,0.5904666185379028,-0.04563275724649429,0.54506915807724,0.5672715902328491,-0.05529510974884033,0.5607007145881653,0.5697247385978699,-0.047154344618320465,0.5874102115631104,0.5724870562553406,-0.040248170495033264,0.6144372224807739,0.6294834017753601,-0.04546915367245674,0.5419617891311646,0.608677327632904,-0.052602749317884445,0.5190683603286743,0.5969039797782898,-0.0512736476957798,0.5125378370285034,0.5888679027557373,-0.050055425614118576
8,right,0.239959716796875,0.5596007704734802,-2.28119603207233e-07,0.2485460638999939,0.5024115443229675,-0.0048462278209626675,0.2914607524871826,0.4515203833580017,-0.010330025106668472,0.33540859818458557,0.42368748784065247,-0.01472699735313654,0.35768988728523254,0.39031925797462463,-0.015655379742383957,0.29354217648506165,0.45421695709228516,-0.02622992917895317,0.35119500756263733,0.45279011130332947,-0.040154509246349335,0.33822453022003174,0.46571362018585205,-0.040472883731126785,0.32048702239990234,0.4687415659427643,-0.03758426755666733,0.3011360764503479,0.49609291553497314,-0.02905436046421528,0.3558765947818756,0.48972758650779724,-0.04049499332904816,0.3417366147041321,0.5019919872283936,-0.036212146282196045,0.32553938031196594,0.5073478817939758,-0.032494477927684784,0.3092144727706909,0.5365298986434937,-0.03182068467140198,0.3604973554611206,0.5213831663131714,-0.041392214596271515,0.3476393222808838,0.5323126316070557,-0.032042186707258224,0.3307749927043915,0.5392458438873291,-0.024575885385274887,0.3184320628643036,0.5702481269836426,-0.034729838371276855,0.37064534425735474,0.5526677370071411,-0.0404798649251461,0.4007624387741089,0.5426471829414368,-0.03891458362340927,0.42697441577911377,0.5330010652542114,-0.03769871965050697
8,left,0.6745290756225586,0.6382863521575928,-9.378182141972502e-08,0.6503798961639404,0.5669169425964355,-0.008355168625712395,0.596717119216919,0.5384157299995422,-0.014239856973290443,0.5447402000427246,0.545807421207428,-0.018313778564333916,0.5154175162315369,0.5765315890312195,-0.02128373272716999,0.6014505624771118,0.5745510458946228,-0.02228020317852497,0.5457778573036194,0.5729469060897827,-0.035653430968523026,0.55635666847229,0.5706776976585388,-0.04056188836693764,0.5724458694458008,0.5704641342163086,-0.04062502831220627,0.5963186025619507,0.6180890798568726,-0.021395012736320496,0.5376622080802917,0.6030104756355286,-0.033472731709480286,0.5513723492622375,0.6005836725234985,-0.036199480295181274,0.5704969763755798,0.6050422787666321,-0.03596452996134758,0.590671956539154,0.6542466878890991,-0.020398776978254318,0.5363141894340515,0.6337000727653503,-0.02884526737034321,0.5490071177482605,0.6293215751647949,-0.027738057076931,0.5670305490493774,0.6333836317062378,-0.02484750561416149,0.5849016904830933,0.6837962865829468,-0.01962287724018097,0.5325343608856201,0.6726813316345215,-0.02328924648463726,0.5063291788101196,0.6666241884231567,-0.025178363546729088,0.48657527565956116,0.6631709933280945,-0.026447266340255737
9,right,0.23997065424919128,0.6052370071411133,-1.5681409948342662e-08,0.24285981059074402,0.5405699610710144,-0.0056636761873960495,0.28057822585105896,0.4829809367656708,-0.011791235767304897,0.32276803255081177,0.45599305629730225,-0.017107369378209114,0.35246604681015015,0.4387889504432678,-0.0215382669121027,0.28834885358810425,0.48539018630981445,-0.026568571105599403,0.33337515592575073,0.45819512009620667,-0.04064986854791641,0.3543587923049927,0.4394418001174927,-0.04655382037162781,0.368717223405838,0.4188181161880493,-0.05007123202085495,0.3024119734764099,0.525642991065979,-0.030822889879345894,0.3558497130870819,0.49978047609329224,-0.04960744082927704,0.3438856601715088,0.5095685720443726,-0.05048758536577225,0.32616090774536133,0.5188142657279968,-0.04691965505480766,0.31277385354042053,0.5674699544906616,-0.034197915345430374,0.3608601987361908,0.5404611825942993,-0.04839782789349556,0.34998783469200134,0.5484181642532349,-0.0396532341837883,0.3323218822479248,0.5600220561027527,-0.02988661639392376,0.32062292098999023,0.6039332747459412,-0.03800884261727333,0.3690323233604431,0.5796580910682678,-0.046697039157152176,0.39407074451446533,0.574325680732727,-0.043658141046762466,0.41162872314453125,0.575698733329773,-0.03955395147204399
9,left,0.6459956169128418,0.5723598599433899,-3.5549979315874225e-07,0.6275016069412231,0.5047293305397034,-0.004240443464368582,0.5755841732025146,0.46991753578186035,-0.009210370481014252,0.5256584882736206,0.46501827239990234,-0.013213854283094406,0.49676376581192017,0.4916098713874817,-0.016022181138396263,0.577626645565033,0.48229867219924927,-0.027827581390738487,0.5194670557975769,0.4782198965549469,-0.04297904670238495,0.5333315134048462,0.49202296137809753,-0.04636400192975998,0.5529200434684753,0.5034176111221313,-0.045012202113866806,0.573437511920929,0.5268845558166504,-0.0295893382281065,0.5213776230812073,0.524932324886322,-0.040289878845214844,0.5359302759170532,0.5340340733528137,-0.0385659784078598,0.5512094497680664,0.5380386114120483,-0.0374273918569088,0.5691921710968018,0.5684847235679626,-0.030978785827755928,0.5225263237953186,0.561145544052124,-0.04109623655676842,0.5354835987091064,0.5674260854721069,-0.03697651997208595,0.5503440499305725,0.5730066299438477,-0.03346235677599907,0.5627050399780273,0.6048918962478638,-0.03189336135983467,0.5113815069198608,0.600210428237915,-0.037185922265052795,0.48407313227653503,0.599082350730896,-0.037277959287166595,0.4633617699146271,0.5971262454986572,-0.037813469767570496
10,right,0.2446427345275879,0.6628503799438477,-1.912392519898276e-07,0.2593908905982971,0.5877720713615417,-0.008532164618372917,0.3088788092136383,0.5486553311347961,-0.01543065533041954,0.3607763350009918,0.5407079458236694,-0.018954165279865265,0.3970777988433838,0.5351316928863525,-0.018664294853806496,0.314736008644104,0.5905783176422119,-0.03261702135205269,0.37187659740448,0.5721336603164673,-0.042541779577732086,0.3554483652114868,0.5615396499633789,-0.03936786577105522,0.335990309715271,0.5647367238998413,-0.03455047681927681,0.3233712315559387,0.6356899738311768,-0.03048575483262539,0.380083829164505,0.6026390194892883,-0.03928663209080696,0.3679041564464569,0.5853778719902039,-0.03286617994308472,0.35152173042297363,0.5884036421775818,-0.02766571380198002,0.3307821452617645,0.6697259545326233,-0.027862196788191795,0.3880748152732849,0.6298808455467224,-0.03269512951374054,0.38100191950798035,0.6077645421028137,-0.023680927231907845,0.3680642545223236,0.6024889349937439,-0.017778072506189346,0.3362369239330292,0.6921389102935791,-0.02560935914516449,0.3882656693458557,0.6802128553390503,-0.030602041631937027,0.4189837872982025,0.6693774461746216,-0.03192830830812454,0.44641515612602234,0.6638755202293396,-0.033147476613521576
10,left,0.667996346950531,0.529838502407074,-2.6162953759012453e-07,0.6530755758285522,0.4689667820930481,-0.002746361307799816,0.6086570620536804,0.42417824268341064,-0.007861364632844925,0.5608924031257629,0.4055309295654297,-0.012030093930661678,0.5282140970230103,0.3926384150981903,-0.014817146584391594,0.6098949313163757,0.4314268231391907,-0.027079785242676735,0.5435580015182495,0.43099167943000793,-0.039204567670822144,0.5547173023223877,0.4391317069530487,-0.040931299328804016,0.5745396614074707,0.442196249961853,-0.03885723277926445,0.6033051013946533,0.4760780334472656,-0.0288387518376112,0.5420095324516296,0.4648033082485199,-0.037759944796562195,0.5519394278526306,0.4721865952014923,-0.03636737912893295,0.5679202079772949,0.47613492608070374,-0.035299770534038544,0.5956466197967529,0.5163863897323608,-0.0296325646340847,0.5380523800849915,0.4979815185070038,-0.036545202136039734,0.547863245010376,0.5046051144599915,-0.032022878527641296,0.5640318989753723,0.5091633796691895,-0.028736714273691177,0.5864337086677551,0.5512125492095947,-0.02996310405433178,0.5345911383628845,0.5437334775924683,-0.03442521393299103,0.5044012665748596,0.5426304936408997,-0.03534046560525894,0.4807586073875427,0.5383920669555664,-0.03651740029454231
11,right,0.24287299811840057,0.6195363402366638,1.3978970514472167e-07,0.24813301861286163,0.5521247386932373,-0.004386083222925663,0.28458815813064575,0.5043885111808777,-0.01179384533315897,0.32657477259635925,0.4956766664981842,-0.017602715641260147,0.3567436635494232,0.5083310604095459,-0.023292314261198044,0.2898768186569214,0.5115440487861633,-0.030548803508281708,0.3361204266548157,0.4939455986022949,-0.040923941880464554,0.36139917373657227,0.48121577501296997,-0.04488176107406616,0.3822774589061737,0.4717158079147339,-0.04790327325463295,0.30520930886268616,0.5531676411628723,-0.0346803143620491,0.3567866384983063,0.5253133773803711,-0.04926915466785431,0.34304505586624146,0.527977705001831,-0.04708303511142731,0.32635557651519775,0.5377863049507141,-0.042518094182014465,0.316095769405365,0.5935240387916565,-0.0373031347990036,0.36287742853164673,0.5629333853721619,-0.04795369133353233,0.3513985276222229,0.561632513999939,-0.03928542509675026,0.33545103669166565,0.5707377195358276,-0.03031960316002369,0.3243958353996277,0.6305733919143677,-0.04016953334212303,0.3757762014865875,0.6067689061164856,-0.04692448303103447,0.38677093386650085,0.5995489954948425,-0.042695049196481705,0.3891089856624603,0.6022593975067139,-0.03767526149749756
11,left,0.682296872138977,0.6037845015525818,-2.1836136454567168e-07,0.6724475026130676,0.52992182970047,-0.006838739383965731,0.6192635893821716,0.48257577419281006,-0.0158408023416996,0.5671893954277039,0.4734891951084137,-0.02206682227551937,0.5355516672134399,0.4976544678211212,-0.027300650253891945,0.6303952932357788,0.5120748281478882,-0.04549502953886986,0.5520920753479004,0.5093027353286743,-0.05993010103702545,0.5656595230102539,0.5163960456848145,-0.060308847576379776,0.5896612405776978,0.5201324820518494,-0.05789659917354584,0.6267192959785461,0.5631372332572937,-0.04699447378516197,0.5503302216529846,0.5494742393493652,-0.06034145504236221,0.5654279589653015,0.5568822622299194,-0.05794191733002663,0.5884088277816772,0.5609667301177979,-0.056450992822647095,0.6190512180328369,0.607318103313446,-0.04682138189673424,0.5453100800514221,0.5872882008552551,-0.05419686809182167,0.5573358535766602,0.5929538011550903,-0.047839123755693436,0.5800209045410156,0.5957727432250977,-0.0445857010781765,0.6073023676872253,0.6431913375854492,-0.04656277969479561,0.5461033582687378,0.6354955434799194,-0.05336742848157883,0.5137698650360107,0.6333291530609131,-0.056440435349941254,0.49292534589767456,0.6271471977233887,-0.05991974472999573
12,right,0.23774227499961853,0.5836613178253174,-2.01711728209375e-07,0.24242156744003296,0.5179020166397095,-0.00603959895670414,0.28207308053970337,0.4639596939086914,-0.013952222652733326,0.3304368555545807,0.4427444338798523,-0.0194227397441864,0.36702290177345276,0.4456935524940491,-0.021678149700164795,0.2927013039588928,0.48298394680023193,-0.03412254899740219,0.3458930253982544,0.46899259090423584,-0.04334837570786476,0.33354827761650085,0.47793835401535034,-0.039882756769657135,0.32074519991874695,0.4837745726108551,-0.03546825796365738,0.30400925874710083,0.5268867611885071,-0.03504570201039314,0.357545405626297,0.5056943297386169,-0.045184165239334106,0.3411550223827362,0.5129137635231018,-0.03981584683060646,0.32273435592651367,0.5210928916931152,-0.03439879044890404,0.31423062086105347,0.5656495094299316,-0.03454773873090744,0.3627334237098694,0.5391554236412048,-0.0413317047059536,0.34833824634552,0.5457906723022461,-0.03204673156142235,0.3296631872653961,0.555817723274231,-0.024200957268476486,0.3228572607040405,0.5957314968109131,-0.033960532397031784,0.37254881858825684,0.573108434677124,-0.03737189248204231,0.4028870165348053,0.5589722990989685,-0.03595975413918495,0.42758843302726746,0.5496216416358948,-0.03473900631070137
12,left,0.6631715297698975,0.6388058066368103,-9.289149005553554e-08,0.6470826864242554,0.5673902630805969,-0.007479849737137556,0.5991396307945251,0.5280758738517761,-0.014359178952872753,0.5508706569671631,0.5231893658638,-0.019055133685469627,0.5164095759391785,0.523573100566864,-0.022043928503990173,0.5996288061141968,0.5680188536643982,-0.03188667446374893,0.5382982492446899,0.544157087802887,-0.04529016837477684,0.5515766739845276,0.539948046207428,-0.0481218546628952,0.570911169052124,0.5455775856971741,-0.04665810614824295,0.5925914645195007,0.6108877062797546,-0.0318945087492466,0.5332291722297668,0.5761233568191528,-0.042906954884529114,0.5468579530715942,0.5668866038322449,-0.04396124556660652,0.5666468143463135,0.574221134185791,-0.044405825436115265,0.5860135555267334,0.6451544761657715,-0.031241292133927345,0.530552327632904,0.6049692034721375,-0.0387127622961998,0.5424737930297852,0.594516396522522,-0.0377793125808239,0.559086799621582,0.6011573076248169,-0.037226270884275436,0.5782876014709473,0.6713991761207581,-0.03056461736559868,0.5235780477523804,0.6591651439666748,-0.036729417741298676,0.4926906228065491,0.6490761041641235,-0.042301878333091736,0.4681982398033142,0.6451740264892578,-0.047272998839616776
13,right,0.24336682260036469,0.6632178425788879,-1.3767497364369774e-07,0.2581571340560913,0.5884628295898438,-0.003394246567040682,0.30919748544692993,0.5446634292602539,-0.010727116838097572,0.3602117896080017,0.541039764881134,-0.01644253358244896,0.39425888657569885,0.5591618418693542,-0.018945610150694847,0.31745022535324097,0.5583632588386536,-0.029089797288179398,0.3810120224952698,0.5537662506103516,-0.042360398918390274,0.37037134170532227,0.5561748743057251,-0.04335544630885124,0.3530726730823517,0.5604507327079773,-0.04091034084558487,0.3256026804447174,0.6116231679916382,-0.03150661289691925,0.3836805820465088,0.5933203101158142,-0.044142406433820724,0.36549630761146545,0.5883359909057617,-0.03982359915971756,0.344620943069458,0.596445620059967,-0.03406361863017082,0.3308940529823303,0.656836211681366,-0.03292715549468994,0.3826136589050293,0.6283665895462036,-0.04011940583586693,0.36922958493232727,0.6199373602867126,-0.030356446281075478,0.35166028141975403,0.6245216727256775,-0.02160128764808178,0.334492564201355,0.6914311051368713,-0.03429259732365608,0.3896385431289673,0.679042637348175,-0.03802148252725601,0.4205032289028168,0.6683064699172974,-0.03548669442534447,0.44673219323158264,0.6625263690948486,-0.032507527619600296
13,left,0.6512913107872009,0.575513482093811,-2.7354988674233027e-07,0.6406758427619934,0.500156581401825,-0.004092221148312092,0.5996702313423157,0.4546520411968231,-0.00519556226208806,0.551325261592865,0.4378412663936615,-0.0051893023774027824,0.5185819864273071,0.43538567423820496,-0.0033792774192988873,0.5913746953010559,0.4777689278125763,-0.018888138234615326,0.5398919582366943,0.45514556765556335,-0.027200663462281227,0.5529361963272095,0.45990806818008423,-0.027529606595635414,0.5682879090309143,0.46834757924079895,-0.025052864104509354,0.5775145292282104,0.5177773833274841,-0.018160607665777206,0.5333963632583618,0.4909379780292511,-0.022922031581401825,0.544619619846344,0.49192190170288086,-0.02169516310095787,0.5571194291114807,0.49575844407081604,-0.02103380486369133,0.566423773765564,0.5540813207626343,-0.016995612531900406,0.5288978815078735,0.5252393484115601,-0.022240260615944862,0.5400053262710571,0.5240731239318848,-0.020967233926057816,0.5527201294898987,0.5311160087585449,-0.01972445286810398,0.5566173791885376,0.5842390060424805,-0.015331908129155636,0.5115662813186646,0.563386857509613,-0.018901843577623367,0.48461830615997314,0.5561099648475647,-0.02047608233988285,0.4616893529891968,0.5529389977455139,-0.02184079773724079
14,right,0.23607322573661804,0.6448255181312561,-1.3699273715417348e-08,0.247909814119339,0.5706594586372375,-0.002093864604830742,0.29590004682540894,0.5224459171295166,-0.007027111016213894,0.34491392970085144,0.5130964517593384,-0.011139804497361183,0.3781796097755432,0.5232764482498169,-0.013033430092036724,0.30130094289779663,0.5351418256759644,-0.022574935108423233,0.36095353960990906,0.5254537463188171,-0.03114972822368145,0.3759740889072418,0.5213451981544495,-0.02945668436586857,0.38211339712142944,0.5217127799987793,-0.0261764507740736,0.312045156955719,0.5826696753501892,-0.02518647536635399,0.37183430790901184,0.5637814998626709,-0.03729800507426262,0.35907310247421265,0.5581400394439697,-0.03259539604187012,0.3394588530063629,0.5645996332168579,-0.02577836811542511,0.3215072751045227,0.6242820620536804,-0.026743948459625244,0.3790746033191681,0.5985041856765747,-0.035435277968645096,0.36809855699539185,0.5930596590042114,-0.026646891608834267,0.34921684861183167,0.6005810499191284,-0.017232030630111694,0.3303276598453522,0.6559581756591797,-0.027966801077127457,0.3832336366176605,0.6398850679397583,-0.03108227625489235,0.40972277522087097,0.6282294392585754,-0.028188209980726242,0.42805200815200806,0.6242305636405945,-0.024577103555202484
14,left,0.6701604723930359,0.6058954000473022,-2.054025145525884e-07,0.6576529145240784,0.5330951809883118,-0.0075205122120678425,0.6093876361846924,0.48534339666366577,-0.01574733667075634,0.5608383417129517,0.4778120815753937,-0.020548399537801743,0.5278874635696411,0.47078651189804077,-0.023557448759675026,0.6168202757835388,0.5150089859962463,-0.0474126972258091,0.543484091758728,0.5031306743621826,-0.06051492691040039,0.5592339634895325,0.5038333535194397,-0.05865802243351936,0.58319491147995,0.5103654265403748,-0.05365642532706261,0.6085231900215149,0.5659831166267395,-0.04695984721183777,0.5406665802001953,0.5423383712768555,-0.05604742839932442,0.5557125806808472,0.5409873723983765,-0.051469944417476654,0.5759679079055786,0.5474579334259033,-0.04913650080561638,0.5998783707618713,0.608040988445282,-0.04470803961157799,0.537447452545166,0.5795866250991821,-0.04989601671695709,0.5517095923423767,0.5759917497634888,-0.043541986495256424,0.5716525912284851,0.5802087187767029,-0.040723249316215515,0.5891239047050476,0.6426339149475098,-0.042233265936374664,0.5289536714553833,0.6295573115348816,-0.047707460820674896,0.4994269609451294,0.6205288171768188,-0.04992515221238136,0.47881072759628296,0.6150517463684082,-0.052832260727882385
15,right,0.23339197039604187,0.5703800916671753,-2.2385590625617624e-07,0.2381824553012848,0.503808856010437,-0.006323653273284435,0.2798638939857483,0.4528425335884094,-0.012681974098086357,0.32955437898635864,0.4349144697189331,-0.016761481761932373,0.3657654821872711,0.43351632356643677,-0.01732775941491127,0.2916179299354553,0.4730130732059479,-0.030116768553853035,0.3458211123943329,0.45642125606536865,-0.039529092609882355,0.3302735984325409,0.45891112089157104,-0.03615006431937218,0.3141143023967743,0.4647270441055298,-0.03131364658474922,0.30264896154403687,0.5152595639228821,-0.029911112040281296,0.35474640130996704,0.49136024713516235,-0.03872024640440941,0.3390837609767914,0.49117183685302734,-0.03273741900920868,0.32249677181243896,0.496884286403656,-0.02745082788169384,0.3126679062843323,0.5516517758369446,-0.028882713988423347,0.36186036467552185,0.5219749808311462,-0.03558894991874695,0.3476676642894745,0.524398684501648,-0.026608582586050034,0.33057767152786255,0.5335004329681396,-0.01938023790717125,0.3215692341327667,0.5776652693748474,-0.02783827669918537,0.37107017636299133,0.5609568357467651,-0.03201676532626152,0.4015352427959442,0.5483183264732361,-0.03167159855365753,0.428233802318573,0.5399336218833923,-0.031374625861644745
15,left,0.6747565269470215,0.66533362865448,-3.59605465405366e-08,0.6535612940788269,0.5896247029304504,-0.015075854025781155,0.6001790761947632,0.5588197708129883,-0.021284809336066246,0.5479422807693481,0.5611405968666077,-0.02300107292830944,0.5145350098609924,0.5779370069503784,-0.023079855367541313,0.5950157642364502,0.6214257478713989,-0.031088223680853844,0.540363609790802,0.5970539450645447,-0.03974243253469467,0.5509165525436401,0.5872830152511597,-0.040709543973207474,0.5657644867897034,0.5875698924064636,-0.039761222898960114,0.586374044418335,0.6614801287651062,-0.02511320449411869,0.5323406457901001,0.6239010095596313,-0.0322439931333065,0.5495064854621887,0.6117192506790161,-0.03288247808814049,0.5697145462036133,0.6170296669006348,-0.03356034308671951,0.5803735256195068,0.6902711987495422,-0.01894095167517662,0.5305331349372864,0.6488966345787048,-0.024897994473576546,0.5471968054771423,0.639135479927063,-0.025594446808099747,0.5648359656333923,0.6471590995788574,-0.02626706101000309,0.575787365436554,0.7110860347747803,-0.013331161811947823,0.5267028212547302,0.6983769536018372,-0.020206930115818977,0.5016467571258545,0.6923441886901855,-0.027423754334449768,0.47868138551712036,0.6920549869537354,-0.033612921833992004
16,right,0.24164506793022156,0.6222534775733948,-2.3057330267306497e-08,0.2450721263885498,0.5448079109191895,-0.0038457538466900587,0.2855018377304077,0.48696255683898926,-0.007853160612285137,0.3310301601886749,0.4708421528339386,-0.012086078524589539,0.3629469871520996,0.4805554747581482,-0.015545038506388664,0.2946453392505646,0.4975109100341797,-0.014015569351613522,0.34172117710113525,0.4855276346206665,-0.02307041361927986,0.368037611246109,0.47555530071258545,-0.026376288384199142,0.3881879150867462,0.470403254032135,-0.028221799060702324,0.3117281198501587,0.5448281168937683,-0.01819617860019207,0.3642798662185669,0.5174201130867004,-0.03282412514090538,0.35055112838745117,0.5192416906356812,-0.03386421874165535,0.33023107051849365,0.5315378904342651,-0.029626956209540367,0.3252149224281311,0.5885273814201355,-0.021750105544924736,0.3682864010334015,0.5561462640762329,-0.033435527235269547,0.35647574067115784,0.557440996170044,-0.02799864485859871,0.33827367424964905,0.5703272819519043,-0.019495900720357895,0.33621761202812195,0.6257724165916443,-0.025311632081866264,0.37519851326942444,0.592810332775116,-0.028961438685655594,0.3753448724746704,0.591192364692688,-0.022356051951646805,0.366639107465744,0.6036449670791626,-0.015123173594474792
16,left,0.6573333740234375,0.6033682823181152,-2.720170471093297e-07,0.6339749693870544,0.5393673181533813,-0.0029444368556141853,0.582531213760376,0.5141555070877075,-0.0063624149188399315,0.534768283367157,0.5131696462631226,-0.008731086738407612,0.502023458480835,0.5200801491737366,-0.009718472138047218,0.5765734314918518,0.5357136726379395,-0.02198202721774578,0.5236772894859314,0.5244279503822327,-0.03323743864893913,0.5353488326072693,0.5311384201049805,-0.03435441106557846,0.5521752238273621,0.5395359992980957,-0.03161071613430977,0.5748286843299866,0.5790830254554749,-0.022674163803458214,0.5251794457435608,0.5608863830566406,-0.03152880445122719,0.5387884378433228,0.5634897947311401,-0.029568618163466454,0.5543184876441956,0.5691173076629639,-0.027200210839509964,0.5732481479644775,0.6168451905250549,-0.02277858927845955,0.5278342366218567,0.5965287089347839,-0.03169867396354675,0.5407083034515381,0.592924952507019,-0.02829759754240513,0.5554837584495544,0.5979007482528687,-0.02460920624434948,0.5703608989715576,0.6470242738723755,-0.021916180849075317,0.5211031436920166,0.6460761427879333,-0.026935506612062454,0.49642571806907654,0.6438640356063843,-0.026631852611899376,0.4771288335323334,0.6437652111053467,-0.02597592957317829
17,right,0.2435922920703888,0.6695045828819275,-2.398449225893273e-07,0.26080653071403503,0.5932637453079224,-0.0019401422468945384,0.3122085630893707,0.5506691336631775,-0.0063955048099160194,0.3628254234790802,0.5457876324653625,-0.009851029142737389,0.3993905186653137,0.5555298328399658,-0.011740426532924175,0.32154834270477295,0.5873832702636719,-0.016855290159583092,0.37171363830566406,0.5777004361152649,-0.023886963725090027,0.36183032393455505,0.5696089267730713,-0.02407204732298851,0.35040631890296936,0.5726205706596375,-0.021938908845186234,0.3308162987232208,0.6329437494277954,-0.019033994525671005,0.38501280546188354,0.5997535586357117,-0.025194203481078148,0.3671901822090149,0.5857864618301392,-0.02199750952422619,0.3468948304653168,0.5961159467697144,-0.017226388677954674,0.33649110794067383,0.6677225828170776,-0.02032393403351307,0.38384926319122314,0.627778947353363,-0.02360340766608715,0.36954689025878906,0.613842785358429,-0.016657117754220963,0.35339540243148804,0.6241445541381836,-0.00997469574213028,0.3393212854862213,0.6922976970672607,-0.021257463842630386,0.3751029670238495,0.6541095972061157,-0.018066393211483955,0.36386463046073914,0.6445098519325256,-0.008998870849609375,0.350790798664093,0.6567646265029907,-0.0018548689549788833
17,left,0.6778352856636047,0.5682089328765869,-2.5771058176360384e-07,0.6574576497077942,0.49943777918815613,-0.004042197018861771,0.6044052839279175,0.4672248065471649,-0.007284378632903099,0.5534805655479431,0.46231240034103394,-0.00841807946562767,0.5208508372306824,0.46222397685050964,-0.007246722467243671,0.6013317108154297,0.4977969527244568,-0.0323755219578743,0.5386624932289124,0.4884675145149231,-0.042669907212257385,0.5549472570419312,0.48483264446258545,-0.04060418903827667,0.572953999042511,0.4870091378688812,-0.035996999591588974,0.5967432260513306,0.5424942374229431,-0.031487151980400085,0.5392827987670898,0.5208336710929871,-0.03912799432873726,0.5551872253417969,0.5163446664810181,-0.034867480397224426,0.570711076259613,0.5191360712051392,-0.03174027055501938,0.5920296907424927,0.578683078289032,-0.029241440817713737,0.5406637191772461,0.5533297061920166,-0.03344900161027908,0.5534175038337708,0.5471906065940857,-0.02807743474841118,0.5687402486801147,0.5513916611671448,-0.025001995265483856,0.587096631526947,0.6059703826904297,-0.026759210973978043,0.5368906259536743,0.5958960056304932,-0.030286889523267746,0.5086051225662231,0.5926030278205872,-0.03264015167951584,0.4844541847705841,0.5940772294998169,-0.03515753522515297
18,right,0.2433236539363861,0.5795858502388,-1.2265665816357796e-07,0.25063246488571167,0.509793758392334,-0.004417351447045803,0.2934114336967468,0.46387413144111633,-0.010203982703387737,0.33971208333969116,0.4484456181526184,-0.01414356380701065,0.3736664652824402,0.4466053545475006,-0.015717891976237297,0.3031037747859955,0.4792085587978363,-0.025978175923228264,0.3528444468975067,0.469255656003952,-0.0355767197906971,0.3499215841293335,0.46614980697631836,-0.03561213240027428,0.34454673528671265,0.46263325214385986,-0.03366231918334961,0.3152475357055664,0.5250692367553711,-0.02742607332766056,0.3644162714481354,0.501258373260498,-0.03842288255691528,0.34875619411468506,0.497575968503952,-0.03524799272418022,0.3322133719921112,0.5026934742927551,-0.030428284779191017,0.32431477308273315,0.5630798935890198,-0.02771494723856449,0.3679523468017578,0.5332059860229492,-0.03542140871286392,0.35445547103881836,0.5305473804473877,-0.0268885288387537,0.33837804198265076,0.5379151701927185,-0.018684146925807,0.3301490843296051,0.5916499495506287,-0.0279184989631176,0.3772203028202057,0.5735694169998169,-0.03117549605667591,0.4025653600692749,0.5642855763435364,-0.02767609804868698,0.4233528971672058,0.5614413022994995,-0.024072039872407913
18,left,0.6950594186782837,0.6491661071777344,-2.0632025155009615e-07,0.6633918285369873,0.5783308744430542,-0.012640723027288914,0.6066089272499084,0.5664647817611694,-0.01819508895277977,0.5573244094848633,0.5839489102363586,-0.01963324472308159,0.52641361951828,0.6035552620887756,-0.018423160538077354,0.6153664588928223,0.622989296913147,-0.03618064895272255,0.5556976795196533,0.6067664623260498,-0.0464739054441452,0.5684789419174194,0.5935063362121582,-0.04576042667031288,0.5830364227294922,0.5928001403808594,-0.043535444885492325,0.6109899282455444,0.6661489605903625,-0.031057892367243767,0.5516316890716553,0.6381840705871582,-0.03977959603071213,0.5672438144683838,0.6213403940200806,-0.03732341155409813,0.5851538777351379,0.619403600692749,-0.03605407848954201,0.6074763536453247,0.6973491311073303,-0.02531641349196434,0.552435576915741,0.6635280251502991,-0.0330335758626461,0.566388726234436,0.6463491916656494,-0.03070058301091194,0.5845212936401367,0.648308277130127,-0.02947131171822548,0.6045931577682495,0.7185013890266418,-0.01980055868625641,0.5555775761604309,0.7157094478607178,-0.027550455182790756,0.5268328189849854,0.7162886261940002,-0.034021228551864624,0.5032055377960205,0.7230558395385742,-0.03975239023566246
19,right,0.24619412422180176,0.6200389862060547,-5.445574657869656e-08,0.2460135519504547,0.5446885228157043,-0.004978584125638008,0.2855413556098938,0.4887997508049011,-0.009055807255208492,0.33108794689178467,0.46810051798820496,-0.012158979661762714,0.3642018437385559,0.4633081257343292,-0.014613133855164051,0.2974817454814911,0.49986615777015686,-0.019836237654089928,0.3463391065597534,0.48513197898864746,-0.0287166777998209,0.3702092170715332,0.46789854764938354,-0.031336963176727295,0.38858580589294434,0.45419779419898987,-0.03306020051240921,0.3146766126155853,0.5461211800575256,-0.02270141802728176,0.36630913615226746,0.5169380307197571,-0.035204917192459106,0.3517325818538666,0.5174358487129211,-0.033601220697164536,0.33269599080085754,0.5297210216522217,-0.028962910175323486,0.3271169662475586,0.589352011680603,-0.02482268214225769,0.3711228668689728,0.5535573959350586,-0.03444937989115715,0.3580913543701172,0.5533339381217957,-0.026914170011878014,0.3405609130859375,0.5669505596160889,-0.018721308559179306,0.3369912803173065,0.6255906820297241,-0.02701815403997898,0.37219446897506714,0.5901114344596863,-0.03104480914771557,0.3664363622665405,0.5863171815872192,-0.024632856249809265,0.35416826605796814,0.5987597703933716,-0.018277836963534355
19,left,0.674608588218689,0.6006960272789001,-2.2921784648133325e-07,0.6484276056289673,0.5346224904060364,-0.0027999714948236942,0.5964093208312988,0.5121541619300842,-0.005429448559880257,0.5499778389930725,0.5131899118423462,-0.007570785470306873,0.517693042755127,0.5122731328010559,-0.007908032275736332,0.5934243202209473,0.5432730317115784,-0.01499931700527668,0.5391663312911987,0.5273312330245972,-0.025838319212198257,0.5508115291595459,0.5284280776977539,-0.028356293216347694,0.5693129301071167,0.534739077091217,-0.026738829910755157,0.5922303199768066,0.586059033870697,-0.015728719532489777,0.539738655090332,0.5630413293838501,-0.024286363273859024,0.5509098172187805,0.5611168742179871,-0.025054676458239555,0.5677324533462524,0.5649684071540833,-0.024623719975352287,0.5913322567939758,0.6204628348350525,-0.016237448900938034,0.5419400334358215,0.5952262878417969,-0.024215122684836388,0.5548154711723328,0.591437578201294,-0.02173675410449505,0.572205662727356,0.5964226126670837,-0.018751779571175575,0.5894201397895813,0.6457703113555908,-0.01627947948873043,0.5398474335670471,0.6472357511520386,-0.02153668738901615,0.5129438638687134,0.6460227370262146,-0.02312011457979679,0.4930906593799591,0.645455002784729,-0.02396431751549244
20,right,0.25016456842422485,0.6648315191268921,-5.095666111287755e-10,0.26521509885787964,0.5955715179443359,-0.0009697937639430165,0.3153255879878998,0.5558491349220276,-0.004963481333106756,0.3604988157749176,0.5485041737556458,-0.007608623243868351,0.3929486870765686,0.5534530878067017,-0.010046090930700302,0.323114812374115,0.5649547576904297,-0.026067856699228287,0.37956246733665466,0.5636615753173828,-0.03233690187335014,0.4033457636833191,0.5537933707237244,-0.03222525864839554,0.4180562198162079,0.5450631976127625,-0.031489044427871704,0.3342263400554657,0.610072672367096,-0.030143102630972862,0.39149436354637146,0.5911828875541687,-0.036609478294849396,0.3801828920841217,0.5816487669944763,-0.03075466677546501,0.361604243516922,0.586262583732605,-0.02444358728826046,0.34063929319381714,0.6506760716438293,-0.03232984244823456,0.3903137445449829,0.6257506608963013,-0.03353533521294594,0.37846919894218445,0.6162029504776001,-0.022868482396006584,0.36126744747161865,0.6225793361663818,-0.0146873714402318,0.34370023012161255,0.6850278377532959,-0.034572675824165344,0.38011905550956726,0.6613134741783142,-0.028886104002594948,0.37112516164779663,0.654229462146759,-0.017704961821436882,0.35713544487953186,0.6613594889640808,-0.00965238269418478
20,left,0.7004774808883667,0.5727524757385254,-2.4238173068624747e-07,0.6790675520896912,0.5041294097900391,-0.005548863671720028,0.6227736473083496,0.4701208472251892,-0.011672995053231716,0.5717654228210449,0.46674633026123047,-0.015263267792761326,0.5407679080963135,0.4551016092300415,-0.016237812116742134,0.6294105052947998,0.4978142976760864,-0.038091160356998444,0.56180739402771,0.4920295178890228,-0.05093081295490265,0.5755379796028137,0.4859039783477783,-0.049297455698251724,0.5944936275482178,0.4854320287704468,-0.0443803034722805,0.6263835430145264,0.5475550889968872,-0.03739742562174797,0.5615720152854919,0.5280054807662964,-0.0475623682141304,0.5752297639846802,0.5227471590042114,-0.0431494377553463,0.5930569767951965,0.5264992117881775,-0.039509743452072144,0.6208468079566956,0.5885639786720276,-0.03530426695942879,0.5608488917350769,0.5652281641960144,-0.041391488164663315,0.5723981857299805,0.5579363107681274,-0.03460449352860451,0.5887005925178528,0.5628063082695007,-0.030143747106194496,0.6136808395385742,0.6203694939613342,-0.03299456834793091,0.5580779314041138,0.6136747002601624,-0.0368410162627697,0.5313242673873901,0.6089028120040894,-0.03766070306301117,0.5116169452667236,0.609440803527832,-0.03896237909793854
21,right,0.2516785264015198,0.6023727059364319,1.50185597291852e-09,0.25802791118621826,0.5294969081878662,-0.004622257314622402,0.2987065315246582,0.47781357169151306,-0.008721217513084412,0.34220510721206665,0.4618913531303406,-0.011764387600123882,0.3739226162433624,0.4627947509288788,-0.013850833289325237,0.30920660495758057,0.49535638093948364,-0.019132763147354126,0.35604536533355713,0.4807118773460388,-0.028271479532122612,0.37742000818252563,0.46564915776252747,-0.030890902504324913,0.3927769064903259,0.45156770944595337,-0.03178853541612625,0.32522204518318176,0.5412192940711975,-0.02119944617152214,0.374536395072937,0.5102744698524475,-0.034996677190065384,0.36040404438972473,0.5067606568336487,-0.03387073427438736,0.34361305832862854,0.5146216154098511,-0.02864803560078144,0.3361170291900635,0.5779168009757996,-0.022442342713475227,0.3782375752925873,0.5425698757171631,-0.03299083188176155,0.3665168881416321,0.5389158129692078,-0.025720857083797455,0.35146522521972656,0.5493476986885071,-0.016403699293732643,0.34331583976745605,0.6046462059020996,-0.023761380463838577,0.3902997374534607,0.5783880949020386,-0.027616847306489944,0.4114983379840851,0.567596971988678,-0.023027725517749786,0.42567968368530273,0.5692105889320374,-0.017683185636997223
21,left,0.7153741121292114,0.6395584344863892,-3.1467191519141124e-08,0.687547504901886,0.5631068348884583,-0.014142326079308987,0.631067156791687,0.5426422953605652,-0.019857211038470268,0.5804047584533691,0.5594226121902466,-0.0217113234102726,0.5497638583183289,0.5817789435386658,-0.022315584123134613,0.6372215747833252,0.5940593481063843,-0.029887031763792038,0.5807720422744751,0.5898611545562744,-0.04032236710190773,0.5809773802757263,0.5788275599479675,-0.041263531893491745,0.5885455012321472,0.5689405798912048,-0.03997813165187836,0.6316468119621277,0.6404871940612793,-0.0252692811191082,0.5701811909675598,0.6173701882362366,-0.03755241632461548,0.586012601852417,0.6066528558731079,-0.03835074603557587,0.6078320741653442,0.6067859530448914,-0.03646032139658928,0.6275849342346191,0.6756821870803833,-0.02043898031115532,0.5711620450019836,0.6493703126907349,-0.03135574236512184,0.5875637531280518,0.6386568546295166,-0.03088037110865116,0.6064926385879517,0.6401736736297607,-0.027951445430517197,0.623977780342102,0.7020242214202881,-0.01587776653468609,0.5706300735473633,0.695121169090271,-0.023829732090234756,0.5455337762832642,0.6915066838264465,-0.028829971328377724,0.5232434272766113,0.6930703520774841,-0.032035090029239655
22,right,0.25133639574050903,0.5889161825180054,6.648899653072249e-09,0.25668054819107056,0.5164207220077515,-0.004202190320938826,0.3005622327327728,0.4659058749675751,-0.008520334959030151,0.34731197357177734,0.4473865032196045,-0.0114605026319623,0.38199108839035034,0.44406795501708984,-0.012538395822048187,0.3098543584346771,0.4842456877231598,-0.02066659741103649,0.35913345217704773,0.4668625593185425,-0.02886384353041649,0.370441198348999,0.45601338148117065,-0.02797100879251957,0.3766390383243561,0.44866135716438293,-0.025582214817404747,0.32316654920578003,0.5311187505722046,-0.022213786840438843,0.37597596645355225,0.5010189414024353,-0.03594009578227997,0.36203715205192566,0.4957951009273529,-0.03369323909282684,0.3451489806175232,0.5017895102500916,-0.027529295533895493,0.3330305814743042,0.5697644948959351,-0.022798143327236176,0.3796670436859131,0.5346444249153137,-0.032790351659059525,0.36725637316703796,0.5328968167304993,-0.02490384131669998,0.35210007429122925,0.5426084399223328,-0.015354041010141373,0.3398507833480835,0.5973448753356934,-0.023293789476156235,0.38848185539245605,0.5770168900489807,-0.027490003034472466,0.4153275489807129,0.5680930614471436,-0.02483711764216423,0.4372154772281647,0.5675687789916992,-0.02104475349187851
22,left,0.6816400289535522,0.6017986536026001,-2.223096231546151e-07,0.6562961339950562,0.5383980870246887,-0.005578203126788139,0.6055805683135986,0.5158651471138,-0.009792978875339031,0.5587071180343628,0.5186319947242737,-0.012715362943708897,0.5242682695388794,0.5186445713043213,-0.013631589710712433,0.6042596697807312,0.5455118417739868,-0.020630517974495888,0.5482739806175232,0.5366845726966858,-0.032148633152246475,0.5593031048774719,0.5336553454399109,-0.03392285853624344,0.5752771496772766,0.5352481603622437,-0.0317254513502121,0.6032790541648865,0.5883606672286987,-0.020317092537879944,0.5502616167068481,0.5694295763969421,-0.029822852462530136,0.5613230466842651,0.5643494129180908,-0.02968745492398739,0.5772514343261719,0.5657306909561157,-0.02861778251826763,0.6022722125053406,0.6228581666946411,-0.019894670695066452,0.553373396396637,0.6015025973320007,-0.028459642082452774,0.5650566816329956,0.5937719941139221,-0.02579459547996521,0.580841064453125,0.5954989194869995,-0.022773638367652893,0.5998578071594238,0.6483651399612427,-0.019219757989048958,0.5501678586006165,0.6496074795722961,-0.024608589708805084,0.5229531526565552,0.647868275642395,-0.026326918974518776,0.5026406049728394,0.6463825702667236,-0.027437599375844002
23,right,0.2587270736694336,0.6479139924049377,-1.9099887538231997e-07,0.2702789902687073,0.568584680557251,-0.0038022398948669434,0.32284489274024963,0.5239464044570923,-0.0067114559933543205,0.37305137515068054,0.5177620053291321,-0.008092867210507393,0.4092658758163452,0.5225887894630432,-0.007879113778471947,0.33058762550354004,0.5619949102401733,-0.013902486301958561,0.37788382172584534,0.5533149838447571,-0.019290832802653313,0.3797411620616913,0.5379998087882996,-0.018519634380936623,0.37974780797958374,0.5300542712211609,-0.016046728938817978,0.3421882688999176,0.611133873462677,-0.014757434837520123,0.3989905118942261,0.5748909711837769,-0.024548888206481934,0.38457104563713074,0.5554835200309753,-0.023783456534147263,0.3644580841064453,0.5600491166114807,-0.018066007643938065,0.3512175977230072,0.6470761895179749,-0.014757313765585423,0.40280529856681824,0.6035045385360718,-0.021743357181549072,0.3939862549304962,0.5809762477874756,-0.0183422714471817,0.37862756848335266,0.5836631059646606,-0.01166567113250494,0.35798826813697815,0.6690595746040344,-0.014217650517821312,0.393949031829834,0.6250765919685364,-0.014255106449127197,0.388602614402771,0.6035133600234985,-0.008677813224494457,0.3778659403324127,0.6045440435409546,-0.0024552729446440935
23,left,0.690958559513092,0.5455666184425354,-2.166378862966667e-07,0.6711150407791138,0.4760509729385376,-0.010062767192721367,0.6175007820129395,0.4418497681617737,-0.014533201232552528,0.5665449500083923,0.4402657151222229,-0.01573966257274151,0.5321034789085388,0.44058409333229065,-0.014007137157022953,0.6154487133026123,0.4707968831062317,-0.030487680807709694,0.5512187480926514,0.46763113141059875,-0.0408831425011158,0.5655419826507568,0.46630430221557617,-0.0403561145067215,0.584174633026123,0.4682369530200958,-0.03716190159320831,0.6103674173355103,0.5169861912727356,-0.026483986526727676,0.5514473915100098,0.5033705234527588,-0.03578466922044754,0.5649393200874329,0.4991254210472107,-0.0338318794965744,0.5814538598060608,0.49977758526802063,-0.031328145414590836,0.6053025126457214,0.5544453263282776,-0.021922806277871132,0.5513920187950134,0.5345366597175598,-0.027692679315805435,0.5625928640365601,0.5276029109954834,-0.023328211158514023,0.5783019661903381,0.5302978157997131,-0.019911397248506546,0.5992912650108337,0.5824108719825745,-0.017733348533511162,0.5520089268684387,0.5718967914581299,-0.022306032478809357,0.5251604914665222,0.5683271288871765,-0.024978864938020706,0.5022997856140137,0.5682609677314758,-0.02701546438038349
24,right,0.2512759268283844,0.6214397549629211,-4.588777713365744e-08,0.26307570934295654,0.5484264492988586,0.004074436146765947,0.30971354246139526,0.5034414529800415,0.002621569437906146,0.35435327887535095,0.49277806282043457,0.0013870523544028401,0.38463446497917175,0.49719035625457764,0.001652671373449266,0.3187788426876068,0.5078065991401672,-0.018759140744805336,0.3707309067249298,0.4949266016483307,-0.02505951188504696,0.394185334444046,0.48806267976760864,-0.02348220907151699,0.4096306562423706,0.48172739148139954,-0.021968519315123558,0.3299564719200134,0.5503056049346924,-0.02377963438630104,0.3847663998603821,0.5392256379127502,-0.032828088849782944,0.372560054063797,0.5395717620849609,-0.02654157392680645,0.3538707196712494,0.5432754158973694,-0.020031705498695374,0.3376842141151428,0.5936369895935059,-0.02717556059360504,0.3943636417388916,0.5779200196266174,-0.03314123675227165,0.3860836327075958,0.5739078521728516,-0.021757617592811584,0.3681665062904358,0.5774802565574646,-0.012126948684453964,0.34389427304267883,0.6297350525856018,-0.02996867150068283,0.3952624201774597,0.6229638457298279,-0.03402687609195709,0.42317473888397217,0.6152693033218384,-0.03147593140602112,0.44134286046028137,0.6121623516082764,-0.02859036810696125
24,left,0.7193479537963867,0.5798286199569702,-2.662013400822616e-07,0.6967926621437073,0.5112258791923523,-0.0027188993990421295,0.6397528648376465,0.481464684009552,-0.010028169490396976,0.5878933668136597,0.4846445918083191,-0.015448792837560177,0.5571717619895935,0.4735758900642395,-0.01946364901959896,0.6492332220077515,0.5012192130088806,-0.04148109629750252,0.5751296281814575,0.5145610570907593,-0.054585933685302734,0.589522123336792,0.5096840262413025,-0.05428830161690712,0.60938960313797,0.5024862885475159,-0.05217364430427551,0.6516699194908142,0.5503146052360535,-0.044387273490428925,0.5780840516090393,0.549494206905365,-0.05488045886158943,0.5953705310821533,0.5459230542182922,-0.05010726675391197,0.615764856338501,0.5431886911392212,-0.04795869439840317,0.6524168252944946,0.5930734872817993,-0.045470867305994034,0.578199565410614,0.5850232839584351,-0.05200287699699402,0.5937733054161072,0.580828845500946,-0.043453916907310486,0.6174741983413696,0.5780391693115234,-0.03930296003818512,0.6478713750839233,0.6297829151153564,-0.046254418790340424,0.5814849734306335,0.6378646492958069,-0.0569189228117466,0.543650209903717,0.636233925819397,-0.06291726976633072,0.5176534652709961,0.6297393441200256,-0.0682511031627655
25,right,0.2522069215774536,0.5568217635154724,-2.595359092083527e-07,0.25854456424713135,0.49057236313819885,-0.004757266957312822,0.30064862966537476,0.4430902600288391,-0.009090124629437923,0.3494828939437866,0.4253108501434326,-0.010617043823003769,0.38247358798980713,0.41090264916419983,-0.008575783111155033,0.31449058651924133,0.4661628305912018,-0.029512470588088036,0.36576011776924133,0.4511186182498932,-0.03592884540557861,0.34947332739830017,0.45375120639801025,-0.03006668947637081,0.33268168568611145,0.4583438038825989,-0.024298088625073433,0.3243018388748169,0.5073276162147522,-0.02837570384144783,0.37021952867507935,0.48568102717399597,-0.030706223100423813,0.35387781262397766,0.48808422684669495,-0.019918762147426605,0.341755211353302,0.49284785985946655,-0.013601715676486492,0.33242067694664,0.5425798892974854,-0.02643919177353382,0.3770851492881775,0.516311764717102,-0.028209857642650604,0.36323246359825134,0.5204216241836548,-0.016507279127836227,0.3474632203578949,0.528826117515564,-0.009795870631933212,0.3405809998512268,0.5688216686248779,-0.024480000138282776,0.38787931203842163,0.5542493462562561,-0.02889273874461651,0.4167347550392151,0.5439486503601074,-0.029284069314599037,0.4424535632133484,0.5357083678245544,-0.03023720160126686
25,left,0.7190976738929749,0.651776909828186,-2.551259115080029e-08,0.6919082403182983,0.575184166431427,-0.01591901108622551,0.6361908912658691,0.5541072487831116,-0.0237241480499506,0.5846627950668335,0.5677347183227539,-0.026698198169469833,0.5508951544761658,0.5895238518714905,-0.027398817241191864,0.6386321187019348,0.6113227605819702,-0.037968769669532776,0.5788027048110962,0.5981539487838745,-0.049694739282131195,0.5891080498695374,0.5868796706199646,-0.04986324906349182,0.6056300401687622,0.5850240588188171,-0.04717235267162323,0.6324087977409363,0.6569645404815674,-0.03206802159547806,0.5684388279914856,0.6309897899627686,-0.04292086139321327,0.5836852192878723,0.6153917908668518,-0.042348578572273254,0.6056382060050964,0.616722583770752,-0.04079977795481682,0.6272974014282227,0.6899755597114563,-0.025885822251439095,0.5669008493423462,0.6568130254745483,-0.034562788903713226,0.5820174813270569,0.6413796544075012,-0.0336325466632843,0.6008824706077576,0.6452112793922424,-0.031966011971235275,0.6224566698074341,0.7121027708053589,-0.020256895571947098,0.567679762840271,0.7024778723716736,-0.02866056002676487,0.5401306748390198,0.6964973211288452,-0.035589054226875305,0.5156267285346985,0.6975381374359131,-0.040789004415273666
26,right,0.24948783218860626,0.6272773742675781,-1.702135108416769e-07,0.2612378001213074,0.5548620820045471,-0.004288550931960344,0.3079184889793396,0.5117154717445374,-0.010756151750683784,0.35401061177253723,0.5046358108520508,-0.016389556229114532,0.3859742283821106,0.5137038826942444,-0.01972595602273941,0.32513245940208435,0.5102192163467407,-0.02472108043730259,0.3871263563632965,0.5119003653526306,-0.0387861542403698,0.3811999261379242,0.5201202034950256,-0.044672559946775436,0.364231139421463,0.5200768709182739,-0.04610329121351242,0.33001500368118286,0.557509183883667,-0.027959177270531654,0.38618090748786926,0.5548360347747803,-0.03514387831091881,0.3746013641357422,0.55815589427948,-0.03375832363963127,0.3559281826019287,0.5590890049934387,-0.03255433589220047,0.33170220255851746,0.6043365001678467,-0.03071369230747223,0.38037732243537903,0.6016700863838196,-0.0342002734541893,0.36880022287368774,0.6008083820343018,-0.02557912841439247,0.3484349846839905,0.6020358800888062,-0.01984691247344017,0.3297567665576935,0.6451234817504883,-0.03372090309858322,0.36512112617492676,0.6362748742103577,-0.032302744686603546,0.3568587899208069,0.6359938383102417,-0.02264425717294216,0.34240514039993286,0.6395593881607056,-0.015515333972871304
26,left,0.6810098886489868,0.5804799199104309,-2.3882481059445126e-07,0.6571211218833923,0.5184975862503052,-0.0035734260454773903,0.6051117777824402,0.4960899353027344,-0.006849055644124746,0.5585576295852661,0.49954402446746826,-0.009061038494110107,0.5267296433448792,0.4982394576072693,-0.009630758315324783,0.6045329570770264,0.5189918875694275,-0.021258220076560974,0.5481675863265991,0.5170359015464783,-0.032365892082452774,0.5581258535385132,0.5159235000610352,-0.03388163447380066,0.5752447843551636,0.5183509588241577,-0.03151967003941536,0.6035210490226746,0.5625540018081665,-0.021482408046722412,0.5491335391998291,0.5532450675964355,-0.029593290761113167,0.5593463778495789,0.5505573153495789,-0.02870691940188408,0.5752413272857666,0.5529816746711731,-0.027382927015423775,0.6021605730056763,0.5989618897438049,-0.021155934780836105,0.5508802533149719,0.5843565464019775,-0.02825801447033882,0.5625078082084656,0.5794970393180847,-0.024978667497634888,0.579213559627533,0.582297682762146,-0.021790679544210434,0.5993830561637878,0.6282046437263489,-0.020371707156300545,0.5488193035125732,0.6310324668884277,-0.02471732161939144,0.5212872624397278,0.6291702389717102,-0.025979284197092056,0.5012660622596741,0.627070963382721,-0.026898102834820747
27,right,0.2479148507118225,0.6862525939941406,-2.5440857598368893e-07,0.2745512127876282,0.6169987916946411,0.0013035564916208386,0.331026166677475,0.584956705570221,-0.0019889906980097294,0.382474809885025,0.5797333717346191,-0.005516942124813795,0.41965675354003906,0.5868353843688965,-0.0057632518000900745,0.34740257263183594,0.5970114469528198,-0.01238445658236742,0.4048539698123932,0.6031186580657959,-0.02143065072596073,0.39195531606674194,0.6060176491737366,-0.022672083228826523,0.3749496638774872,0.6077573895454407,-0.021498048678040504,0.3511883318424225,0.6421823501586914,-0.016773495823144913,0.40718695521354675,0.6353559494018555,-0.023785244673490524,0.3930913805961609,0.6315211057662964,-0.021686604246497154,0.3739449083805084,0.6364485621452332,-0.018655646592378616,0.35233551263809204,0.6831731796264648,-0.020321883261203766,0.40103527903556824,0.6681855916976929,-0.022356195375323296,0.3912915587425232,0.6625867486000061,-0.013011454604566097,0.37552976608276367,0.6649364233016968,-0.0059450538828969,0.3504594564437866,0.7163566946983337,-0.024019822478294373,0.4020232856273651,0.7118489146232605,-0.023208176717162132,0.4310748279094696,0.7077126502990723,-0.0181795172393322,0.45341160893440247,0.7049598693847656,-0.013965297490358353
27,left,0.7001763582229614,0.5530405044555664,-2.5674353310023434e-07,0.6785314083099365,0.4877694845199585,-0.0021364372223615646,0.6252673864364624,0.45730477571487427,-0.006958900485187769,0.5736976861953735,0.4567566215991974,-0.010080059990286827,0.5412093997001648,0.4484173059463501,-0.01138999778777361,0.6267738342285156,0.47955581545829773,-0.034438520669937134,0.5597817897796631,0.48226097226142883,-0.047026459127664566,0.5745400190353394,0.4812411069869995,-0.046709347516298294,0.5948610901832581,0.4814574122428894,-0.043437276035547256,0.624509871006012,0.5269983410835266,-0.035108909010887146,0.563423216342926,0.5173293948173523,-0.0432782918214798,0.5767237544059753,0.5147322416305542,-0.0391685925424099,0.5932806730270386,0.5169241428375244,-0.037006791681051254,0.6217734813690186,0.5667121410369873,-0.03425882011651993,0.5640671849250793,0.5525645017623901,-0.03777332231402397,0.5748003721237183,0.5494897365570068,-0.030642366036772728,0.5904930233955383,0.5528825521469116,-0.027557803317904472,0.6181230545043945,0.5987935662269592,-0.03307288885116577,0.5687614679336548,0.5979010462760925,-0.037531208246946335,0.5414454936981201,0.5959664583206177,-0.040104158222675323,0.5190291404724121,0.5957919955253601,-0.04313559830188751
28,right,0.25224652886390686,0.6120932102203369,-1.6951942072296333e-08,0.260002076625824,0.537697970867157,0.0024150561075657606,0.30324989557266235,0.4904971718788147,0.0013046875828877091,0.34734687209129333,0.47485265135765076,-0.00030416756635531783,0.38020697236061096,0.47130680084228516,-0.0011599113931879401,0.3177158832550049,0.494264155626297,-0.01116922777146101,0.3683657944202423,0.4841902554035187,-0.016634248197078705,0.3883839547634125,0.4694780111312866,-0.0165109783411026,0.40058889985084534,0.45540615916252136,-0.015767501667141914,0.3318946957588196,0.5379573106765747,-0.016474995762109756,0.3786613643169403,0.5184739828109741,-0.02270115539431572,0.36588019132614136,0.516778826713562,-0.017542533576488495,0.35100075602531433,0.5236677527427673,-0.012185461819171906,0.34028926491737366,0.5792649388313293,-0.02094276435673237,0.383278489112854,0.554986298084259,-0.027305811643600464,0.3729225993156433,0.553043782711029,-0.018260501325130463,0.35885685682296753,0.5617561936378479,-0.009814870543777943,0.3462648093700409,0.6145158410072327,-0.02499953843653202,0.39457759261131287,0.5938916206359863,-0.0267560463398695,0.40914714336395264,0.5917518734931946,-0.020198242738842964,0.4158506393432617,0.6013931632041931,-0.014075452461838722
28,left,0.7154662013053894,0.6421686410903931,-2.893146984206396e-07,0.6899256706237793,0.5723022818565369,-0.004903330467641354,0.6330794095993042,0.5521344542503357,-0.009730521589517593,0.5787652134895325,0.5700964331626892,-0.011224830523133278,0.550961971282959,0.5988463163375854,-0.01076554972678423,0.6393692493438721,0.5800884962081909,-0.03978997841477394,0.5695461630821228,0.5982075333595276,-0.05035398527979851,0.5748923420906067,0.5934346318244934,-0.047267548739910126,0.5921469330787659,0.5885648131370544,-0.04247291013598442,0.6382651329040527,0.6293022632598877,-0.038336146622896194,0.5693970322608948,0.6363128423690796,-0.04644935205578804,0.5811407566070557,0.6295443177223206,-0.04005179554224014,0.5998131632804871,0.6263479590415955,-0.03559541329741478,0.6362190246582031,0.6697590351104736,-0.03481341898441315,0.5712572336196899,0.6685362458229065,-0.04148257151246071,0.5831602215766907,0.6581152677536011,-0.03383863344788551,0.599853515625,0.6560537815093994,-0.029036078602075577,0.6329595446586609,0.7029132843017578,-0.030528614297509193,0.5811878442764282,0.7103846073150635,-0.037360094487667084,0.5527091026306152,0.7111577987670898,-0.039590295404195786,0.5277391672134399,0.7130333781242371,-0.04178269952535629
29,right,0.23929047584533691,0.594463586807251,2.9601714857108163e-08,0.24549010396003723,0.5186174511909485,-0.004153149668127298,0.29039084911346436,0.46457427740097046,-0.008711934089660645,0.3381357789039612,0.44276314973831177,-0.011879479512572289,0.3728620707988739,0.43145808577537537,-0.013479365035891533,0.2989227771759033,0.4751310348510742,-0.022627055644989014,0.3482472598552704,0.4610653221607208,-0.0321136973798275,0.36796292662620544,0.44342491030693054,-0.03315430134534836,0.38191717863082886,0.42595407366752625,-0.0327439084649086,0.31338950991630554,0.5222548246383667,-0.025431202724575996,0.3665434718132019,0.4985583424568176,-0.03829117864370346,0.35375669598579407,0.4978242516517639,-0.03530452027916908,0.33745425939559937,0.5052602887153625,-0.029816217720508575,0.3237856328487396,0.5645470023155212,-0.02728917822241783,0.3693501353263855,0.5343109369277954,-0.036618705838918686,0.35849595069885254,0.5342946648597717,-0.027034010738134384,0.34383487701416016,0.5438790321350098,-0.01724674552679062,0.33159172534942627,0.5990140438079834,-0.02928289584815502,0.38065847754478455,0.5743834376335144,-0.032209157943725586,0.40357229113578796,0.5641165375709534,-0.026893828064203262,0.4196869730949402,0.563468873500824,-0.021644333377480507
29,left,0.6700167655944824,0.6290452480316162,-2.2155950318847317e-07,0.6397923231124878,0.573574423789978,-0.003584418911486864,0.5890092849731445,0.5584217309951782,-0.007881568744778633,0.544750452041626,0.5657181739807129,-0.01118658110499382,0.5134813785552979,0.5770338177680969,-0.012318848632276058,0.5857552886009216,0.5921450257301331,-0.02053919807076454,0.5317121148109436,0.5809524059295654,-0.031798504292964935,0.5445505380630493,0.5733732581138611,-0.03345838561654091,0.5601522922515869,0.5749579668045044,-0.03144393861293793,0.5872390270233154,0.6311808824539185,-0.020725028589367867,0.5340676307678223,0.6085832118988037,-0.030072059482336044,0.5477813482284546,0.6002662181854248,-0.029126616194844246,0.5642739534378052,0.6018961668014526,-0.027193862944841385,0.5878053903579712,0.662676990032196,-0.02037457935512066,0.5367894172668457,0.6390644311904907,-0.02750431001186371,0.5484998822212219,0.6280114054679871,-0.023793932050466537,0.5653044581413269,0.629407525062561,-0.02036997862160206,0.5873099565505981,0.6865631341934204,-0.019641311839222908,0.5422988533973694,0.6905500888824463,-0.023747239261865616,0.5173923969268799,0.6903059482574463,-0.0247137900441885,0.4984937310218811,0.6913467645645142,-0.025294583290815353
30,right,0.238838791847229,0.7188994884490967,-3.0120943961264857e-07,0.258286714553833,0.6396802663803101,-0.0010132117895409465,0.31401583552360535,0.5986185073852539,-0.008769216947257519,0.36840125918388367,0.6012765169143677,-0.015742849558591843,0.4074077904224396,0.6221853494644165,-0.019963813945651054,0.32636401057243347,0.6056038737297058,-0.04004085808992386,0.40029892325401306,0.590483546257019,-0.0556413009762764,0.4009588062763214,0.5952029228210449,-0.05380808934569359,0.3801566958427429,0.6026206612586975,-0.046983473002910614,0.3338557183742523,0.6619333624839783,-0.04369785264134407,0.39957547187805176,0.6463778018951416,-0.05190484598278999,0.38471874594688416,0.6414892673492432,-0.0408073253929615,0.3612179160118103,0.6443043351173401,-0.0322902537882328,0.33834928274154663,0.7173634171485901,-0.04589672386646271,0.3964102566242218,0.7011976838111877,-0.05226205289363861,0.38277122378349304,0.6923878788948059,-0.03771703690290451,0.36093375086784363,0.6954838037490845,-0.02648705057799816,0.3430291414260864,0.7650306224822998,-0.04744235426187515,0.4056805968284607,0.7607088685035706,-0.049093373119831085,0.4082886278629303,0.7500660419464111,-0.037745408713817596,0.3992082476615906,0.7474657893180847,-0.027895508334040642
30,left,0.6649991273880005,0.5518007278442383,-2.605141844469472e-07,0.6431934833526611,0.4878280758857727,-0.006063538137823343,0.5908671021461487,0.4623434841632843,-0.008148490451276302,0.5428386926651001,0.46559932827949524,-0.008367657661437988,0.5109516382217407,0.46772146224975586,-0.006423973944038153,0.5877591967582703,0.4831579923629761,-0.02368014119565487,0.5325189232826233,0.48633769154548645,-0.03330546244978905,0.5452749729156494,0.4876064956188202,-0.03293774276971817,0.5621265172958374,0.4877372980117798,-0.030019545927643776,0.5855801701545715,0.5260328054428101,-0.022424442693591118,0.5330439209938049,0.5216713547706604,-0.03169738128781319,0.5449461340904236,0.5210970044136047,-0.030097048729658127,0.560546875,0.5201587080955505,-0.02756599523127079,0.5839838981628418,0.5637295842170715,-0.02082917094230652,0.5392045974731445,0.554955005645752,-0.0293273963034153,0.548952579498291,0.5506463050842285,-0.02740342728793621,0.5626033544540405,0.5510796308517456,-0.024629732593894005,0.5814291834831238,0.5958353877067566,-0.01892700046300888,0.5354357957839966,0.5967218279838562,-0.025474265217781067,0.5091906189918518,0.6000123023986816,-0.028939472511410713,0.4869062304496765,0.6034826040267944,-0.031131112948060036
31,right,0.2351716160774231,0.7365518808364868,-2.756639503331826e-07,0.26650717854499817,0.6697118282318115,0.011990062892436981,0.3190873861312866,0.642770528793335,0.012530772015452385,0.36023396253585815,0.6417311429977417,0.011472813785076141,0.3921675980091095,0.6489408612251282,0.01171627826988697,0.338309109210968,0.6534541845321655,-0.020440444350242615,0.41027122735977173,0.6596555113792419,-0.030972620472311974,0.420620322227478,0.6501888036727905,-0.028452396392822266,0.41074514389038086,0.6444690227508545,-0.02220161072909832,0.34334275126457214,0.6994654536247253,-0.02785700000822544,0.39886683225631714,0.6946384310722351,-0.03000037558376789,0.38177329301834106,0.6846758127212524,-0.016407866030931473,0.3625689744949341,0.6871299743652344,-0.006935201585292816,0.34286242723464966,0.7436134815216064,-0.033281613141298294,0.39538681507110596,0.7330695390701294,-0.0351577028632164,0.3793520927429199,0.7196429967880249,-0.01921362616121769,0.35906776785850525,0.7214035987854004,-0.007742457091808319,0.3406679034233093,0.7836779952049255,-0.0373227521777153,0.4070630967617035,0.7818285226821899,-0.039913978427648544,0.4174831509590149,0.773912787437439,-0.030775707215070724,0.4146444797515869,0.7757705450057983,-0.021730469539761543
31,left,0.6904541254043579,0.5700786113739014,-2.444226936404448e-07,0.6685796976089478,0.5030168890953064,-0.004196729976683855,0.612908661365509,0.47207313776016235,-0.010149136185646057,0.5640107989311218,0.4753643572330475,-0.0143387820571661,0.5338878631591797,0.4711146056652069,-0.016625601798295975,0.6212683916091919,0.4925214648246765,-0.03557785600423813,0.55254727602005,0.4993284046649933,-0.048547182232141495,0.5686757564544678,0.49935483932495117,-0.0487976036965847,0.5904463529586792,0.49945828318595886,-0.045693833380937576,0.620592474937439,0.5429343581199646,-0.03586845099925995,0.5563620328903198,0.5372539758682251,-0.04412854090332985,0.5706647634506226,0.5367770791053772,-0.039864905178546906,0.5892638564109802,0.5385687947273254,-0.03751283884048462,0.6179906725883484,0.5853628516197205,-0.03485703468322754,0.5545423626899719,0.5731651782989502,-0.03945847228169441,0.5670107007026672,0.5724526643753052,-0.03183332830667496,0.5863713026046753,0.5753596425056458,-0.027615729719400406,0.6121724843978882,0.6204478144645691,-0.033708419650793076,0.5557037591934204,0.6195787787437439,-0.03809768706560135,0.5252887606620789,0.6181617379188538,-0.03968147933483124,0.5046111941337585,0.616349995136261,-0.04174564406275749
32,right,0.24579647183418274,0.6411104798316956,-1.207957041060581e-07,0.25175586342811584,0.5669970512390137,-0.0021554110571742058,0.29763099551200867,0.5166402459144592,-0.00727781280875206,0.34810671210289,0.5013529658317566,-0.010661562904715538,0.3826279640197754,0.4983721971511841,-0.01094098761677742,0.30978766083717346,0.5289660692214966,-0.028432514518499374,0.3737887144088745,0.5214255452156067,-0.03812183067202568,0.363291472196579,0.5235069990158081,-0.03727458789944649,0.3455761969089508,0.5229024887084961,-0.034135602414608,0.32189667224884033,0.5796872973442078,-0.03034362755715847,0.37681180238723755,0.5602121353149414,-0.03605227172374725,0.35967564582824707,0.5594945549964905,-0.028889980167150497,0.3395046293735504,0.5669869184494019,-0.023708146065473557,0.33047378063201904,0.6231313943862915,-0.031101735308766365,0.3790721893310547,0.5988598465919495,-0.03348275646567345,0.3666097819805145,0.5970075130462646,-0.02217865362763405,0.3467157483100891,0.6040465831756592,-0.014702407643198967,0.3359646201133728,0.654947817325592,-0.03168627247214317,0.38423100113868713,0.6389471888542175,-0.03183894231915474,0.40794897079467773,0.6356297135353088,-0.026612119749188423,0.424724817276001,0.6388939619064331,-0.022920170798897743
32,left,0.7061355113983154,0.6731802821159363,-1.9739793799544714e-07,0.6747329831123352,0.6113395094871521,-0.006288014352321625,0.6192783713340759,0.5957620143890381,-0.01266894955188036,0.5711307525634766,0.6129521727561951,-0.016547638922929764,0.5388551950454712,0.6323839426040649,-0.018120301887392998,0.6271984577178955,0.6321585178375244,-0.03504958376288414,0.5590508580207825,0.6455472111701965,-0.047770027071237564,0.5718437433242798,0.6369898319244385,-0.047974761575460434,0.5941426157951355,0.6344820857048035,-0.04400042071938515,0.6293424963951111,0.680366039276123,-0.0338127464056015,0.5602117776870728,0.682243824005127,-0.04247422516345978,0.5733341574668884,0.6727845668792725,-0.03930859640240669,0.5941929221153259,0.6711567640304565,-0.03658685088157654,0.6292125582695007,0.7202182412147522,-0.031184658408164978,0.5640002489089966,0.7146188020706177,-0.0367923267185688,0.5759950280189514,0.7043651342391968,-0.029691018164157867,0.5958911180496216,0.7045959234237671,-0.0249133612960577,0.6268178224563599,0.7506272792816162,-0.028380827978253365,0.5693652629852295,0.7572504878044128,-0.032647207379341125,0.5468405485153198,0.7593024969100952,-0.031508807092905045,0.5346947312355042,0.7649060487747192,-0.030797643586993217
33,right,0.22852644324302673,0.5888555645942688,-1.901423445360706e-07,0.2382352650165558,0.5245077610015869,-0.003186736488714814,0.28600963950157166,0.47781577706336975,-0.010233897715806961,0.3352649211883545,0.4568313956260681,-0.01553773507475853,0.36954909563064575,0.4406238794326782,-0.01763898693025112,0.29153525829315186,0.48745378851890564,-0.03413015231490135,0.35236820578575134,0.48343515396118164,-0.04718449339270592,0.33623364567756653,0.4918847382068634,-0.0467502735555172,0.31663498282432556,0.49644574522972107,-0.04380103945732117,0.29894372820854187,0.5326171517372131,-0.03732931241393089,0.3571462333202362,0.5223648548126221,-0.04572506621479988,0.3392435312271118,0.5280498266220093,-0.038194287568330765,0.3226875960826874,0.5350857377052307,-0.033330049365758896,0.3050313889980316,0.5755894780158997,-0.03941718116402626,0.3582908511161804,0.5591329336166382,-0.044585954397916794,0.3432854115962982,0.5631910562515259,-0.03105834126472473,0.32543742656707764,0.5710625648498535,-0.022316187620162964,0.31016504764556885,0.6108929514884949,-0.04155565798282623,0.3629745841026306,0.5950717926025391,-0.044060274958610535,0.38669538497924805,0.59223473072052,-0.03806386888027191,0.4052065908908844,0.5945143699645996,-0.03390546143054962
33,left,0.6781089901924133,0.6765381693840027,3.522490032992209e-08,0.6325553059577942,0.6219992637634277,0.0007311326917260885,0.5789893269538879,0.6162880063056946,-0.0003320919640827924,0.5330389142036438,0.6303898692131042,-0.0012981725158169866,0.5001602172851562,0.6425026655197144,-0.0009799718391150236,0.5798441767692566,0.6511123180389404,-0.0083789536729455,0.5269151926040649,0.6548601984977722,-0.016234571114182472,0.5385741591453552,0.642049252986908,-0.01949135772883892,0.5587259531021118,0.6388096213340759,-0.018490521237254143,0.5844930410385132,0.6915174722671509,-0.00902579352259636,0.5314254760742188,0.6872292757034302,-0.009355468675494194,0.5405777096748352,0.6725075840950012,-0.007919492200016975,0.559661328792572,0.6707612872123718,-0.007253480609506369,0.5896034836769104,0.7252649068832397,-0.009148985147476196,0.542195737361908,0.7154718041419983,-0.005491415038704872,0.5490289330482483,0.7008683085441589,0.0013152247993275523,0.5652927756309509,0.6988230347633362,0.004457942675799131,0.5940528512001038,0.7515998482704163,-0.00911439023911953,0.5545027852058411,0.747549295425415,-0.003945472650229931,0.558480441570282,0.735780656337738,0.0038225895259529352,0.5701040625572205,0.7330959439277649,0.009093844331800938
34,right,0.22312378883361816,0.7026308178901672,-3.614425381215369e-08,0.24356383085250854,0.6276837587356567,-0.0027519462164491415,0.29806604981422424,0.5876032114028931,-0.011559199541807175,0.35218796133995056,0.5857529640197754,-0.01817595772445202,0.38890767097473145,0.6011553406715393,-0.02187451533973217,0.29950499534606934,0.6096751093864441,-0.04495576024055481,0.378095418214798,0.6003116965293884,-0.062028054147958755,0.3909684121608734,0.6032050251960754,-0.0614941231906414,0.3822297751903534,0.6119556427001953,-0.057821597903966904,0.30392342805862427,0.666427731513977,-0.047754768282175064,0.36928096413612366,0.6494616270065308,-0.060151342302560806,0.35247454047203064,0.6409478783607483,-0.04741774499416351,0.3322444260120392,0.6450450420379639,-0.03792469576001167,0.30459195375442505,0.7159888744354248,-0.04932961240410805,0.36216452717781067,0.694319486618042,-0.05743806064128876,0.3492549955844879,0.6820192337036133,-0.040728311985731125,0.3299429416656494,0.6836645007133484,-0.029225653037428856,0.305836021900177,0.7547547221183777,-0.050939690321683884,0.36828121542930603,0.76055908203125,-0.06108138710260391,0.40131983160972595,0.7595322132110596,-0.060035042464733124,0.42734867334365845,0.7627469301223755,-0.05821392312645912
34,left,0.6493842005729675,0.5884993076324463,-2.8897324000354274e-07,0.6249105930328369,0.5270883440971375,-0.0047274986281991005,0.573525607585907,0.5060807466506958,-0.009217961691319942,0.5265200734138489,0.5119612812995911,-0.012038184329867363,0.49509358406066895,0.5163799524307251,-0.013012244366109371,0.5717239379882812,0.5227433443069458,-0.030390474945306778,0.5132494568824768,0.5302450656890869,-0.043059900403022766,0.5285454392433167,0.5339289307594299,-0.04391559958457947,0.5470409393310547,0.5368585586547852,-0.041416022926568985,0.5721282958984375,0.5660466551780701,-0.030312174931168556,0.517160177230835,0.5690506100654602,-0.03971666097640991,0.5338109135627747,0.5699633955955505,-0.03632277995347977,0.5510095357894897,0.5695784687995911,-0.03346379101276398,0.5724467635154724,0.6050809621810913,-0.029430795460939407,0.5228354930877686,0.6028376221656799,-0.03734676167368889,0.5380164384841919,0.602051854133606,-0.03167746961116791,0.5562095046043396,0.6041228175163269,-0.02710028365254402,0.5714033246040344,0.6393721103668213,-0.0281570665538311,0.5226389765739441,0.6434096097946167,-0.033950116485357285,0.4960525333881378,0.644615650177002,-0.03506782650947571,0.4747101366519928,0.6452632546424866,-0.03593990206718445
35,right,0.2251843512058258,0.719719648361206,-1.306461570038664e-07,0.25113654136657715,0.6553230881690979,0.004107243847101927,0.30376046895980835,0.6252942681312561,0.0008985454915091395,0.3527069091796875,0.6233900785446167,-0.0029203894082456827,0.38530832529067993,0.6243079900741577,-0.004606463946402073,0.3117019236087799,0.6298542022705078,-0.021714206784963608,0.3760610520839691,0.626279354095459,-0.03723562881350517,0.38940301537513733,0.6208537220954895,-0.0390925258398056,0.3808208703994751,0.6197267174720764,-0.03529428318142891,0.31618985533714294,0.6749261021614075,-0.026687121018767357,0.37451887130737305,0.6777670383453369,-0.03546077758073807,0.3652838170528412,0.6759096384048462,-0.02806965634226799,0.3484717011451721,0.6766825318336487,-0.021238047629594803,0.31746986508369446,0.7219303250312805,-0.030740438029170036,0.369954377412796,0.7177336812019348,-0.03676991164684296,0.361496239900589,0.7139596939086914,-0.02483275718986988,0.3458895683288574,0.7143685817718506,-0.015253906138241291,0.31772828102111816,0.7622418403625488,-0.03427831456065178,0.37582728266716003,0.7637045383453369,-0.036452628672122955,0.40462037920951843,0.7633543014526367,-0.030962126329541206,0.425785094499588,0.7668053507804871,-0.025730179622769356
35,left,0.6759917140007019,0.5740862488746643,-2.8394981654855656e-07,0.6502135396003723,0.5144506096839905,-0.0034169259015470743,0.5961683988571167,0.48612189292907715,-0.010223066434264183,0.5486547946929932,0.4886421859264374,-0.015198815613985062,0.51698237657547,0.48343461751937866,-0.018814165145158768,0.6058897972106934,0.5047557950019836,-0.039084356278181076,0.5361493825912476,0.5178372859954834,-0.053574420511722565,0.5505844950675964,0.5154770612716675,-0.054768942296504974,0.5714442729949951,0.5138733386993408,-0.05245272070169449,0.608417809009552,0.5520948171615601,-0.04058673977851868,0.5388604998588562,0.5530555248260498,-0.051252104341983795,0.5536311864852905,0.5500657558441162,-0.047816868871450424,0.5743407607078552,0.5530215501785278,-0.04552392661571503,0.6089084148406982,0.5925662517547607,-0.04041234776377678,0.5428053140640259,0.5863118767738342,-0.046646177768707275,0.556944727897644,0.5845656394958496,-0.038717374205589294,0.5777127742767334,0.5868843197822571,-0.03391336649656296,0.606121301651001,0.6265815496444702,-0.03995055705308914,0.5465676784515381,0.6376943588256836,-0.04629331827163696,0.5146189332008362,0.6364084482192993,-0.04856739193201065,0.49268490076065063,0.6326682567596436,-0.0509805902838707
36,right,0.23313948512077332,0.6271852254867554,-3.716866103786742e-08,0.24229653179645538,0.5588921904563904,-0.0021655827295035124,0.28784647583961487,0.5128837823867798,-0.00654872041195631,0.3353913724422455,0.4970018267631531,-0.009987810626626015,0.36858999729156494,0.4881298542022705,-0.011724621057510376,0.2979060411453247,0.521260142326355,-0.020604675635695457,0.35403189063072205,0.5130023956298828,-0.02995128557085991,0.36927008628845215,0.49865078926086426,-0.030601168051362038,0.37558919191360474,0.48339223861694336,-0.02944519929587841,0.30876004695892334,0.5674160718917847,-0.023819860070943832,0.36299362778663635,0.5486921072006226,-0.035347405821084976,0.35050398111343384,0.5447494983673096,-0.031463414430618286,0.3335593640804291,0.5492594242095947,-0.025625115260481834,0.31647321581840515,0.6088239550590515,-0.026057355105876923,0.3652862310409546,0.5849207639694214,-0.03433992341160774,0.35484078526496887,0.5825414657592773,-0.024773672223091125,0.3396238684654236,0.5889005661010742,-0.015531654469668865,0.3216701149940491,0.6425314545631409,-0.02822279743850231,0.3675733208656311,0.627815306186676,-0.03094250150024891,0.3845159113407135,0.6199525594711304,-0.025580301880836487,0.3957548439502716,0.6185176372528076,-0.020246220752596855
36,left,0,0,0,0,0,0,0,0,0,0,0,0,0,0,0,0,0,0,0,0,0,0,0,0,0,0,0,0,0,0,0,0,0,0,0,0,0,0,0,0,0,0,0,0,0,0,0,0,0,0,0,0,0,0,0,0,0,0,0,0,0,0,0
