0.721197247505188,0.7344739437103271,-0.3363488018512726,0.32987096905708313,0.68930584192276,-0.011367020197212696
0.7215927243232727,0.7315189242362976,-0.38476788997650146,0.3298141360282898,0.6892496943473816,0.019156459718942642
0.7216910123825073,0.7294129133224487,-0.3751254379749298,0.3297629952430725,0.6893083453178406,-0.0061342366971075535
0.7217391133308411,0.728517472743988,-0.35712799429893494,0.3295845091342926,0.6895806193351746,-0.016573863103985786
0.7221629023551941,0.7283341288566589,-0.39858123660087585,0.3295247554779053,0.6898783445358276,0.017949625849723816
0.7225099205970764,0.7284144163131714,-0.3989662528038025,0.32911139726638794,0.6907798647880554,0.015577169135212898
0.7230130434036255,0.7290794849395752,-0.3909759819507599,0.329078733921051,0.691908597946167,0.01993449218571186
0.723098635673523,0.7327721118927002,-0.30724748969078064,0.32722198963165283,0.7015007734298706,-0.06803751736879349
0.7231084704399109,0.7351688146591187,-0.2600322365760803,0.323900043964386,0.7067948579788208,-0.1313624083995819
0.7211403250694275,0.7358070611953735,-0.22049491107463837,0.32131391763687134,0.7085649967193604,-0.21413035690784454
0.7188790440559387,0.7360212206840515,-0.23127961158752441,0.3190212845802307,0.7092663645744324,-0.2745821475982666
0.7168847918510437,0.7360236644744873,-0.18724174797534943,0.3164762854576111,0.7096854448318481,-0.24381884932518005
0.7149115204811096,0.7368758320808411,-0.22065699100494385,0.31344833970069885,0.7112964391708374,-0.3312303423881531
0.7139946222305298,0.737949550151825,-0.23531310260295868,0.3118608593940735,0.7140063643455505,-0.3306867480278015
0.7130148410797119,0.739956796169281,-0.24221868813037872,0.3117172420024872,0.7150784134864807,-0.34201136231422424
0.7129589319229126,0.7426631450653076,-0.24292874336242676,0.3116796612739563,0.7157866954803467,-0.3312135338783264
0.7128432393074036,0.7430541515350342,-0.24173882603645325,0.3119807243347168,0.7157111763954163,-0.3230845332145691
0.7128641605377197,0.7431011199951172,-0.24192146956920624,0.31200605630874634,0.7155011892318726,-0.32758158445358276
0.7128781676292419,0.7430815100669861,-0.2406175583600998,0.31226688623428345,0.715090811252594,-0.3333250880241394
0.7128540873527527,0.7432352900505066,-0.2381053864955902,0.31211453676223755,0.714773952960968,-0.34115272760391235
0.7128844857215881,0.7433834075927734,-0.23674002289772034,0.31209617853164673,0.7144889831542969,-0.3368307650089264
0.712896466255188,0.7441186308860779,-0.22009579837322235,0.3110112249851227,0.7131209969520569,-0.3319113850593567
0.712907075881958,0.7448295950889587,-0.21567487716674805,0.31097131967544556,0.7123823165893555,-0.33511146903038025
0.7132907509803772,0.7464964389801025,-0.21532420814037323,0.31078606843948364,0.7122853398323059,-0.33575981855392456
0.714142918586731,0.7477508783340454,-0.21089839935302734,0.3107960820198059,0.7122756242752075,-0.3339795470237732
0.7144408226013184,0.7479232549667358,-0.18594543635845184,0.31080061197280884,0.7122143507003784,-0.3321113586425781
0.7145041227340698,0.7481264472007751,-0.19222907721996307,0.3108087182044983,0.711280107498169,-0.3316956162452698
0.7142921686172485,0.7480106949806213,-0.17757181823253632,0.3108164668083191,0.7093077898025513,-0.3315048813819885
0.714066743850708,0.7479363679885864,-0.1798298954963684,0.31056201457977295,0.7080281972885132,-0.3319781422615051
0.7137171626091003,0.7479368448257446,-0.1759880632162094,0.31001904606819153,0.7080169916152954,-0.33216193318367004
0.7134848833084106,0.7479490637779236,-0.17472970485687256,0.30992841720581055,0.7080291509628296,-0.3243149220943451
0.7132500410079956,0.7478579878807068,-0.17367491126060486,0.3099130392074585,0.7073356509208679,-0.31957972049713135
0.7132434248924255,0.7478406429290771,-0.17290149629116058,0.3103232979774475,0.7071758508682251,-0.31875795125961304
0.7132468223571777,0.7478574514389038,-0.17415201663970947,0.3103245496749878,0.707277238368988,-0.3202705979347229
0.7133665680885315,0.7479966282844543,-0.17509578168392181,0.3110722303390503,0.7075290679931641,-0.31933945417404175
0.7133768796920776,0.747998833656311,-0.1757672131061554,0.3110642433166504,0.7079403400421143,-0.31934982538223267
