1,right,0,0,0,0,0,0,0,0,0,0,0,0,0,0,0,0,0,0,0,0,0,0,0,0,0,0,0,0,0,0,0,0,0,0,0,0,0,0,0,0,0,0,0,0,0,0,0,0,0,0,0,0,0,0,0,0,0,0,0,0,0,0,0
1,left,0,0,0,0,0,0,0,0,0,0,0,0,0,0,0,0,0,0,0,0,0,0,0,0,0,0,0,0,0,0,0,0,0,0,0,0,0,0,0,0,0,0,0,0,0,0,0,0,0,0,0,0,0,0,0,0,0,0,0,0,0,0,0
2,right,0,0,0,0,0,0,0,0,0,0,0,0,0,0,0,0,0,0,0,0,0,0,0,0,0,0,0,0,0,0,0,0,0,0,0,0,0,0,0,0,0,0,0,0,0,0,0,0,0,0,0,0,0,0,0,0,0,0,0,0,0,0,0
2,left,0,0,0,0,0,0,0,0,0,0,0,0,0,0,0,0,0,0,0,0,0,0,0,0,0,0,0,0,0,0,0,0,0,0,0,0,0,0,0,0,0,0,0,0,0,0,0,0,0,0,0,0,0,0,0,0,0,0,0,0,0,0,0
3,right,0,0,0,0,0,0,0,0,0,0,0,0,0,0,0,0,0,0,0,0,0,0,0,0,0,0,0,0,0,0,0,0,0,0,0,0,0,0,0,0,0,0,0,0,0,0,0,0,0,0,0,0,0,0,0,0,0,0,0,0,0,0,0
3,left,0,0,0,0,0,0,0,0,0,0,0,0,0,0,0,0,0,0,0,0,0,0,0,0,0,0,0,0,0,0,0,0,0,0,0,0,0,0,0,0,0,0,0,0,0,0,0,0,0,0,0,0,0,0,0,0,0,0,0,0,0,0,0
4,right,0,0,0,0,0,0,0,0,0,0,0,0,0,0,0,0,0,0,0,0,0,0,0,0,0,0,0,0,0,0,0,0,0,0,0,0,0,0,0,0,0,0,0,0,0,0,0,0,0,0,0,0,0,0,0,0,0,0,0,0,0,0,0
4,left,0.671478807926178,0.7378095984458923,-2.808758665651112e-07,0.6758403182029724,0.6444279551506042,-0.015000639483332634,0.6745485663414001,0.5618744492530823,-0.04535641893744469,0.6391999125480652,0.5149241089820862,-0.0722435712814331,0.6027758121490479,0.5017423033714294,-0.10208268463611603,0.7411738038063049,0.5859680771827698,-0.08916377276182175,0.6624734997749329,0.49533891677856445,-0.126972034573555,0.6119202375411987,0.46648162603378296,-0.14614617824554443,0.5802488327026367,0.45187515020370483,-0.15621598064899445,0.7269595265388489,0.6397855877876282,-0.09811007231473923,0.6476827263832092,0.5349572896957397,-0.13281965255737305,0.597722053527832,0.4896220564842224,-0.14216850697994232,0.5640268325805664,0.4648023545742035,-0.1500200629234314,0.6977137327194214,0.6758501529693604,-0.10473629832267761,0.6245483756065369,0.5679981112480164,-0.13306854665279388,0.5811710357666016,0.516991138458252,-0.13281875848770142,0.5521623492240906,0.4852806031703949,-0.1324222832918167,0.6600919365882874,0.692915141582489,-0.11079708486795425,0.6055279970169067,0.6051862239837646,-0.13143500685691833,0.5781525373458862,0.5574941039085388,-0.13064034283161163,0.5590041279792786,0.522502601146698,-0.13001373410224915
5,right,0.28068438172340393,0.7809135913848877,8.833061428958899e-07,0.23550133407115936,0.714073657989502,-0.017421893775463104,0.21846316754817963,0.629604697227478,-0.04309430718421936,0.2407926619052887,0.553338885307312,-0.06456846743822098,0.26511794328689575,0.5031983256340027,-0.08541623502969742,0.1774701178073883,0.6640614867210388,-0.08456935733556747,0.22404468059539795,0.5405421853065491,-0.11962904781103134,0.25935328006744385,0.47633469104766846,-0.13417237997055054,0.2887750267982483,0.4322795271873474,-0.14034979045391083,0.2185434252023697,0.6950214505195618,-0.09064765274524689,0.25945985317230225,0.5599632859230042,-0.1251707226037979,0.29534077644348145,0.4815558195114136,-0.131536066532135,0.3231075406074524,0.4309006929397583,-0.13470831513404846,0.26420679688453674,0.7069271802902222,-0.09499584883451462,0.29914727807044983,0.5786474943161011,-0.11925551295280457,0.32721513509750366,0.5009136199951172,-0.11882549524307251,0.34532102942466736,0.4498746693134308,-0.11691763997077942,0.3073805570602417,0.7013096213340759,-0.10021490603685379,0.32995766401290894,0.5954553484916687,-0.11281368136405945,0.34304484724998474,0.5369841456413269,-0.11080202460289001,0.3512381911277771,0.49513593316078186,-0.10882214456796646
5,left,0.6531270146369934,0.7036879062652588,-7.744254126862415e-09,0.6754090189933777,0.6342988610267639,-0.01303484570235014,0.6759037375450134,0.5508393049240112,-0.03438325598835945,0.6440959572792053,0.4980185329914093,-0.051208823919296265,0.6101383566856384,0.4694424569606781,-0.06954333931207657,0.7139885425567627,0.5651913285255432,-0.08034810423851013,0.6470319628715515,0.4680638313293457,-0.1113985925912857,0.6016414761543274,0.4308156371116638,-0.12316741049289703,0.5687791109085083,0.40930500626564026,-0.1271618753671646,0.6870580315589905,0.6063112020492554,-0.08547062426805496,0.6210030317306519,0.49539700150489807,-0.11591573059558868,0.5731905102729797,0.45158958435058594,-0.12123352289199829,0.5427364110946655,0.42979609966278076,-0.12335207313299179,0.6504814624786377,0.6334443688392639,-0.088261678814888,0.5940949320793152,0.5223405957221985,-0.11085663735866547,0.5540871024131775,0.4786194860935211,-0.11083021759986877,0.5289461612701416,0.4561454653739929,-0.10833841562271118,0.6103759407997131,0.6464587450027466,-0.09035985171794891,0.574044942855835,0.5513437390327454,-0.10607579350471497,0.5526793599128723,0.5062226057052612,-0.1065976694226265,0.5373312830924988,0.4766403138637543,-0.10534912347793579
6,right,0.2964518964290619,0.7837833166122437,9.350895879833843e-07,0.2529613971710205,0.725757896900177,-0.02392215095460415,0.22931286692619324,0.6488810777664185,-0.05334237590432167,0.2462988644838333,0.5719748735427856,-0.07784238457679749,0.26996588706970215,0.5200174450874329,-0.1023145318031311,0.1901666820049286,0.6760774254798889,-0.09373511373996735,0.23240502178668976,0.5518720746040344,-0.1353064626455307,0.269986629486084,0.4869576692581177,-0.16014225780963898,0.30149340629577637,0.44083231687545776,-0.17482717335224152,0.22982355952262878,0.7116129398345947,-0.09802066534757614,0.2764328718185425,0.5756189823150635,-0.14095233380794525,0.3128385543823242,0.4968178868293762,-0.1562727391719818,0.3414459824562073,0.44333526492118835,-0.16670383512973785,0.27460992336273193,0.7272354364395142,-0.10063624382019043,0.3207054138183594,0.5952576994895935,-0.13180069625377655,0.34619009494781494,0.51850426197052,-0.13597306609153748,0.36700838804244995,0.46665531396865845,-0.13688555359840393,0.31590789556503296,0.72300785779953,-0.10450702160596848,0.34525036811828613,0.6150815486907959,-0.11971758306026459,0.3558860719203949,0.5563062429428101,-0.1188797578215599,0.36478734016418457,0.5120341181755066,-0.11801258474588394
6,left,0.6309597492218018,0.711733341217041,-1.9057091549257166e-07,0.6636960506439209,0.6535125374794006,-0.014986594207584858,0.6762369275093079,0.5781474113464355,-0.040677107870578766,0.6509045958518982,0.508415699005127,-0.06114733964204788,0.6186056733131409,0.46521472930908203,-0.08435320854187012,0.7058205008506775,0.5915076732635498,-0.09263933449983597,0.646586537361145,0.48435112833976746,-0.1204783022403717,0.605492889881134,0.4366726279258728,-0.1276199370622635,0.5748335719108582,0.41319364309310913,-0.12985306978225708,0.6724449396133423,0.6281566619873047,-0.09765349328517914,0.6166656613349915,0.5047043561935425,-0.12495012581348419,0.5730539560317993,0.4538671672344208,-0.1263681948184967,0.544079065322876,0.4278682470321655,-0.12880927324295044,0.6341250538825989,0.6491451859474182,-0.09922189265489578,0.5890858173370361,0.5331302285194397,-0.1222023293375969,0.554314136505127,0.4794522523880005,-0.12053132057189941,0.5315506458282471,0.45341962575912476,-0.11973325908184052,0.5948511958122253,0.6546553373336792,-0.09986492991447449,0.5679969191551208,0.5608540773391724,-0.12051871418952942,0.547819197177887,0.5124022960662842,-0.12270192056894302,0.5320078134536743,0.4850539267063141,-0.12337110191583633
7,right,0.2882773280143738,0.8064001798629761,9.194400831802341e-07,0.24511733651161194,0.7399521470069885,-0.018985360860824585,0.23341713845729828,0.6531351804733276,-0.045177869498729706,0.25989148020744324,0.5800818800926208,-0.06571139395236969,0.2839677929878235,0.5313017964363098,-0.0860549658536911,0.19402438402175903,0.6960528492927551,-0.09483464807271957,0.24471920728683472,0.5713872909545898,-0.13011077046394348,0.2812233567237854,0.5042011141777039,-0.14296458661556244,0.3114749491214752,0.45971253514289856,-0.1473570615053177,0.23622280359268188,0.7307413220405579,-0.09879139065742493,0.27812638878822327,0.5935409069061279,-0.1343231201171875,0.3153233230113983,0.5148746967315674,-0.1400974988937378,0.34230777621269226,0.4658903479576111,-0.14276501536369324,0.28323420882225037,0.7449312806129456,-0.10011197626590729,0.3171394467353821,0.6160187721252441,-0.12398162484169006,0.34622395038604736,0.5378877520561218,-0.12422730773687363,0.36423349380493164,0.4861297309398651,-0.12321525067090988,0.3267800509929657,0.7411198616027832,-0.10189855843782425,0.3472974896430969,0.634964108467102,-0.11435873806476593,0.3605779707431793,0.5725111365318298,-0.1136176586151123,0.3693190813064575,0.5266826152801514,-0.11299847066402435
7,left,0.6404535174369812,0.7439717650413513,6.248634321082136e-08,0.6686596870422363,0.670304536819458,-0.02167203277349472,0.674370288848877,0.5938806533813477,-0.0490664541721344,0.6389498114585876,0.5439417362213135,-0.06942468136548996,0.5965625643730164,0.5282621383666992,-0.0917976126074791,0.7008799910545349,0.6380679607391357,-0.0939178317785263,0.6431823968887329,0.5282937288284302,-0.1266120821237564,0.6034892201423645,0.4823412299156189,-0.13968278467655182,0.5732185244560242,0.45018574595451355,-0.1449027955532074,0.6709787249565125,0.6765097379684448,-0.0953216701745987,0.6135038733482361,0.5504900813102722,-0.12653103470802307,0.5740790367126465,0.4933643937110901,-0.1328093409538269,0.5480232834815979,0.45836207270622253,-0.13630320131778717,0.6332737803459167,0.6967858076095581,-0.09403396397829056,0.584858775138855,0.5723974108695984,-0.11887136846780777,0.5553318858146667,0.5152837634086609,-0.11901998519897461,0.5348871946334839,0.4800127148628235,-0.11714073270559311,0.5922898054122925,0.6990044713020325,-0.09227591753005981,0.5603774785995483,0.6023063659667969,-0.10959811508655548,0.5458005666732788,0.551021933555603,-0.10823411494493484,0.5353148579597473,0.5131816864013672,-0.10589434206485748
8,right,0.30010733008384705,0.8069267272949219,1.0217145245405845e-06,0.2568035125732422,0.7483928799629211,-0.02623238041996956,0.23635287582874298,0.6760748028755188,-0.05907156690955162,0.2587776482105255,0.6054713129997253,-0.08598734438419342,0.2884134352207184,0.5572484731674194,-0.11296827346086502,0.19797539710998535,0.7117107510566711,-0.10348381847143173,0.2405226081609726,0.5928448438644409,-0.1463145762681961,0.27982985973358154,0.5274554491043091,-0.17187103629112244,0.3135356307029724,0.4813917577266693,-0.18723860383033752,0.23793624341487885,0.7506905794143677,-0.10681915283203125,0.28671881556510925,0.6152675747871399,-0.15138958394527435,0.3235856294631958,0.5355873107910156,-0.16695328056812286,0.35075363516807556,0.48302745819091797,-0.17797236144542694,0.28309696912765503,0.7675409317016602,-0.10800892114639282,0.32951098680496216,0.6356942057609558,-0.1398167908191681,0.3555384874343872,0.5556057691574097,-0.14416351914405823,0.3749071955680847,0.5050094127655029,-0.14552587270736694,0.323531836271286,0.7631944417953491,-0.11038707941770554,0.35446587204933167,0.6540012955665588,-0.12565472722053528,0.3652117848396301,0.592937707901001,-0.12484326958656311,0.37318944931030273,0.5497958064079285,-0.12440983951091766
8,left,0.6238905191421509,0.710378885269165,3.550573239863297e-07,0.6483033895492554,0.6534996032714844,-0.027337858453392982,0.6588742733001709,0.6025261878967285,-0.05922143906354904,0.6417351961135864,0.5778125524520874,-0.08351975679397583,0.6105077862739563,0.5737344026565552,-0.10988334566354752,0.6918243765830994,0.66753751039505,-0.11084688454866409,0.63819819688797,0.564950168132782,-0.14813710749149323,0.6026942729949951,0.513974666595459,-0.16275203227996826,0.5753136277198792,0.48047783970832825,-0.16833025217056274,0.6654742360115051,0.707506000995636,-0.11126167327165604,0.6101146936416626,0.5888465642929077,-0.14980792999267578,0.5716331601142883,0.528420627117157,-0.1570306271314621,0.5465312600135803,0.49246883392333984,-0.15992973744869232,0.6300874948501587,0.7270004749298096,-0.10860657691955566,0.5846233367919922,0.613821804523468,-0.13993500173091888,0.5543763637542725,0.5523034334182739,-0.14196620881557465,0.534267246723175,0.512377142906189,-0.14019227027893066,0.5911689400672913,0.7275047898292542,-0.10573898255825043,0.5650774240493774,0.6412129998207092,-0.1254936307668686,0.5501705408096313,0.5888857841491699,-0.12476067245006561,0.5396192669868469,0.5473226308822632,-0.1231963187456131
9,right,0.29386135935783386,0.8086634278297424,9.179065614262072e-07,0.24861378967761993,0.7436137199401855,-0.020053114742040634,0.23486924171447754,0.6566421985626221,-0.045554738491773605,0.2617836892604828,0.5823134779930115,-0.06544095277786255,0.28761234879493713,0.5339621305465698,-0.08491815626621246,0.19287368655204773,0.6941859126091003,-0.08947774022817612,0.2437627762556076,0.5687016248703003,-0.12258847057819366,0.27968525886535645,0.504540205001831,-0.13476938009262085,0.3104878067970276,0.4619450867176056,-0.1389554888010025,0.2341076135635376,0.7288357019424438,-0.09217745810747147,0.2776522934436798,0.5920553803443909,-0.12549728155136108,0.314292848110199,0.5155584812164307,-0.13069023191928864,0.34151822328567505,0.46876659989356995,-0.13297989964485168,0.2804998755455017,0.7428919076919556,-0.09264474362134933,0.31773436069488525,0.6121227145195007,-0.11492188274860382,0.3465634882450104,0.5357725620269775,-0.11414040625095367,0.3643137812614441,0.4867883324623108,-0.11221163719892502,0.3233892619609833,0.7382702231407166,-0.09387044608592987,0.3469434678554535,0.6299272179603577,-0.1043434739112854,0.3609757125377655,0.5721436142921448,-0.10170780122280121,0.36934876441955566,0.5319086313247681,-0.0995115339756012
9,left,0.6351812481880188,0.7476356029510498,1.8781500443765253e-07,0.6646900773048401,0.6785401105880737,-0.021350208669900894,0.6718399524688721,0.6064221858978271,-0.047663621604442596,0.6379340887069702,0.5676254630088806,-0.06770890951156616,0.6008501648902893,0.5575435757637024,-0.0899634137749672,0.6938212513923645,0.6394370198249817,-0.09309063851833344,0.6379321217536926,0.5315471887588501,-0.12679412961006165,0.6005593538284302,0.4863768517971039,-0.13988801836967468,0.5718496441841125,0.45691099762916565,-0.14451834559440613,0.6614804863929749,0.6817079782485962,-0.09531042724847794,0.6062769293785095,0.560032844543457,-0.1281834840774536,0.567466676235199,0.5033010840415955,-0.13519196212291718,0.5405893325805664,0.470081090927124,-0.13866479694843292,0.6237218976020813,0.707613468170166,-0.09513847529888153,0.5787330269813538,0.5878651738166809,-0.12162353098392487,0.5487801432609558,0.5308153033256531,-0.12414458394050598,0.5264574289321899,0.49610695242881775,-0.1233956515789032,0.5855649709701538,0.716420590877533,-0.09450089186429977,0.5590519905090332,0.6193867921829224,-0.11367100477218628,0.5450873374938965,0.5683318376541138,-0.11418571323156357,0.5317646265029907,0.5327379107475281,-0.11291220784187317
10,right,0.29548200964927673,0.7700360417366028,1.0024592711488367e-06,0.2514154016971588,0.7188110947608948,-0.02448466047644615,0.2300456464290619,0.6462708711624146,-0.054172806441783905,0.2502403259277344,0.5715227127075195,-0.07895861566066742,0.2784537076950073,0.5213160514831543,-0.10359745472669601,0.19345229864120483,0.6670162677764893,-0.091422438621521,0.23763544857501984,0.5483313798904419,-0.13308009505271912,0.2741895318031311,0.484932005405426,-0.15840958058834076,0.3017042577266693,0.44061556458473206,-0.17334605753421783,0.23052339255809784,0.7005927562713623,-0.09522177278995514,0.27954280376434326,0.5642558932304382,-0.13538587093353271,0.314312607049942,0.48806527256965637,-0.14853177964687347,0.33962419629096985,0.43514376878738403,-0.15790414810180664,0.2727765440940857,0.716033399105072,-0.09792564064264297,0.3216966390609741,0.5841090083122253,-0.12674355506896973,0.3460877537727356,0.5123907923698425,-0.12844420969486237,0.3651323914527893,0.4632384777069092,-0.12816496193408966,0.314641535282135,0.7120423913002014,-0.10224240273237228,0.34666138887405396,0.6049433946609497,-0.11599310487508774,0.3583187758922577,0.5472938418388367,-0.11358704417943954,0.3672989010810852,0.503913164138794,-0.11176730692386627
10,left,0.6196534037590027,0.7187417149543762,-2.3290056105906842e-08,0.6536727547645569,0.6675853729248047,-0.018290311098098755,0.6700282692909241,0.5955681800842285,-0.044811975210905075,0.6458987593650818,0.5273643732070923,-0.06450672447681427,0.61353999376297,0.48364001512527466,-0.08694923669099808,0.6965038776397705,0.6181963682174683,-0.10003723949193954,0.6443696618080139,0.5092847943305969,-0.12717224657535553,0.607248842716217,0.4549137353897095,-0.13318592309951782,0.5791122913360596,0.4247239828109741,-0.13493458926677704,0.6609137058258057,0.6523114442825317,-0.102923184633255,0.61327064037323,0.5272381901741028,-0.13164307177066803,0.5758653879165649,0.4670449495315552,-0.13454174995422363,0.5505725741386414,0.43583691120147705,-0.13794030249118805,0.6216701865196228,0.6677477359771729,-0.10181393474340439,0.5832691788673401,0.5477863550186157,-0.1259980946779251,0.5532135963439941,0.48439478874206543,-0.12713997066020966,0.5329139232635498,0.4512273073196411,-0.12809863686561584,0.5818334221839905,0.6667280197143555,-0.09950084984302521,0.5597131252288818,0.5714485049247742,-0.1211165189743042,0.541961669921875,0.5188776254653931,-0.12476329505443573,0.527656614780426,0.4884408414363861,-0.12654341757297516
11,right,0.2940366268157959,0.7608449459075928,1.0130055443369201e-06,0.2526390254497528,0.7068780660629272,-0.02959650754928589,0.2340357005596161,0.633735716342926,-0.06380197405815125,0.25414204597473145,0.558833658695221,-0.09244577586650848,0.2804376482963562,0.5089945793151855,-0.12157557159662247,0.1933431178331375,0.6607238054275513,-0.10105390846729279,0.23730114102363586,0.5430435538291931,-0.14375236630439758,0.27265843749046326,0.4782666265964508,-0.16839599609375,0.3002834618091583,0.43156591057777405,-0.18304677307605743,0.2319655865430832,0.694077730178833,-0.10410140454769135,0.28159040212631226,0.5584669709205627,-0.14846228063106537,0.31603607535362244,0.48428696393966675,-0.16240553557872772,0.33979567885398865,0.4333335757255554,-0.17132452130317688,0.2761152982711792,0.7091626524925232,-0.10592277348041534,0.32438501715660095,0.5796148777008057,-0.1393812745809555,0.3482111096382141,0.5081448554992676,-0.14175982773303986,0.36688679456710815,0.4594457149505615,-0.1406150907278061,0.31809839606285095,0.7075218558311462,-0.1094508096575737,0.34866783022880554,0.6035133600234985,-0.1262553185224533,0.3601842224597931,0.5432385206222534,-0.12449616938829422,0.36976584792137146,0.4979093074798584,-0.12250606715679169
11,left,0.6261107921600342,0.7072014212608337,-5.367465760741652e-08,0.6567386984825134,0.6389787197113037,-0.01556555088609457,0.6683114767074585,0.557816743850708,-0.03884955123066902,0.6373319029808044,0.5010675191879272,-0.05676022917032242,0.6053727865219116,0.47143813967704773,-0.076207734644413,0.7009947896003723,0.5863019824028015,-0.08294221013784409,0.6421666145324707,0.472111314535141,-0.11526075750589371,0.6017169952392578,0.42857950925827026,-0.12812213599681854,0.5741869807243347,0.40348464250564575,-0.13226521015167236,0.6677717566490173,0.62483811378479,-0.08680322021245956,0.6107951402664185,0.49526336789131165,-0.11656834930181503,0.5707643032073975,0.444058895111084,-0.12136297672986984,0.5464164614677429,0.4196886718273163,-0.12342628091573715,0.6287028789520264,0.64566969871521,-0.08845183998346329,0.5821804404258728,0.5204615592956543,-0.11116664856672287,0.5500537157058716,0.4687027037143707,-0.11027378588914871,0.528888463973999,0.441740483045578,-0.10746952146291733,0.5884220600128174,0.6493855714797974,-0.0895715206861496,0.5591955780982971,0.5488725900650024,-0.10489410161972046,0.5446362495422363,0.5032061338424683,-0.10298116505146027,0.5330550670623779,0.47412964701652527,-0.10013213008642197
12,right,0.2962345778942108,0.7862022519111633,9.383139740748447e-07,0.2499031126499176,0.7242991924285889,-0.01703919656574726,0.2368740737438202,0.6360626816749573,-0.04083417356014252,0.26258307695388794,0.5596973896026611,-0.05882338806986809,0.2867133915424347,0.5110239386558533,-0.07661999762058258,0.1966298371553421,0.6731731295585632,-0.08790694922208786,0.24630416929721832,0.5531050562858582,-0.11995790898799896,0.28130313754081726,0.4867247939109802,-0.1317029595375061,0.3113080561161041,0.4418151080608368,-0.13565164804458618,0.23783430457115173,0.7061716318130493,-0.09124059975147247,0.28008803725242615,0.5712540149688721,-0.12334481626749039,0.31615781784057617,0.49362969398498535,-0.12868331372737885,0.34302669763565063,0.44463229179382324,-0.1312909573316574,0.28412777185440063,0.7195937037467957,-0.09182429313659668,0.31954818964004517,0.5915601253509521,-0.11306967586278915,0.34910884499549866,0.5149271488189697,-0.11346874386072159,0.3677729368209839,0.46507787704467773,-0.11268210411071777,0.3266274034976959,0.7152630090713501,-0.09263734519481659,0.3494179844856262,0.6088919043540955,-0.10321079194545746,0.36282527446746826,0.5493497848510742,-0.10215942561626434,0.3710097670555115,0.5056145191192627,-0.1012776792049408
12,left,0.6192198991775513,0.7242714762687683,-2.0898339414543443e-07,0.6575585603713989,0.6673268675804138,-0.016912007704377174,0.6700347661972046,0.5930193662643433,-0.044701796025037766,0.6460858583450317,0.5217226147651672,-0.0665692389011383,0.6124748587608337,0.4789268374443054,-0.09081946313381195,0.698577880859375,0.6135134696960449,-0.09912639856338501,0.6470279693603516,0.4982854723930359,-0.12632837891578674,0.610887885093689,0.4458666443824768,-0.12994560599327087,0.5825214385986328,0.4197298288345337,-0.1292925775051117,0.664059042930603,0.6473280191421509,-0.10291527956724167,0.6152754426002502,0.5194071531295776,-0.13111206889152527,0.5765668153762817,0.46320801973342896,-0.1305387020111084,0.5512984395027161,0.43355029821395874,-0.13094398379325867,0.625632643699646,0.6638728380203247,-0.10276871174573898,0.5858154296875,0.5410162210464478,-0.1265438050031662,0.555260956287384,0.48318925499916077,-0.12336315959692001,0.5360630750656128,0.4552554786205292,-0.12103138864040375,0.5867316126823425,0.6643868684768677,-0.10162101686000824,0.5629351139068604,0.5650928020477295,-0.12126291543245316,0.5458039045333862,0.5145012736320496,-0.12141884863376617,0.5324869751930237,0.4876645505428314,-0.12057002633810043
13,right,0.303873211145401,0.7907293438911438,1.0002819408327923e-06,0.2600381374359131,0.7335982322692871,-0.025608466938138008,0.23743698000907898,0.6602103114128113,-0.05688907206058502,0.25837454199790955,0.5864529013633728,-0.08274705708026886,0.28832998871803284,0.5364692807197571,-0.10860662162303925,0.19931598007678986,0.690482497215271,-0.09753549844026566,0.2426184117794037,0.5707247853279114,-0.139625683426857,0.28139951825141907,0.5054280757904053,-0.1648181825876236,0.3139711022377014,0.4597824811935425,-0.17977428436279297,0.2391730397939682,0.7276716828346252,-0.10109967738389969,0.28821906447410583,0.5906937718391418,-0.14422230422496796,0.32535862922668457,0.5122677087783813,-0.1588984727859497,0.35354122519493103,0.4608386158943176,-0.16893739998340607,0.2840876579284668,0.7439956665039062,-0.10295267403125763,0.3305671513080597,0.6110944151878357,-0.1341470330953598,0.35660845041275024,0.5339004397392273,-0.13751010596752167,0.37709343433380127,0.48418354988098145,-0.13789406418800354,0.3254672586917877,0.7400327920913696,-0.10617475211620331,0.3563472628593445,0.6306732296943665,-0.1211833506822586,0.36753591895103455,0.5714042782783508,-0.11975432932376862,0.37676310539245605,0.5288323163986206,-0.11853821575641632
13,left,0.6332254409790039,0.7461389303207397,1.450740683139884e-07,0.6632296442985535,0.6767922043800354,-0.019709168002009392,0.6733238101005554,0.6018096804618835,-0.04621970281004906,0.64390629529953,0.5586081147193909,-0.06647542864084244,0.6099687218666077,0.5406357645988464,-0.08856505155563354,0.697370707988739,0.6251906156539917,-0.09415631741285324,0.6420518159866333,0.518114447593689,-0.1294257491827011,0.6043100357055664,0.4747812747955322,-0.14246609807014465,0.5763714909553528,0.44756653904914856,-0.14634791016578674,0.6645216941833496,0.6657440066337585,-0.0968855619430542,0.6115702986717224,0.541581392288208,-0.1317870169878006,0.5724858641624451,0.4869954586029053,-0.13773173093795776,0.5471857190132141,0.45628511905670166,-0.1394803673028946,0.6266423463821411,0.6905653476715088,-0.09718833118677139,0.5857278108596802,0.5713831186294556,-0.12476329505443573,0.5552613139152527,0.5152984857559204,-0.12645235657691956,0.533105194568634,0.48217132687568665,-0.12426987290382385,0.5888295769691467,0.6995182037353516,-0.0968315377831459,0.5647042989730835,0.6013484597206116,-0.11484462767839432,0.5521299839019775,0.5519092679023743,-0.11396127194166183,0.5406128168106079,0.5182194113731384,-0.11139621585607529
14,right,0.2928052842617035,0.804147481918335,9.229569286617334e-07,0.2501026690006256,0.7360226511955261,-0.01831570267677307,0.23737186193466187,0.6504911780357361,-0.043428562581539154,0.26296761631965637,0.5760380029678345,-0.06358157098293304,0.2862913906574249,0.5254459381103516,-0.08309824764728546,0.1949428915977478,0.6874251961708069,-0.08674082905054092,0.24707487225532532,0.565116286277771,-0.12137087434530258,0.2838672995567322,0.5006030797958374,-0.13539835810661316,0.3157525658607483,0.4568363130092621,-0.14103567600250244,0.23511186242103577,0.7228900790214539,-0.09119798243045807,0.2796608805656433,0.5893425941467285,-0.12636882066726685,0.3176015615463257,0.5125815868377686,-0.13358518481254578,0.3458937704563141,0.4632221758365631,-0.1373908668756485,0.2809247076511383,0.7376999855041504,-0.09364981949329376,0.3199962079524994,0.611095666885376,-0.11775577068328857,0.3495558202266693,0.5331611633300781,-0.11918096244335175,0.36834901571273804,0.4803416132926941,-0.11884891241788864,0.3242735266685486,0.7340907454490662,-0.09673941880464554,0.34941524267196655,0.6302906274795532,-0.10929287225008011,0.3637990355491638,0.5678449273109436,-0.10922633111476898,0.37370193004608154,0.5200608372688293,-0.10895703732967377
14,left,0.6319342851638794,0.7282416224479675,2.1013067907915683e-07,0.6625221967697144,0.6647247076034546,-0.0201572272926569,0.6734681725502014,0.5963068008422852,-0.045190490782260895,0.6442916989326477,0.5597035884857178,-0.06402312219142914,0.6081504225730896,0.5498517155647278,-0.08467638492584229,0.6962018013000488,0.6307546496391296,-0.09208876639604568,0.639186680316925,0.5269901752471924,-0.12582546472549438,0.6014600396156311,0.4809874892234802,-0.1378754824399948,0.573558509349823,0.4512915313243866,-0.14148303866386414,0.6645939946174622,0.6698915958404541,-0.09466038644313812,0.6113001704216003,0.548869788646698,-0.1290576159954071,0.5721836686134338,0.493587851524353,-0.13475175201892853,0.5470635890960693,0.4624853730201721,-0.13611477613449097,0.6272849440574646,0.6934784650802612,-0.09475751966238022,0.5852895379066467,0.5779455900192261,-0.12107152491807938,0.5541335344314575,0.5212855339050293,-0.12160974740982056,0.5329983830451965,0.4854561686515808,-0.11888433247804642,0.5894506573677063,0.7019028067588806,-0.09451373666524887,0.5642645359039307,0.6082073450088501,-0.11090375483036041,0.5514411330223083,0.5568588972091675,-0.10887634754180908,0.5411003828048706,0.519584059715271,-0.10587864369153976
15,right,0,0,0,0,0,0,0,0,0,0,0,0,0,0,0,0,0,0,0,0,0,0,0,0,0,0,0,0,0,0,0,0,0,0,0,0,0,0,0,0,0,0,0,0,0,0,0,0,0,0,0,0,0,0,0,0,0,0,0,0,0,0,0
15,left,0.6344503164291382,0.737438976764679,3.217233413010945e-08,0.6660817265510559,0.6702606678009033,-0.012849352322518826,0.676336944103241,0.5935028195381165,-0.03372890502214432,0.6469334959983826,0.5421429872512817,-0.05012951046228409,0.6129890084266663,0.517485499382019,-0.06810181587934494,0.6991234421730042,0.6137346029281616,-0.07697717845439911,0.6443421840667725,0.5031826496124268,-0.1064322292804718,0.6081772446632385,0.4577881097793579,-0.11647737771272659,0.581284761428833,0.4278278648853302,-0.11911618709564209,0.66551673412323,0.6489947438240051,-0.082129567861557,0.6113480925559998,0.5217668414115906,-0.11095838248729706,0.5737877488136292,0.46904757618904114,-0.11536113172769547,0.5495049953460693,0.4392033815383911,-0.11662677675485611,0.6273108124732971,0.6701704859733582,-0.08478568494319916,0.5840151309967041,0.5473266243934631,-0.10632726550102234,0.5551197528839111,0.49558043479919434,-0.10515456646680832,0.5346494317054749,0.46567150950431824,-0.10190212726593018,0.5890553593635559,0.6780130863189697,-0.08682920783758163,0.5636012554168701,0.577370285987854,-0.1008133813738823,0.5519630908966064,0.5302180051803589,-0.098115473985672,0.5415627956390381,0.498605877161026,-0.0945446789264679
16,right,0.2986299991607666,0.7780604362487793,1.0060135764433653e-06,0.250075101852417,0.7149015665054321,-0.01357453316450119,0.23248900473117828,0.6295487284660339,-0.03665555641055107,0.25652557611465454,0.549087643623352,-0.05502341687679291,0.28233376145362854,0.49644380807876587,-0.0734572634100914,0.19201472401618958,0.6554030776023865,-0.08250957727432251,0.2398441880941391,0.534210741519928,-0.11446411162614822,0.2754904627799988,0.47018158435821533,-0.1284150332212448,0.3056947886943817,0.42581096291542053,-0.13437068462371826,0.23280905187129974,0.6889323592185974,-0.0878102108836174,0.2776409387588501,0.5512313842773438,-0.117354616522789,0.3137170374393463,0.4757678806781769,-0.12298484891653061,0.3404383361339569,0.429171085357666,-0.12694807350635529,0.2794486880302429,0.7038044929504395,-0.09044578671455383,0.31681182980537415,0.5733907222747803,-0.10869629681110382,0.34488800168037415,0.499420702457428,-0.10823486000299454,0.36298614740371704,0.45311880111694336,-0.10787960141897202,0.32236889004707336,0.7001579999923706,-0.09337618201971054,0.3447324335575104,0.5925309658050537,-0.10133231431245804,0.3574618399143219,0.5348228216171265,-0.09869992733001709,0.3662399351596832,0.4940286874771118,-0.0970131903886795
16,left,0.6204211711883545,0.711483895778656,-6.341345937244114e-08,0.6554323434829712,0.6566541194915771,-0.01708219014108181,0.6713255643844604,0.5799639821052551,-0.04331323876976967,0.6473143696784973,0.5096232891082764,-0.06307090818881989,0.6172729730606079,0.46478623151779175,-0.08469293266534805,0.701286256313324,0.6036319732666016,-0.09716527163982391,0.6505919694900513,0.48897284269332886,-0.12394450604915619,0.6142304539680481,0.436994731426239,-0.12869057059288025,0.5882908701896667,0.4118974208831787,-0.12885867059230804,0.6643977165222168,0.6381903290748596,-0.1003965511918068,0.6167142987251282,0.5070385336875916,-0.12834607064723969,0.5789388418197632,0.45166754722595215,-0.12836238741874695,0.5545896291732788,0.42625510692596436,-0.12880021333694458,0.623672366142273,0.6537911891937256,-0.10005488991737366,0.5871397256851196,0.5292003750801086,-0.12366784363985062,0.5565853118896484,0.471632182598114,-0.12122794985771179,0.5363413095474243,0.4450870752334595,-0.11876281350851059,0.5827984809875488,0.6539915800094604,-0.09869123995304108,0.5629625916481018,0.5512934923171997,-0.11891868710517883,0.5470426082611084,0.5015166997909546,-0.12028305977582932,0.5340926647186279,0.47393131256103516,-0.11992104351520538
17,right,0,0,0,0,0,0,0,0,0,0,0,0,0,0,0,0,0,0,0,0,0,0,0,0,0,0,0,0,0,0,0,0,0,0,0,0,0,0,0,0,0,0,0,0,0,0,0,0,0,0,0,0,0,0,0,0,0,0,0,0,0,0,0
17,left,0.6297990083694458,0.727898120880127,-2.6569718869495773e-08,0.6640096306800842,0.6578083634376526,-0.012818909250199795,0.6755504012107849,0.578301191329956,-0.03447337448596954,0.6449134349822998,0.5282070636749268,-0.05195408686995506,0.6067480444908142,0.5106894969940186,-0.07056157290935516,0.6959313154220581,0.5936148762702942,-0.07482392340898514,0.6402579545974731,0.47906211018562317,-0.10550610721111298,0.6029866933822632,0.4379447102546692,-0.11689906567335129,0.5764887928962708,0.4129560589790344,-0.11992647498846054,0.6625767946243286,0.6305930018424988,-0.0803450271487236,0.609931468963623,0.49721938371658325,-0.11056643724441528,0.5723840594291687,0.45053529739379883,-0.1152876690030098,0.5491504669189453,0.42573538422584534,-0.1160292848944664,0.6247138381004333,0.652294933795929,-0.08358296751976013,0.5858796834945679,0.5233879089355469,-0.10448361933231354,0.5550448298454285,0.47480782866477966,-0.1019991859793663,0.5328249931335449,0.4464481472969055,-0.09770125895738602,0.5877923369407654,0.659705400466919,-0.08645816892385483,0.5657761693000793,0.5546291470527649,-0.09736529737710953,0.5526658296585083,0.5082461833953857,-0.09189234673976898,0.5394449234008789,0.4792673885822296,-0.08662620931863785
18,right,0.29641491174697876,0.7883825302124023,9.672045280240127e-07,0.25002333521842957,0.7268487215042114,-0.020129209384322166,0.23615369200706482,0.6419037580490112,-0.04644005745649338,0.26184967160224915,0.5659366846084595,-0.06663060188293457,0.28576305508613586,0.5160008072853088,-0.08660627901554108,0.19551634788513184,0.6831366419792175,-0.09369354695081711,0.2439454346895218,0.5612384676933289,-0.12773071229457855,0.2790047526359558,0.4945681095123291,-0.14096467196941376,0.31051763892173767,0.44949230551719666,-0.14621689915657043,0.23811571300029755,0.7167473435401917,-0.09669984132051468,0.28094083070755005,0.5813136696815491,-0.1324564516544342,0.3158915936946869,0.5024511218070984,-0.13950568437576294,0.34165817499160767,0.45408251881599426,-0.14311246573925018,0.28467944264411926,0.7300911545753479,-0.09701155871152878,0.3210979998111725,0.5989068746566772,-0.12100154906511307,0.34825488924980164,0.5208025574684143,-0.12166157364845276,0.36411210894584656,0.47199827432632446,-0.12072519212961197,0.32581210136413574,0.7250099778175354,-0.09785535931587219,0.34814926981925964,0.6174861788749695,-0.11017823219299316,0.3600032329559326,0.5571473240852356,-0.10928492248058319,0.3665880858898163,0.5149990916252136,-0.10833443701267242
18,left,0.6201343536376953,0.7418079376220703,-1.7225382009655732e-07,0.6530832648277283,0.6807345747947693,-0.017591562122106552,0.6654491424560547,0.6012082695960999,-0.045385751873254776,0.637500524520874,0.530379593372345,-0.06749717891216278,0.6042851209640503,0.4862574338912964,-0.09207648783922195,0.6999930143356323,0.6366975903511047,-0.09525790065526962,0.647539496421814,0.5195973515510559,-0.12610572576522827,0.6103145480155945,0.4680253863334656,-0.1375734955072403,0.5829072594642639,0.43904030323028564,-0.14268745481967926,0.6650171875953674,0.6731992363929749,-0.09909776598215103,0.6155290603637695,0.5437660813331604,-0.1291200965642929,0.5788173675537109,0.483248233795166,-0.13463324308395386,0.5526796579360962,0.44889920949935913,-0.14023204147815704,0.625166118144989,0.6887982487678528,-0.0995653048157692,0.5872182846069336,0.5647212862968445,-0.12351727485656738,0.5570378303527832,0.5042910575866699,-0.12336002290248871,0.535341739654541,0.4721175730228424,-0.12367074936628342,0.5851168036460876,0.6860289573669434,-0.09931465983390808,0.5642407536506653,0.5867118835449219,-0.11824524402618408,0.5517387390136719,0.5372264981269836,-0.11987580358982086,0.5414124727249146,0.5083985924720764,-0.1209518313407898
19,right,0.3010956645011902,0.7849162817001343,1.0317456826669513e-06,0.2579294443130493,0.7305527925491333,-0.028176352381706238,0.23627641797065735,0.6578229069709778,-0.06107373535633087,0.25760576128959656,0.584128201007843,-0.08795478194952011,0.287196546792984,0.5343369245529175,-0.11478383839130402,0.19606634974479675,0.6927873492240906,-0.10129222273826599,0.24000051617622375,0.570875883102417,-0.14396068453788757,0.2768196761608124,0.5069053173065186,-0.16896952688694,0.3059474229812622,0.4627266824245453,-0.18375401198863983,0.23756402730941772,0.7286990284919739,-0.10381994396448135,0.2844167649745941,0.588364839553833,-0.14744573831558228,0.31907138228416443,0.510692834854126,-0.16124311089515686,0.3445984721183777,0.4590469002723694,-0.1706424206495285,0.2828631103038788,0.7434399127960205,-0.10488098859786987,0.32776230573654175,0.6089412569999695,-0.13629361987113953,0.35107189416885376,0.5335775017738342,-0.13876385986804962,0.3695939779281616,0.4848416745662689,-0.13854876160621643,0.3239467144012451,0.7386870980262756,-0.10751448571681976,0.35388439893722534,0.6294313669204712,-0.12248443812131882,0.36375099420547485,0.5692918300628662,-0.12073294073343277,0.3716970384120941,0.5257538557052612,-0.11940642446279526
19,left,0.6318531036376953,0.7612168192863464,-8.15373581986023e-08,0.6629592776298523,0.6880942583084106,-0.011331619694828987,0.6742370128631592,0.6136021614074707,-0.03227569907903671,0.6425420641899109,0.5606027841567993,-0.049119625240564346,0.6071445941925049,0.5380172729492188,-0.06778345257043839,0.7008804678916931,0.6326513886451721,-0.07333746552467346,0.6449764966964722,0.5177692770957947,-0.10324011743068695,0.6070117354393005,0.4745595455169678,-0.11473919451236725,0.5807967782020569,0.4481848478317261,-0.117925725877285,0.6685000658035278,0.6689693927764893,-0.07875853031873703,0.6130169034004211,0.5393768548965454,-0.10722126066684723,0.5756770372390747,0.4869228005409241,-0.11226341873407364,0.5520718097686768,0.45993244647979736,-0.11389034986495972,0.6306565403938293,0.6887857913970947,-0.08179493248462677,0.5866574048995972,0.5654127597808838,-0.1031787246465683,0.5576989054679871,0.5104200839996338,-0.10250519961118698,0.5375656485557556,0.4790026545524597,-0.09952397644519806,0.592087984085083,0.6928076148033142,-0.08408143371343613,0.5636203289031982,0.5921933650970459,-0.0972900390625,0.5524243116378784,0.5443510413169861,-0.09397953748703003,0.5434570908546448,0.5120394229888916,-0.09003186225891113
20,right,0.2969646453857422,0.7856899499893188,9.579679272064823e-07,0.2500391900539398,0.7270854711532593,-0.017307231202721596,0.23414789140224457,0.6412668228149414,-0.041367389261722565,0.2572367489337921,0.5642935633659363,-0.059590257704257965,0.278380423784256,0.513709545135498,-0.07768117636442184,0.1938549131155014,0.6758623719215393,-0.0883568748831749,0.24145379662513733,0.5539637804031372,-0.12079671770334244,0.2748062014579773,0.48671233654022217,-0.13295191526412964,0.30369803309440613,0.44113218784332275,-0.13703547418117523,0.23511259257793427,0.7074505090713501,-0.0914229229092598,0.2759363055229187,0.5717273950576782,-0.12387822568416595,0.3103131651878357,0.49313125014305115,-0.12934403121471405,0.33611008524894714,0.4437921643257141,-0.13189397752285004,0.28133463859558105,0.7195615768432617,-0.09179124236106873,0.31612086296081543,0.5908765196800232,-0.1130557432770729,0.3441088795661926,0.514037013053894,-0.11336736381053925,0.36173561215400696,0.46446967124938965,-0.11244644969701767,0.3235330581665039,0.7141764163970947,-0.09245205670595169,0.34597504138946533,0.6080431938171387,-0.10306739807128906,0.3593979775905609,0.548524796962738,-0.10206862539052963,0.36798715591430664,0.5053400993347168,-0.1010584682226181
20,left,0.6197084188461304,0.7336030006408691,-1.2391677728373907e-07,0.6531051993370056,0.6754888892173767,-0.01642651855945587,0.6677999496459961,0.5997962951660156,-0.04264919459819794,0.6417989134788513,0.5306952595710754,-0.06325313448905945,0.6097662448883057,0.4875040054321289,-0.08579549938440323,0.7008746266365051,0.6281737685203552,-0.09228464961051941,0.6509169340133667,0.5133469104766846,-0.11968423426151276,0.6140060424804688,0.46138083934783936,-0.12645716965198517,0.5877401232719421,0.4360775351524353,-0.12835967540740967,0.6644482612609863,0.6638421416282654,-0.09653514623641968,0.6176044344902039,0.5366644263267517,-0.12395787239074707,0.579534113407135,0.47815459966659546,-0.12556450068950653,0.5540311336517334,0.4487352669239044,-0.12803912162780762,0.6242263913154602,0.6802862286567688,-0.09763410687446594,0.5885046720504761,0.5588520169258118,-0.1206657662987709,0.5577226281166077,0.5003412365913391,-0.11906059086322784,0.5370916128158569,0.4713810682296753,-0.11791080236434937,0.5841200947761536,0.6809733510017395,-0.09792283177375793,0.5647279024124146,0.5814453959465027,-0.11735626310110092,0.5491383075714111,0.5321652889251709,-0.11875834316015244,0.5362778902053833,0.5040323734283447,-0.11907165497541428
21,right,0.30016714334487915,0.7603551745414734,1.0275323347741505e-06,0.2552351653575897,0.7113564014434814,-0.025565022602677345,0.2321961522102356,0.6402305364608765,-0.05777408555150032,0.2524712383747101,0.5632449388504028,-0.08463792502880096,0.2794399857521057,0.5122904777526855,-0.11163758486509323,0.19580014050006866,0.6603431701660156,-0.09898921847343445,0.23814427852630615,0.5382283329963684,-0.14223110675811768,0.2752854526042938,0.47378021478652954,-0.16836906969547272,0.3037528991699219,0.4289955496788025,-0.18402069807052612,0.2350548505783081,0.6933118104934692,-0.1029614508152008,0.28175416588783264,0.5524546504020691,-0.14649200439453125,0.3170316815376282,0.4743015766143799,-0.16162309050559998,0.34345483779907227,0.4212311804294586,-0.1720457822084427,0.27928221225738525,0.7078317403793335,-0.1050688624382019,0.32431572675704956,0.572265625,-0.13567429780960083,0.3481147289276123,0.49931639432907104,-0.1373639702796936,0.36706113815307617,0.45010656118392944,-0.1369747370481491,0.3209723234176636,0.7032175660133362,-0.10863848030567169,0.3502484858036041,0.5954118967056274,-0.12376655638217926,0.36195099353790283,0.537371814250946,-0.12118183076381683,0.37114235758781433,0.49379637837409973,-0.11910054832696915
21,left,0.632111132144928,0.729174017906189,1.4153943084238563e-07,0.6649185419082642,0.6650155782699585,-0.015439757145941257,0.677239179611206,0.5856873393058777,-0.038760844618082047,0.6512619853019714,0.5311250686645508,-0.0561889223754406,0.6182779669761658,0.4992459714412689,-0.07474186271429062,0.703217625617981,0.6058786511421204,-0.08904773741960526,0.6518474221229553,0.49442949891090393,-0.12052739411592484,0.6142404079437256,0.4468364119529724,-0.13045300543308258,0.5863956212997437,0.4186873435974121,-0.1324988752603531,0.668085515499115,0.63871830701828,-0.09236700087785721,0.6186867356300354,0.511895477771759,-0.12358615547418594,0.5796951055526733,0.4573564827442169,-0.1267465353012085,0.5554830431938171,0.42943453788757324,-0.1267828345298767,0.6274766325950623,0.6567448973655701,-0.09288366138935089,0.5885387659072876,0.53473961353302,-0.11481113731861115,0.5567587614059448,0.48066937923431396,-0.11370407789945602,0.5361227989196777,0.45115774869918823,-0.11073507368564606,0.5868701338768005,0.6625216603279114,-0.09270931035280228,0.5650597214698792,0.5632747411727905,-0.10637867450714111,0.5516538023948669,0.5179070234298706,-0.10451196879148483,0.5403403639793396,0.48899558186531067,-0.10168087482452393
22,right,0.30075210332870483,0.7894704341888428,8.077728921307425e-07,0.2513046860694885,0.7209336161613464,-0.015233911573886871,0.23347550630569458,0.6325768232345581,-0.03830396384000778,0.2529175281524658,0.5539038777351379,-0.05643632262945175,0.2737593948841095,0.5011864900588989,-0.07413522154092789,0.19914287328720093,0.6637202501296997,-0.08787167072296143,0.24640050530433655,0.5364198088645935,-0.11976685374975204,0.2821224331855774,0.4725622236728668,-0.1298987716436386,0.312100350856781,0.4296073317527771,-0.13262411952018738,0.24061915278434753,0.6945450305938721,-0.09255795925855637,0.28295665979385376,0.5554514527320862,-0.12382049113512039,0.31862083077430725,0.47998732328414917,-0.12721431255340576,0.34557044506073,0.4338321089744568,-0.12854258716106415,0.2883768677711487,0.706724226474762,-0.09446009248495102,0.32345929741859436,0.5760833024978638,-0.11419804394245148,0.350397527217865,0.4997389316558838,-0.11219561100006104,0.3685261309146881,0.44938886165618896,-0.11023425310850143,0.33299824595451355,0.7020317912101746,-0.09684303402900696,0.35161444544792175,0.5926721096038818,-0.10572780668735504,0.3632905185222626,0.535649836063385,-0.10233139246702194,0.37218111753463745,0.4950341582298279,-0.09990160167217255
22,left,0.6164459586143494,0.7277730703353882,-1.318294380325824e-07,0.6536568403244019,0.6722188591957092,-0.018277112394571304,0.6715023517608643,0.5981482267379761,-0.04639532044529915,0.6490320563316345,0.5292104482650757,-0.06825762987136841,0.6181941628456116,0.4854711890220642,-0.09230303764343262,0.7008220553398132,0.6226551532745361,-0.09885115176439285,0.6513049006462097,0.5065832138061523,-0.12707044184207916,0.6149744987487793,0.4535147249698639,-0.13300636410713196,0.5886125564575195,0.4275742173194885,-0.13403449952602386,0.6654711961746216,0.6575548648834229,-0.10248853266239166,0.6195130944252014,0.5275174379348755,-0.13030341267585754,0.5809992551803589,0.4684552550315857,-0.13136553764343262,0.5556163787841797,0.4371199309825897,-0.13330797851085663,0.6254620552062988,0.6722459197044373,-0.10257727652788162,0.5900514125823975,0.5479103922843933,-0.1251370906829834,0.5597026944160461,0.4890453815460205,-0.12267524749040604,0.5392900705337524,0.4603053331375122,-0.1211373507976532,0.5845860838890076,0.6702059507369995,-0.10199854522943497,0.5637525320053101,0.5702014565467834,-0.12097187340259552,0.5491937398910522,0.5187528133392334,-0.12203972786664963,0.5376326441764832,0.489810973405838,-0.12210188806056976
23,right,0.30702322721481323,0.7817304134368896,9.066212101060955e-07,0.2602868676185608,0.7254050970077515,-0.018211035057902336,0.235975444316864,0.6517998576164246,-0.046375878155231476,0.2506922483444214,0.5747103095054626,-0.07013513892889023,0.27320724725723267,0.5245318412780762,-0.09397786855697632,0.20357853174209595,0.674342691898346,-0.09285227209329605,0.24231909215450287,0.5549123287200928,-0.13351157307624817,0.27726200222969055,0.48850753903388977,-0.15681107342243195,0.3058091104030609,0.4426109194755554,-0.17035816609859467,0.24397923052310944,0.7071009874343872,-0.0996834859251976,0.2882709205150604,0.5691491365432739,-0.13927657902240753,0.3238216042518616,0.4927174746990204,-0.1516420841217041,0.34958288073539734,0.44316530227661133,-0.16100960969924927,0.28910306096076965,0.7207794189453125,-0.10423187166452408,0.3284875452518463,0.5889354348182678,-0.13260316848754883,0.3537883162498474,0.5135167241096497,-0.1348055750131607,0.37292760610580444,0.4643711447715759,-0.135709747672081,0.3302434980869293,0.7166838049888611,-0.10949653387069702,0.3551585078239441,0.608493983745575,-0.12390945851802826,0.3664515018463135,0.5521167516708374,-0.12229402363300323,0.3754766583442688,0.510960578918457,-0.12145496904850006
23,left,0.6334362626075745,0.7559501528739929,-3.714547247568589e-08,0.6645222902297974,0.6846119165420532,-0.015022995881736279,0.675792932510376,0.608141303062439,-0.038131628185510635,0.6437973380088806,0.5549456477165222,-0.05658795312047005,0.6088303923606873,0.5294170379638672,-0.07695268839597702,0.7062535881996155,0.6290858387947083,-0.07960782200098038,0.6513605713844299,0.5155906081199646,-0.1119370236992836,0.6133626103401184,0.4692324995994568,-0.12495975941419601,0.5853497385978699,0.43911004066467285,-0.12934152781963348,0.6733075380325317,0.6659623384475708,-0.08434948325157166,0.6191630959510803,0.5357457995414734,-0.11498817056417465,0.5810821056365967,0.4814011752605438,-0.12118400633335114,0.5565300583839417,0.45261669158935547,-0.12380994856357574,0.6350223422050476,0.6862182021141052,-0.08690623193979263,0.5921959280967712,0.5595956444740295,-0.11047454923391342,0.561988353729248,0.5041655898094177,-0.11046358942985535,0.5404414534568787,0.47330242395401,-0.10785706341266632,0.595818042755127,0.6906237602233887,-0.08898374438285828,0.5693644881248474,0.5879087448120117,-0.10467445850372314,0.5574373006820679,0.5394364595413208,-0.10265062749385834,0.5473405718803406,0.5075247287750244,-0.09942801296710968
24,right,0.3052918314933777,0.7714818716049194,1.0062231012852862e-06,0.26085659861564636,0.7161828279495239,-0.02609618380665779,0.2391653060913086,0.6427966356277466,-0.05857402831315994,0.2569183111190796,0.5653519034385681,-0.08568664640188217,0.28096526861190796,0.513329267501831,-0.11309249699115753,0.20069321990013123,0.672308087348938,-0.09946039319038391,0.24238860607147217,0.5521758198738098,-0.14207634329795837,0.27821898460388184,0.48611634969711304,-0.16682219505310059,0.3057559132575989,0.43902909755706787,-0.18172265589237213,0.2413717359304428,0.7052722573280334,-0.10387088358402252,0.2855251431465149,0.5651044845581055,-0.14767032861709595,0.3209974467754364,0.48602020740509033,-0.16169355809688568,0.34740379452705383,0.4334142804145813,-0.17149747908115387,0.286009818315506,0.719010055065155,-0.10668676346540451,0.32770341634750366,0.584044873714447,-0.13905580341815948,0.3522845506668091,0.509446918964386,-0.14096182584762573,0.3722226619720459,0.4603632688522339,-0.14063116908073425,0.3278481364250183,0.7148119211196899,-0.11095373332500458,0.3535843789577484,0.6075844168663025,-0.12763668596744537,0.364713191986084,0.5472979545593262,-0.12601840496063232,0.3742266297340393,0.5024124979972839,-0.12483616173267365
24,left,0.619299054145813,0.7446316480636597,-1.473325568213113e-07,0.6591588258743286,0.68866366147995,-0.016531435772776604,0.6765055656433105,0.6137639284133911,-0.04399146884679794,0.6527389883995056,0.5441051721572876,-0.0657239481806755,0.6211390495300293,0.5012050271034241,-0.08954628556966782,0.7077748775482178,0.6435711979866028,-0.0950491800904274,0.6588094234466553,0.5278111696243286,-0.12323267757892609,0.6230373382568359,0.4748651385307312,-0.13014273345470428,0.5976570248603821,0.44932428002357483,-0.1319374442100525,0.669895350933075,0.6761084794998169,-0.09938891232013702,0.6251168847084045,0.5461990833282471,-0.12643977999687195,0.588294506072998,0.48720329999923706,-0.1272049993276596,0.5639520287513733,0.45717763900756836,-0.12899044156074524,0.6290741562843323,0.689521312713623,-0.1002778708934784,0.5955336689949036,0.5664539933204651,-0.12234559655189514,0.5667722821235657,0.5081408619880676,-0.11902690678834915,0.547257661819458,0.4799686670303345,-0.11684669554233551,0.5890446305274963,0.6876095533370972,-0.10043497383594513,0.5702782869338989,0.5889605283737183,-0.11868748813867569,0.5566210746765137,0.5392063856124878,-0.11857211589813232,0.5454069972038269,0.5112866163253784,-0.11775638163089752
25,right,0.30256375670433044,0.7559595704078674,9.89086743174994e-07,0.26070436835289,0.7093821167945862,-0.027964461594820023,0.2394670844078064,0.6355128884315491,-0.06002206727862358,0.2577791213989258,0.5570003390312195,-0.08680962026119232,0.28181806206703186,0.5050250291824341,-0.1141938716173172,0.20095115900039673,0.6574576497077942,-0.0968928262591362,0.24191121757030487,0.5377340316772461,-0.1390053778886795,0.27585309743881226,0.47376370429992676,-0.1636640578508377,0.3020590543746948,0.4272867739200592,-0.17821824550628662,0.23930764198303223,0.686255156993866,-0.10023511201143265,0.28530392050743103,0.5482277870178223,-0.14148014783859253,0.3165801167488098,0.47134026885032654,-0.15517164766788483,0.3400720953941345,0.4168376326560974,-0.16459448635578156,0.2825677692890167,0.6989136934280396,-0.10248273611068726,0.32758963108062744,0.5664695501327515,-0.13421837985515594,0.3505898416042328,0.4980981945991516,-0.1370268315076828,0.3694666922092438,0.4504200220108032,-0.13659566640853882,0.3240622282028198,0.6958293318748474,-0.10631803423166275,0.35270416736602783,0.5897142887115479,-0.1232978105545044,0.36545589566230774,0.5307068228721619,-0.122075155377388,0.3758726119995117,0.4854696989059448,-0.12033390253782272
25,left,0.6394935846328735,0.7454401254653931,1.7087611325905527e-08,0.6741408705711365,0.6784169673919678,-0.010701392777264118,0.6885586380958557,0.6002907752990723,-0.030882330611348152,0.6618859767913818,0.5441313982009888,-0.04671747609972954,0.6282579302787781,0.5145922303199768,-0.06401815265417099,0.7117152810096741,0.6192251443862915,-0.07516445219516754,0.6598877310752869,0.5015220642089844,-0.10463596880435944,0.6247960329055786,0.45272237062454224,-0.11496583372354507,0.5987727642059326,0.42449483275413513,-0.11736243218183517,0.6778889894485474,0.651170015335083,-0.08071284741163254,0.6286559700965881,0.5183521509170532,-0.10811415314674377,0.5929901599884033,0.46372687816619873,-0.11238560825586319,0.5697490572929382,0.43405473232269287,-0.11402171105146408,0.6383780241012573,0.668078601360321,-0.08372591435909271,0.600727915763855,0.539444625377655,-0.10332565754652023,0.5723987817764282,0.48653528094291687,-0.10248365998268127,0.5529624223709106,0.45726728439331055,-0.10017215460538864,0.5976598262786865,0.6712706089019775,-0.08598531037569046,0.5772284269332886,0.5686367750167847,-0.09810610115528107,0.5669068694114685,0.5218653678894043,-0.09559948742389679,0.5575144290924072,0.49016299843788147,-0.09266312420368195
26,right,0.3053681254386902,0.7532926797866821,1.0016564147008467e-06,0.2618892788887024,0.702052652835846,-0.026766201481223106,0.2411337047815323,0.6279168128967285,-0.05946650356054306,0.2608970105648041,0.5498164892196655,-0.08701248466968536,0.28797298669815063,0.49824172258377075,-0.11518698930740356,0.20157551765441895,0.6539862155914307,-0.0979272872209549,0.24294330179691315,0.5339418649673462,-0.13993151485919952,0.2775685489177704,0.46943986415863037,-0.16430506110191345,0.30425482988357544,0.42358773946762085,-0.17876818776130676,0.2405453771352768,0.686495840549469,-0.10214216262102127,0.28571784496307373,0.5461984872817993,-0.1445789933204651,0.31857550144195557,0.4722379446029663,-0.15746743977069855,0.34133172035217285,0.4217357635498047,-0.16597773134708405,0.2850921154022217,0.7005347013473511,-0.10510136187076569,0.32938677072525024,0.5672500133514404,-0.13645797967910767,0.3513795733451843,0.4948694407939911,-0.13821615278720856,0.36856749653816223,0.44599276781082153,-0.1373334527015686,0.3275449573993683,0.6981521844863892,-0.10960448533296585,0.3550924062728882,0.591317892074585,-0.12539725005626678,0.36514219641685486,0.529603898525238,-0.12357396632432938,0.37332677841186523,0.48292863368988037,-0.12195630371570587
26,left,0.625114381313324,0.7250550985336304,-1.3219749916970613e-07,0.6607118844985962,0.6677494645118713,-0.01589030586183071,0.6762153506278992,0.5908321142196655,-0.04253564774990082,0.6528276801109314,0.5201687216758728,-0.06383111327886581,0.6222112774848938,0.47524088621139526,-0.08704779297113419,0.7123138308525085,0.6159093976020813,-0.0920863226056099,0.6645252108573914,0.4987209439277649,-0.12074875831604004,0.6288008093833923,0.44646990299224854,-0.12810556590557098,0.60335373878479,0.4210827350616455,-0.12999479472637177,0.6759801506996155,0.6493926644325256,-0.09705211222171783,0.6320679783821106,0.5174597501754761,-0.12550567090511322,0.5929058790206909,0.4607163369655609,-0.12653972208499908,0.5671848058700562,0.43276429176330566,-0.12782305479049683,0.6351182460784912,0.6640205383300781,-0.09899231791496277,0.6028887033462524,0.5387094020843506,-0.12283343076705933,0.5707451701164246,0.48108401894569397,-0.12033750116825104,0.5496117472648621,0.4531812071800232,-0.1179313212633133,0.5940912365913391,0.6638172268867493,-0.10013391077518463,0.5773478746414185,0.5616772174835205,-0.11959761381149292,0.5618691444396973,0.5121623873710632,-0.1204383447766304,0.5494456887245178,0.48411446809768677,-0.12001776695251465
27,right,0.3081493079662323,0.7672899961471558,9.894034747048863e-07,0.2637052834033966,0.7144864201545715,-0.030006617307662964,0.23996636271476746,0.6388543248176575,-0.06211826577782631,0.25908780097961426,0.5594626665115356,-0.08859720081090927,0.28834855556488037,0.5065397620201111,-0.11542429029941559,0.20246590673923492,0.6681385040283203,-0.0969218909740448,0.24426911771297455,0.5433555245399475,-0.13932311534881592,0.2794097661972046,0.47764310240745544,-0.16404828429222107,0.30711671710014343,0.43191254138946533,-0.17859472334384918,0.24225369095802307,0.7002736330032349,-0.09890980273485184,0.28823667764663696,0.5601357221603394,-0.1410808116197586,0.321533203125,0.4827357530593872,-0.1542816162109375,0.3457840383052826,0.42928534746170044,-0.1631574034690857,0.28634586930274963,0.7139313817024231,-0.1002226248383522,0.33026638627052307,0.5777567028999329,-0.1318652331829071,0.35155245661735535,0.5048508048057556,-0.1345549076795578,0.3688928186893463,0.4542601704597473,-0.1341707706451416,0.32835352420806885,0.7100736498832703,-0.10338674485683441,0.3563676178455353,0.600382387638092,-0.1194930225610733,0.36588573455810547,0.5405818223953247,-0.11848381161689758,0.374294638633728,0.4947185516357422,-0.11723335832357407
27,left,0.6373002529144287,0.7498044967651367,5.909168265816334e-09,0.6714196801185608,0.6830283403396606,-0.012917587533593178,0.6880796551704407,0.6038938164710999,-0.0348697192966938,0.6622952818870544,0.5465074777603149,-0.0519549585878849,0.6279723048210144,0.5142384767532349,-0.07045233994722366,0.7116813063621521,0.6228594183921814,-0.08067279309034348,0.6597633957862854,0.5067981481552124,-0.11149069666862488,0.6239338517189026,0.457483172416687,-0.12251324951648712,0.5974981784820557,0.4276590347290039,-0.12552762031555176,0.677893877029419,0.6561110019683838,-0.08573689311742783,0.6280070543289185,0.5233874320983887,-0.11479084193706512,0.5916439890861511,0.46806901693344116,-0.11903049051761627,0.5685094594955444,0.43769571185112,-0.12071651220321655,0.6385741233825684,0.6733890175819397,-0.08824600279331207,0.6009789109230042,0.5463031530380249,-0.1092120036482811,0.5724930763244629,0.49236905574798584,-0.10785605013370514,0.553737223148346,0.46282655000686646,-0.10510615259408951,0.5982193946838379,0.6765910387039185,-0.09021519124507904,0.5785704255104065,0.5737409591674805,-0.10307725518941879,0.5684396624565125,0.5278241038322449,-0.10022340714931488,0.5595337152481079,0.4987725019454956,-0.0970330461859703
28,right,0.3083967864513397,0.7688075304031372,1.0004864634538535e-06,0.2634386122226715,0.7158099412918091,-0.02965586446225643,0.2403654307126999,0.6416298151016235,-0.06325351446866989,0.2591726779937744,0.5641567707061768,-0.09105625748634338,0.2871149480342865,0.5113131999969482,-0.11914394795894623,0.20171579718589783,0.6712452173233032,-0.10055094212293625,0.2449582815170288,0.5486645102500916,-0.14379078149795532,0.2795238494873047,0.48397356271743774,-0.1689935326576233,0.30632829666137695,0.43731489777565,-0.1840328723192215,0.2432573288679123,0.7033357620239258,-0.103217214345932,0.28840672969818115,0.5639450550079346,-0.14684177935123444,0.32081902027130127,0.48679935932159424,-0.16038309037685394,0.3442913293838501,0.43250831961631775,-0.16955111920833588,0.2884135842323303,0.7168281674385071,-0.10485086590051651,0.3303392827510834,0.5823641419410706,-0.13725149631500244,0.35121607780456543,0.5098391175270081,-0.1389799565076828,0.3683284819126129,0.4598274827003479,-0.13788054883480072,0.33031290769577026,0.7128860950469971,-0.10829579830169678,0.3562488257884979,0.6039187908172607,-0.12416290491819382,0.3646714389324188,0.5441794991493225,-0.12213853001594543,0.3720138669013977,0.4992023706436157,-0.12030595541000366
28,left,0.6238620281219482,0.7441251277923584,-1.60399963533564e-07,0.663652241230011,0.6881802678108215,-0.016217783093452454,0.6812382936477661,0.6142354011535645,-0.04358259588479996,0.65882408618927,0.5448324680328369,-0.06563928723335266,0.6280483603477478,0.5017611980438232,-0.08991491049528122,0.7106329202651978,0.6377933025360107,-0.09226882457733154,0.6627305746078491,0.5210176110267639,-0.12132561951875687,0.6265209913253784,0.4703998863697052,-0.12977167963981628,0.5999380350112915,0.4464160203933716,-0.13235977292060852,0.6742303967475891,0.6715031862258911,-0.09700890630483627,0.630211353302002,0.5413550138473511,-0.12476295977830887,0.592133641242981,0.4826050102710724,-0.1275574415922165,0.5667994618415833,0.45201340317726135,-0.1307252049446106,0.633864164352417,0.6856776475906372,-0.09844405949115753,0.60135817527771,0.5602787733078003,-0.1210375502705574,0.5715944766998291,0.5021460652351379,-0.11924000084400177,0.5515363216400146,0.4737158417701721,-0.11808479577302933,0.5936568379402161,0.683567464351654,-0.0991067960858345,0.575056254863739,0.5834590792655945,-0.11746367812156677,0.5618361234664917,0.5339279770851135,-0.11780047416687012,0.551386296749115,0.505810022354126,-0.11736186593770981
29,right,0.30425119400024414,0.7580912709236145,1.0018367220254731e-06,0.26162296533584595,0.7098038196563721,-0.027940649539232254,0.23918186128139496,0.637533962726593,-0.05999882146716118,0.25719359517097473,0.5594621300697327,-0.08692190051078796,0.28219074010849,0.5076532363891602,-0.11435678601264954,0.19912073016166687,0.6641006469726562,-0.09602271765470505,0.24075698852539062,0.5422894954681396,-0.13786311447620392,0.2751123309135437,0.4768645763397217,-0.1622573286294937,0.3011564612388611,0.4294697046279907,-0.17674221098423004,0.23790836334228516,0.6940748691558838,-0.09955272823572159,0.28134313225746155,0.55569988489151,-0.14122064411640167,0.31346946954727173,0.4785425662994385,-0.15457409620285034,0.337152898311615,0.42415904998779297,-0.16366678476333618,0.2818286418914795,0.7067327499389648,-0.10209084302186966,0.32467517256736755,0.5734931230545044,-0.13415883481502533,0.34811753034591675,0.5019152164459229,-0.13639076054096222,0.36744827032089233,0.45231491327285767,-0.1356147825717926,0.3241090774536133,0.7028374671936035,-0.10631430894136429,0.3510062098503113,0.5965175032615662,-0.12327474355697632,0.36250200867652893,0.5352451801300049,-0.12198568880558014,0.37199145555496216,0.4884948134422302,-0.12047790735960007
29,left,0.6362013220787048,0.7506464719772339,-3.122297087543302e-08,0.6715356111526489,0.6854398250579834,-0.011734255589544773,0.6882302165031433,0.6076660752296448,-0.03251918405294418,0.6631675362586975,0.5482553839683533,-0.048461541533470154,0.6295853853225708,0.5145229697227478,-0.06587052345275879,0.7101303339004517,0.6271106600761414,-0.07806865125894547,0.6595475673675537,0.5111639499664307,-0.10810011625289917,0.6232774257659912,0.46227821707725525,-0.11910491436719894,0.596707820892334,0.43251147866249084,-0.12223260849714279,0.6769696474075317,0.6593236327171326,-0.08324921131134033,0.6281673908233643,0.5278392434120178,-0.11072604358196259,0.5911915898323059,0.4709935784339905,-0.11462783068418503,0.5676644444465637,0.4396424889564514,-0.11639700829982758,0.6381958723068237,0.676054060459137,-0.08589811623096466,0.6001832485198975,0.5501612424850464,-0.1057971864938736,0.5713322758674622,0.49597519636154175,-0.10417594015598297,0.5524052381515503,0.4655310809612274,-0.1015695109963417,0.5981470942497253,0.6796205043792725,-0.08788975328207016,0.5762936472892761,0.5797165632247925,-0.10076949745416641,0.5645040273666382,0.5342698693275452,-0.09787267446517944,0.5544014573097229,0.5049130320549011,-0.09460015594959259
30,right,0.30189791321754456,0.771022617816925,8.283361694338964e-07,0.2541745901107788,0.7036969661712646,-0.015472658909857273,0.23611566424369812,0.6189365386962891,-0.04050491750240326,0.2551882266998291,0.5444958806037903,-0.06095394119620323,0.27823129296302795,0.49343031644821167,-0.08089035004377365,0.19822350144386292,0.6461048722267151,-0.0901629701256752,0.24457508325576782,0.5175899267196655,-0.1242864727973938,0.27985164523124695,0.4542141258716583,-0.13582560420036316,0.3083406686782837,0.4126427173614502,-0.13937386870384216,0.24016958475112915,0.6758614778518677,-0.09589879214763641,0.27932360768318176,0.535599946975708,-0.1293843537569046,0.3157212436199188,0.4596099257469177,-0.13426747918128967,0.3431072533130646,0.41428542137145996,-0.13625629246234894,0.28797388076782227,0.687615692615509,-0.09871590882539749,0.31841179728507996,0.5542696714401245,-0.12042409926652908,0.3453991413116455,0.4790697395801544,-0.11828871071338654,0.36227235198020935,0.4307703971862793,-0.11590000987052917,0.33212167024612427,0.6825772523880005,-0.10200417786836624,0.3497672379016876,0.5742889046669006,-0.11249346286058426,0.3608701825141907,0.5167269706726074,-0.10888157039880753,0.3675525188446045,0.4752405285835266,-0.10589572787284851
30,left,0.625934898853302,0.7227103114128113,-1.3086830108477443e-07,0.6634675860404968,0.6691351532936096,-0.013917102478444576,0.6806187033653259,0.5932810306549072,-0.03838758543133736,0.6590407490730286,0.5208999514579773,-0.05753161385655403,0.6303545832633972,0.4730902910232544,-0.07869493216276169,0.7137255668640137,0.6127134561538696,-0.08928082138299942,0.6672577857971191,0.4944857954978943,-0.11576250940561295,0.6311337947845459,0.4423826336860657,-0.12086913734674454,0.6048395037651062,0.4179914891719818,-0.12102857232093811,0.678041398525238,0.6432763338088989,-0.0937102735042572,0.6330630779266357,0.5097585320472717,-0.12092616409063339,0.5944108963012695,0.45463210344314575,-0.12075284868478775,0.5692322254180908,0.4293922781944275,-0.1206318736076355,0.6378873586654663,0.6563681364059448,-0.09479837119579315,0.6033490300178528,0.5314900875091553,-0.11846797168254852,0.5723973512649536,0.4756797254085541,-0.11573199927806854,0.5526888370513916,0.4502881169319153,-0.11246826499700546,0.5975148677825928,0.6554390788078308,-0.0946175679564476,0.5781221389770508,0.5537649393081665,-0.11434541642665863,0.561491072177887,0.5056911110877991,-0.11500284075737,0.5492858290672302,0.47884687781333923,-0.11367882043123245
31,right,0.3062235116958618,0.7651891708374023,8.996951237350004e-07,0.26042258739471436,0.708347499370575,-0.01830288954079151,0.2363748550415039,0.6317450404167175,-0.04516756162047386,0.25068098306655884,0.5523715615272522,-0.06803061068058014,0.27367520332336426,0.5010992288589478,-0.09077588468790054,0.2029362916946411,0.6546244025230408,-0.08673674613237381,0.24262407422065735,0.5344595909118652,-0.1250797063112259,0.2765156030654907,0.4687662720680237,-0.14653867483139038,0.30507519841194153,0.42245200276374817,-0.15902459621429443,0.24303632974624634,0.6866656541824341,-0.09339581429958344,0.2864863872528076,0.5494410991668701,-0.13111905753612518,0.3209741413593292,0.47307586669921875,-0.1426195651292801,0.34655624628067017,0.4216359853744507,-0.1512203961610794,0.2875541150569916,0.7002106308937073,-0.09823634475469589,0.32735300064086914,0.5683654546737671,-0.12585356831550598,0.35221806168556213,0.4931344985961914,-0.12806575000286102,0.3710708022117615,0.4418870210647583,-0.1287262737751007,0.3287600576877594,0.6960182785987854,-0.10394648462533951,0.3545861840248108,0.5887944102287292,-0.1176525130867958,0.365446001291275,0.5327156186103821,-0.11607104539871216,0.3738056421279907,0.490559846162796,-0.11519671231508255
31,left,0.6409195065498352,0.7444257140159607,-1.65728522460995e-07,0.673248291015625,0.6694047451019287,-0.00295351748354733,0.6879050135612488,0.5943664312362671,-0.0199025459587574,0.6603132486343384,0.5389489531517029,-0.035188764333724976,0.6234965920448303,0.5158299207687378,-0.05197792872786522,0.713919460773468,0.6048352122306824,-0.057500388473272324,0.6605700850486755,0.4805380403995514,-0.08458622545003891,0.6246187090873718,0.43608391284942627,-0.09494543820619583,0.5982672572135925,0.41205212473869324,-0.09713318198919296,0.6827812194824219,0.6343954801559448,-0.06682285666465759,0.6309419870376587,0.49501141905784607,-0.0932120680809021,0.5931289792060852,0.44835636019706726,-0.09737546741962433,0.5684248208999634,0.4280545711517334,-0.09768056869506836,0.6451278924942017,0.6509029269218445,-0.07369918376207352,0.6048757433891296,0.5167949199676514,-0.09014984220266342,0.5733882784843445,0.46792227029800415,-0.08603516966104507,0.5514020323753357,0.44207853078842163,-0.08107331395149231,0.605714738368988,0.6564393043518066,-0.07978163659572601,0.5810983180999756,0.5481289625167847,-0.08700378239154816,0.5673225522041321,0.5018343925476074,-0.07975880056619644,0.5542352199554443,0.47423675656318665,-0.07329504936933517
32,right,0.3145180940628052,0.7861736416816711,9.342675184598193e-07,0.26738807559013367,0.7318472862243652,-0.024319518357515335,0.24320846796035767,0.6551673412322998,-0.05240912735462189,0.26138266921043396,0.574270486831665,-0.07550203055143356,0.28673216700553894,0.5205168128013611,-0.0989382192492485,0.20919890701770782,0.6816922426223755,-0.09005947411060333,0.2490931749343872,0.5588394403457642,-0.12952396273612976,0.28320208191871643,0.4928479790687561,-0.15286388993263245,0.3103117048740387,0.4463198184967041,-0.16681870818138123,0.2491428554058075,0.7126888036727905,-0.09363484382629395,0.29160746932029724,0.576957643032074,-0.1338094025850296,0.3244110345840454,0.49689823389053345,-0.1476447582244873,0.34941366314888,0.4412587285041809,-0.1574636697769165,0.29313963651657104,0.7258979678153992,-0.09587452560663223,0.33544304966926575,0.5934318900108337,-0.12604042887687683,0.35786962509155273,0.517396867275238,-0.12985891103744507,0.37543606758117676,0.4646388292312622,-0.1307491511106491,0.3343929052352905,0.721651554107666,-0.0994270071387291,0.36123034358024597,0.6151975393295288,-0.11492718756198883,0.37185192108154297,0.5572071075439453,-0.11443397402763367,0.3805651366710663,0.5121833682060242,-0.11387947201728821
32,left,0.62625652551651,0.7483993768692017,-2.10341539741421e-07,0.6632593274116516,0.6846713423728943,-0.013572175055742264,0.679442822933197,0.6072285175323486,-0.039642736315727234,0.6532315015792847,0.5350219011306763,-0.06150152161717415,0.6194463968276978,0.49062854051589966,-0.08572839200496674,0.7131943106651306,0.6328323483467102,-0.08458724617958069,0.6621204018592834,0.5136169195175171,-0.11351753771305084,0.6253883242607117,0.4624176025390625,-0.12367855757474899,0.599472165107727,0.43516385555267334,-0.12779244780540466,0.6781486868858337,0.6669808030128479,-0.09057316184043884,0.6306332945823669,0.5341883301734924,-0.11768843233585358,0.5939261317253113,0.4765387773513794,-0.12130327522754669,0.569071352481842,0.4447175860404968,-0.12542137503623962,0.6377905011177063,0.682837724685669,-0.09352948516607285,0.6032083034515381,0.5549681186676025,-0.11583472043275833,0.5731062293052673,0.4967607259750366,-0.11372070014476776,0.5522913932800293,0.46727922558784485,-0.11252307146787643,0.5964166522026062,0.6819239258766174,-0.09564878791570663,0.5777841210365295,0.5777811408042908,-0.11344584822654724,0.563838541507721,0.5294344425201416,-0.11310344189405441,0.5525527000427246,0.501946210861206,-0.11239250749349594
33,right,0.3131691515445709,0.7817080616950989,1.01206796898623e-06,0.26581618189811707,0.7283385396003723,-0.029163654893636703,0.2417154759168625,0.6579186916351318,-0.06278036534786224,0.2627115845680237,0.5820820927619934,-0.09034465253353119,0.29374682903289795,0.5295801758766174,-0.11805575340986252,0.2049998641014099,0.6913838386535645,-0.10186447203159332,0.2473629266023636,0.5673546195030212,-0.14482547342777252,0.28398749232292175,0.5035575032234192,-0.17019976675510406,0.31189393997192383,0.4595663249492645,-0.18520048260688782,0.24779284000396729,0.7241052389144897,-0.10391636937856674,0.29321202635765076,0.5841240882873535,-0.1474008709192276,0.32687219977378845,0.5049643516540527,-0.16137386858463287,0.35165607929229736,0.4522849917411804,-0.17123593389987946,0.29329681396484375,0.7369976043701172,-0.10460137575864792,0.336306631565094,0.6018975377082825,-0.13614942133426666,0.3587598204612732,0.5268872976303101,-0.13873006403446198,0.3769165575504303,0.4771761894226074,-0.13870100677013397,0.33417510986328125,0.7310484051704407,-0.10698641091585159,0.35998502373695374,0.6226063370704651,-0.12153614312410355,0.3683678209781647,0.5656362771987915,-0.11937949061393738,0.3756650686264038,0.5237757563591003,-0.1180029883980751
33,left,0.638729989528656,0.7555821537971497,1.717891962016438e-08,0.6732452511787415,0.6899738311767578,-0.016720330342650414,0.6867918372154236,0.6116966009140015,-0.0399198941886425,0.6571019291877747,0.5560716390609741,-0.057297173887491226,0.6238972544670105,0.5266762375831604,-0.07611935585737228,0.713077962398529,0.6396907567977905,-0.08614028990268707,0.6592750549316406,0.5263528823852539,-0.11771874874830246,0.6223965287208557,0.4790794253349304,-0.12877130508422852,0.5959638357162476,0.44951432943344116,-0.13197143375873566,0.6788444519042969,0.6742754578590393,-0.08947117626667023,0.6268407106399536,0.5450564026832581,-0.11984821408987045,0.5901411175727844,0.4883749783039093,-0.12512272596359253,0.5665539503097534,0.4585024118423462,-0.12734760344028473,0.6400159597396851,0.69190514087677,-0.09031921625137329,0.5981964468955994,0.566339910030365,-0.11345221102237701,0.5702361464500427,0.5112556219100952,-0.11386279761791229,0.5503069162368774,0.48114991188049316,-0.11191767454147339,0.6008296608924866,0.6945208311080933,-0.09063036739826202,0.5759025812149048,0.5939245223999023,-0.10694300383329391,0.5642467141151428,0.5471138954162598,-0.10639264434576035,0.5535348057746887,0.5173717737197876,-0.10440431535243988
34,right,0.30285269021987915,0.7884988188743591,8.710034080650075e-07,0.25417476892471313,0.7211167216300964,-0.016048738732933998,0.23692843317985535,0.6367643475532532,-0.0407131128013134,0.2583666443824768,0.561084508895874,-0.060403548181056976,0.2807426154613495,0.5080151557922363,-0.0795760229229927,0.19996428489685059,0.6682751178741455,-0.08844582736492157,0.2492893636226654,0.5371009111404419,-0.12133444845676422,0.28246843814849854,0.4734649062156677,-0.1325838416814804,0.30926913022994995,0.4299440383911133,-0.1362045407295227,0.24233831465244293,0.6989569067955017,-0.09303739666938782,0.2832348942756653,0.558501660823822,-0.1260911077260971,0.31711751222610474,0.4821264147758484,-0.13069501519203186,0.34173181653022766,0.43401890993118286,-0.13261079788208008,0.28908029198646545,0.7105284333229065,-0.09483600407838821,0.3245829641819,0.577157199382782,-0.11681324988603592,0.35050153732299805,0.5017292499542236,-0.11489750444889069,0.3653372824192047,0.45269298553466797,-0.11232219636440277,0.33121994137763977,0.7047752141952515,-0.0970098152756691,0.3526141047477722,0.5956469774246216,-0.10798411816358566,0.3649864196777344,0.5383448600769043,-0.10476183146238327,0.3723519742488861,0.49790769815444946,-0.10183576494455338
34,left,0.6402620673179626,0.7465828657150269,3.162616124541273e-08,0.6762716174125671,0.6837853193283081,-0.015378790907561779,0.6892744898796082,0.60524982213974,-0.0375327505171299,0.659664511680603,0.5495988726615906,-0.054290127009153366,0.6249849796295166,0.5204387307167053,-0.0722566470503807,0.712684690952301,0.6299802660942078,-0.08228584378957748,0.6595704555511475,0.515169084072113,-0.11299335211515427,0.623189389705658,0.468189001083374,-0.12351136654615402,0.5963646173477173,0.4377276599407196,-0.12648601830005646,0.6769044399261475,0.6619414687156677,-0.0861402153968811,0.6271873712539673,0.5315110087394714,-0.11513306200504303,0.5907271504402161,0.47661447525024414,-0.11940395087003708,0.5669971704483032,0.4459365904331207,-0.12109895050525665,0.6371223330497742,0.6783677339553833,-0.08765307068824768,0.5984356999397278,0.5512779355049133,-0.10898151248693466,0.5706527233123779,0.4992392063140869,-0.10809360444545746,0.5506862998008728,0.4700072109699249,-0.10560009628534317,0.5974081754684448,0.6810046434402466,-0.08874904364347458,0.5757737755775452,0.5794494152069092,-0.10328918695449829,0.5637974739074707,0.5332230925559998,-0.1019008457660675,0.5519864559173584,0.5029188990592957,-0.09960022568702698
35,right,0.3053687810897827,0.7568293809890747,9.539340908304439e-07,0.2591356039047241,0.7038605213165283,-0.020530343055725098,0.23630066215991974,0.6312116980552673,-0.04982253536581993,0.2547003924846649,0.5554541945457458,-0.0741451308131218,0.2798803448677063,0.5068191289901733,-0.09831874072551727,0.1988343894481659,0.6494767665863037,-0.09480642527341843,0.2415464222431183,0.5263416767120361,-0.1365603655576706,0.2790529131889343,0.46299710869789124,-0.16123521327972412,0.30638089776039124,0.42047318816185,-0.1755577176809311,0.23796869814395905,0.6824791431427002,-0.10012982785701752,0.2859589457511902,0.5405915379524231,-0.14037489891052246,0.32160162925720215,0.464263379573822,-0.1532241702079773,0.3467659652233124,0.4142904281616211,-0.16291543841362,0.28252625465393066,0.6966229677200317,-0.10337603092193604,0.32670488953590393,0.5601427555084229,-0.13132734596729279,0.35135871171951294,0.4856468737125397,-0.1328824758529663,0.36995527148246765,0.43639373779296875,-0.13340461254119873,0.3243172764778137,0.6912193298339844,-0.10764868557453156,0.3520349860191345,0.5819429159164429,-0.12049632519483566,0.36246103048324585,0.5277038812637329,-0.11761167645454407,0.37031909823417664,0.48792338371276855,-0.11613433063030243
35,left,0.6280238628387451,0.7195379734039307,-9.736836403817506e-08,0.666724443435669,0.6689029932022095,-0.014003023505210876,0.6854946613311768,0.5949701070785522,-0.03894207626581192,0.6642059683799744,0.5240212082862854,-0.058378346264362335,0.6356539726257324,0.4765423536300659,-0.08000767230987549,0.7171464562416077,0.6130891442298889,-0.09394965320825577,0.6686068773269653,0.49648433923721313,-0.11900580674409866,0.6329460740089417,0.44387418031692505,-0.12136861681938171,0.6064172387123108,0.41907286643981934,-0.12007124722003937,0.6815585494041443,0.6432420611381531,-0.09900268912315369,0.6370428800582886,0.5112425088882446,-0.12625110149383545,0.5985333323478699,0.45578378438949585,-0.1253322958946228,0.573386013507843,0.4298572540283203,-0.12510308623313904,0.6416968703269958,0.65691077709198,-0.10022030770778656,0.6075884103775024,0.5319394469261169,-0.1237129420042038,0.5770288705825806,0.47623881697654724,-0.12074856460094452,0.5569000244140625,0.4516752362251282,-0.11803755164146423,0.6009750962257385,0.6562381982803345,-0.10015777498483658,0.5817379951477051,0.5566916465759277,-0.12126567214727402,0.5652105808258057,0.5075446367263794,-0.12291477620601654,0.5528225898742676,0.4801725447177887,-0.12252428382635117
36,right,0.3008268177509308,0.7784374356269836,7.419150165333122e-07,0.254705548286438,0.7113017439842224,-0.016666950657963753,0.23754750192165375,0.624181866645813,-0.04109925404191017,0.25722646713256836,0.5497985482215881,-0.06070516258478165,0.280463844537735,0.4987514019012451,-0.07946285605430603,0.20184490084648132,0.6596276760101318,-0.08930574357509613,0.2491951584815979,0.5313698649406433,-0.12251266837120056,0.2842227816581726,0.46771669387817383,-0.1327318698167801,0.3121830224990845,0.42562663555145264,-0.13535189628601074,0.2428663969039917,0.6901674866676331,-0.09435475617647171,0.2827502191066742,0.5470804572105408,-0.1265115886926651,0.31673792004585266,0.470907986164093,-0.13078245520591736,0.3416520655155182,0.42323264479637146,-0.13268977403640747,0.28957921266555786,0.700904130935669,-0.09687187522649765,0.3215862512588501,0.5670152902603149,-0.11821417510509491,0.3475258946418762,0.4914674758911133,-0.1172863245010376,0.3638499975204468,0.4418216347694397,-0.11586196720600128,0.3338088095188141,0.6937800049781799,-0.09986250102519989,0.35077032446861267,0.5843321084976196,-0.11014274507761002,0.3608800172805786,0.5272328853607178,-0.10789532959461212,0.3669370114803314,0.4857553541660309,-0.10642319172620773
36,left,0.6449138522148132,0.7390075922012329,9.667023448400869e-08,0.6772964000701904,0.6754072904586792,-0.014117363840341568,0.6907456517219543,0.5955626368522644,-0.03602165728807449,0.6656339168548584,0.5404886603355408,-0.052689168602228165,0.6323897838592529,0.5087863802909851,-0.07037010788917542,0.7174832224845886,0.6165475845336914,-0.08426756411790848,0.6671744585037231,0.49907413125038147,-0.11554359644651413,0.6308667063713074,0.4492756426334381,-0.12589924037456512,0.6030452251434326,0.4192262291908264,-0.1281977891921997,0.6828687191009521,0.6484392881393433,-0.0882609486579895,0.6361028552055359,0.5167162418365479,-0.1185089498758316,0.5975217223167419,0.4616849720478058,-0.12237673252820969,0.5719267725944519,0.4315387010574341,-0.12319473922252655,0.642486572265625,0.664829432964325,-0.089577816426754,0.6058661937713623,0.538366436958313,-0.1105273962020874,0.5756691694259644,0.48628175258636475,-0.1087002232670784,0.5548847317695618,0.45806121826171875,-0.10540153086185455,0.6011897325515747,0.667637288570404,-0.09040945768356323,0.5818905830383301,0.5643128752708435,-0.10282018035650253,0.5699340105056763,0.5196340680122375,-0.0996803417801857,0.558779776096344,0.4916958510875702,-0.09614195674657822
