1,right,0,0,0,0,0,0,0,0,0,0,0,0,0,0,0,0,0,0,0,0,0,0,0,0,0,0,0,0,0,0,0,0,0,0,0,0,0,0,0,0,0,0,0,0,0,0,0,0,0,0,0,0,0,0,0,0,0,0,0,0,0,0,0
1,left,0,0,0,0,0,0,0,0,0,0,0,0,0,0,0,0,0,0,0,0,0,0,0,0,0,0,0,0,0,0,0,0,0,0,0,0,0,0,0,0,0,0,0,0,0,0,0,0,0,0,0,0,0,0,0,0,0,0,0,0,0,0,0
2,right,0,0,0,0,0,0,0,0,0,0,0,0,0,0,0,0,0,0,0,0,0,0,0,0,0,0,0,0,0,0,0,0,0,0,0,0,0,0,0,0,0,0,0,0,0,0,0,0,0,0,0,0,0,0,0,0,0,0,0,0,0,0,0
2,left,0,0,0,0,0,0,0,0,0,0,0,0,0,0,0,0,0,0,0,0,0,0,0,0,0,0,0,0,0,0,0,0,0,0,0,0,0,0,0,0,0,0,0,0,0,0,0,0,0,0,0,0,0,0,0,0,0,0,0,0,0,0,0
3,right,0,0,0,0,0,0,0,0,0,0,0,0,0,0,0,0,0,0,0,0,0,0,0,0,0,0,0,0,0,0,0,0,0,0,0,0,0,0,0,0,0,0,0,0,0,0,0,0,0,0,0,0,0,0,0,0,0,0,0,0,0,0,0
3,left,0,0,0,0,0,0,0,0,0,0,0,0,0,0,0,0,0,0,0,0,0,0,0,0,0,0,0,0,0,0,0,0,0,0,0,0,0,0,0,0,0,0,0,0,0,0,0,0,0,0,0,0,0,0,0,0,0,0,0,0,0,0,0
4,right,0.26000773906707764,0.8852043747901917,4.176069978711894e-07,0.2682196795940399,0.8116227388381958,-0.008310559205710888,0.2574041485786438,0.7480251789093018,-0.021561698988080025,0.25396937131881714,0.7041143178939819,-0.03665251284837723,0.2596132159233093,0.6658998131752014,-0.04970391467213631,0.15597324073314667,0.7537956237792969,-0.022305242717266083,0.15357869863510132,0.6898588538169861,-0.04776763170957565,0.17570124566555023,0.6508405208587646,-0.06624992191791534,0.20241647958755493,0.6262407302856445,-0.07792484760284424,0.14563000202178955,0.7853795886039734,-0.031206827610731125,0.18810966610908508,0.7191223502159119,-0.06020982563495636,0.22720889747142792,0.6954119205474854,-0.07168059051036835,0.2557857930660248,0.681627631187439,-0.07709842175245285,0.15414246916770935,0.8144535422325134,-0.041711948812007904,0.19825509190559387,0.7466408610343933,-0.06908340007066727,0.23531408607959747,0.7121762037277222,-0.07174994796514511,0.26306092739105225,0.6890168786048889,-0.06994075328111649,0.17537453770637512,0.8364706039428711,-0.05314316600561142,0.21293501555919647,0.773155927658081,-0.07166531682014465,0.24003148078918457,0.7431890964508057,-0.07165096700191498,0.2582731246948242,0.7216190099716187,-0.06892045587301254
4,left,0.6239913105964661,0.748170793056488,-2.976462099013588e-07,0.5907707214355469,0.6850715279579163,-0.0016005482757464051,0.5476923584938049,0.6349156498908997,-0.013755149208009243,0.5069942474365234,0.6043708324432373,-0.027231749147176743,0.4692310690879822,0.5917685031890869,-0.04405473172664642,0.5625494122505188,0.6077446341514587,-0.048371415585279465,0.5171780586242676,0.549887478351593,-0.07385901361703873,0.4804638624191284,0.536017119884491,-0.08707796037197113,0.4503251910209656,0.5324828624725342,-0.09558060765266418,0.5766447186470032,0.6306371092796326,-0.05908844992518425,0.5008425116539001,0.6504840850830078,-0.08475971221923828,0.45518696308135986,0.6886820197105408,-0.09204266220331192,0.4255589544773102,0.718382716178894,-0.0985519289970398,0.584506630897522,0.6699283123016357,-0.0682036429643631,0.5052323937416077,0.6898695230484009,-0.09191824495792389,0.4624179005622864,0.7214798927307129,-0.09337619692087173,0.4364648163318634,0.7491412162780762,-0.09413117170333862,0.5864613652229309,0.7155559062957764,-0.07620921730995178,0.5256599187850952,0.7250802516937256,-0.09801460057497025,0.4870365858078003,0.742728054523468,-0.10212121158838272,0.4596920609474182,0.759830892086029,-0.10302244126796722
5,right,0.29830992221832275,0.8620538115501404,1.9852241450735164e-07,0.3087804913520813,0.7771797776222229,-0.001695413375273347,0.29521092772483826,0.7157670855522156,-0.013532452285289764,0.2883790135383606,0.6734210848808289,-0.02984832040965557,0.2888791859149933,0.6315850019454956,-0.04550045728683472,0.1993924081325531,0.7287665605545044,-0.014609766192734241,0.18166527152061462,0.6621322631835938,-0.04015697166323662,0.18601301312446594,0.6147593259811401,-0.05882908031344414,0.1996772736310959,0.5770397782325745,-0.07091525942087173,0.1941414326429367,0.7553887367248535,-0.028279481455683708,0.22054645419120789,0.6706470847129822,-0.06104364991188049,0.26102307438850403,0.6365384459495544,-0.07573419064283371,0.29329532384872437,0.6197971105575562,-0.08117914944887161,0.20557576417922974,0.7762413024902344,-0.042759716510772705,0.23109953105449677,0.6925415992736816,-0.07235248386859894,0.26981163024902344,0.6556375026702881,-0.0764453187584877,0.3000856339931488,0.6337689161300659,-0.07400290668010712,0.2281460016965866,0.7897361516952515,-0.057590994983911514,0.2553223669528961,0.7209635972976685,-0.07641537487506866,0.28261661529541016,0.6908828020095825,-0.07652219384908676,0.3030768036842346,0.6703804135322571,-0.07276444882154465
5,left,0.6098424196243286,0.7218031287193298,-3.116213065368356e-08,0.5504215955734253,0.7035598158836365,0.0012568775564432144,0.5120080709457397,0.6757878661155701,-0.008805444464087486,0.48055753111839294,0.6655192971229553,-0.020990531891584396,0.4522212743759155,0.667131781578064,-0.03618703410029411,0.5269145369529724,0.5880311727523804,-0.030710892751812935,0.4776732623577118,0.5344008803367615,-0.05194348841905594,0.44837409257888794,0.49994683265686035,-0.06688912212848663,0.42005082964897156,0.47359979152679443,-0.07785205543041229,0.5378032326698303,0.6048727035522461,-0.04159098491072655,0.45657163858413696,0.6166050434112549,-0.06641734391450882,0.42162755131721497,0.6617836356163025,-0.07439184188842773,0.40431249141693115,0.6959893703460693,-0.07880651205778122,0.5413627624511719,0.6409871578216553,-0.05151478946208954,0.46093815565109253,0.6468585729598999,-0.07549303025007248,0.42979973554611206,0.6875948905944824,-0.07735615223646164,0.41684234142303467,0.7180997729301453,-0.07525008916854858,0.5392583012580872,0.6851480603218079,-0.06045377999544144,0.4767981171607971,0.6837302446365356,-0.08067047595977783,0.44876351952552795,0.7035650014877319,-0.08288862556219101,0.4346027374267578,0.7227677702903748,-0.08066794276237488
6,right,0.32178884744644165,0.8461704254150391,2.2117312425962155e-07,0.3325560688972473,0.7595045566558838,-0.0010332539677619934,0.32530343532562256,0.701957643032074,-0.014461727812886238,0.3241935670375824,0.6571084856987,-0.03297647833824158,0.3261169493198395,0.6176391243934631,-0.051552530378103256,0.23537763953208923,0.7110003232955933,-0.02116744965314865,0.21303579211235046,0.6441250443458557,-0.04493206739425659,0.19884611666202545,0.597387969493866,-0.0619838573038578,0.18955498933792114,0.5587714314460754,-0.07425539940595627,0.2301623672246933,0.738634467124939,-0.035961054265499115,0.26669827103614807,0.6547976136207581,-0.07037295401096344,0.30538052320480347,0.625615656375885,-0.08422603458166122,0.3341319262981415,0.6139746308326721,-0.08922411501407623,0.24263575673103333,0.7590869665145874,-0.050573013722896576,0.27393975853919983,0.6774885058403015,-0.07981197535991669,0.3102661371231079,0.6448763012886047,-0.08178183436393738,0.33867812156677246,0.6265349984169006,-0.07845079898834229,0.26505839824676514,0.77205491065979,-0.06555700302124023,0.29404059052467346,0.7049033045768738,-0.08350230753421783,0.3200995922088623,0.6756420135498047,-0.08209424465894699,0.34150776267051697,0.655387818813324,-0.07770124822854996
6,left,0,0,0,0,0,0,0,0,0,0,0,0,0,0,0,0,0,0,0,0,0,0,0,0,0,0,0,0,0,0,0,0,0,0,0,0,0,0,0,0,0,0,0,0,0,0,0,0,0,0,0,0,0,0,0,0,0,0,0,0,0,0,0
7,right,0.3225211203098297,0.8478030562400818,3.0176104814927385e-07,0.34044331312179565,0.7624338865280151,-0.003921241499483585,0.3333809971809387,0.706796407699585,-0.017844093963503838,0.3320886492729187,0.6647343635559082,-0.035615552216768265,0.3372349739074707,0.6265367269515991,-0.053472407162189484,0.24042648077011108,0.7087810635566711,-0.027382148429751396,0.21692781150341034,0.6409357786178589,-0.050326552242040634,0.1976354420185089,0.594849169254303,-0.06692561507225037,0.18271897733211517,0.5578991770744324,-0.0796041339635849,0.23698005080223083,0.7372753620147705,-0.04034256562590599,0.2748318910598755,0.654292643070221,-0.07355709373950958,0.31469130516052246,0.6231171488761902,-0.08699104189872742,0.3437725305557251,0.6082848310470581,-0.09256257116794586,0.252147376537323,0.7587555646896362,-0.05277284234762192,0.2851793169975281,0.6756163239479065,-0.08090445399284363,0.3212200403213501,0.6395421624183655,-0.08290756493806839,0.3480914235115051,0.6190351843833923,-0.08050766587257385,0.2764682173728943,0.7699569463729858,-0.06579536199569702,0.30553576350212097,0.7018948197364807,-0.08390285819768906,0.3306770920753479,0.6728727221488953,-0.08285007625818253,0.35078853368759155,0.6526573896408081,-0.07925248891115189
7,left,0.5821550488471985,0.7243609428405762,-1.585075466437047e-07,0.5419161319732666,0.682816207408905,0.005175463389605284,0.49240079522132874,0.6715074181556702,-0.0015300234081223607,0.4508938193321228,0.6915122866630554,-0.010555610060691833,0.4241374135017395,0.719864547252655,-0.023200623691082,0.47309166193008423,0.6423532962799072,-0.02785278484225273,0.4102330505847931,0.6145755648612976,-0.04506737366318703,0.37646740674972534,0.5987930297851562,-0.053911108523607254,0.34779298305511475,0.5878482460975647,-0.060035571455955505,0.4832390248775482,0.6641681790351868,-0.03743449226021767,0.41564521193504333,0.7240735292434692,-0.05739910528063774,0.403873085975647,0.7764930725097656,-0.061942968517541885,0.40288567543029785,0.8076905012130737,-0.0651288628578186,0.4935327172279358,0.7013946175575256,-0.04513734579086304,0.4266994595527649,0.7571384310722351,-0.0634799599647522,0.41590049862861633,0.8028534650802612,-0.063518226146698,0.4176672101020813,0.8309435844421387,-0.06190067157149315,0.5014327168464661,0.7417490482330322,-0.0512273795902729,0.4468589723110199,0.7814252376556396,-0.06402725726366043,0.4366436302661896,0.8087549209594727,-0.06307421624660492,0.4363059401512146,0.8271403312683105,-0.06037142872810364
8,right,0.3254238963127136,0.8440016508102417,3.1006172207526106e-07,0.3415045738220215,0.7604374289512634,-0.003445831360295415,0.335321843624115,0.7046339511871338,-0.018027126789093018,0.335388720035553,0.6607480049133301,-0.0364156998693943,0.34138303995132446,0.6214339733123779,-0.05444291606545448,0.2439604103565216,0.708685040473938,-0.029050711542367935,0.21948595345020294,0.6407103538513184,-0.052653975784778595,0.1997894048690796,0.5956372022628784,-0.06903020292520523,0.18434569239616394,0.5604469776153564,-0.08132525533437729,0.2403290569782257,0.7375196814537048,-0.04232286661863327,0.2773650288581848,0.6541273593902588,-0.07510358840227127,0.3167062997817993,0.6229919195175171,-0.08724487572908401,0.34526732563972473,0.6075515151023865,-0.09207765758037567,0.2554570138454437,0.7591649293899536,-0.055067066103219986,0.2876415550708771,0.6750013828277588,-0.08291453123092651,0.3241758942604065,0.6403130292892456,-0.08351840078830719,0.351620614528656,0.620346188545227,-0.08026617020368576,0.2801632583141327,0.7691327333450317,-0.06837625056505203,0.3094748556613922,0.7011140584945679,-0.0858355239033699,0.3344774544239044,0.6728155016899109,-0.08380536735057831,0.35445061326026917,0.6532439589500427,-0.07967911660671234
8,left,0.6031547784805298,0.7229960560798645,-3.992953523379583e-08,0.5606070756912231,0.6811485886573792,0.006284566596150398,0.5148816704750061,0.6627733111381531,0.000559189182240516,0.47332486510276794,0.6679861545562744,-0.007297338917851448,0.44325387477874756,0.6896855235099792,-0.016963224858045578,0.4915446639060974,0.630310595035553,-0.021525440737605095,0.43256860971450806,0.5962157249450684,-0.04047359526157379,0.39922651648521423,0.5685789585113525,-0.05048339068889618,0.37337806820869446,0.5457679033279419,-0.056166425347328186,0.4973529875278473,0.6469781994819641,-0.03123321197926998,0.42617908120155334,0.6948749423027039,-0.05212349444627762,0.4081469774246216,0.7455465197563171,-0.05713629722595215,0.4042716920375824,0.7791204452514648,-0.059086572378873825,0.5036221742630005,0.6799905896186829,-0.03951317071914673,0.4346826672554016,0.7241888046264648,-0.05805220082402229,0.4186965823173523,0.7677556276321411,-0.05837629362940788,0.4166005849838257,0.7971810698509216,-0.05584019795060158,0.510047435760498,0.7198483943939209,-0.046215955168008804,0.4581432640552521,0.7548402547836304,-0.058134619146585464,0.44287505745887756,0.7811954617500305,-0.05775361880660057,0.4359278976917267,0.8006472587585449,-0.055062614381313324
9,right,0.32631248235702515,0.8448910713195801,3.1040289627526363e-07,0.34292301535606384,0.7609018087387085,-0.003411873709410429,0.3350606858730316,0.7061566114425659,-0.016869742423295975,0.3321969211101532,0.6658029556274414,-0.034020837396383286,0.33633631467819214,0.6287597417831421,-0.05077504366636276,0.24385160207748413,0.7106842994689941,-0.028059206902980804,0.21980559825897217,0.6419856548309326,-0.05115869268774986,0.2001696676015854,0.5961113572120667,-0.06764737516641617,0.18465456366539001,0.5610040426254272,-0.08002279698848724,0.24061882495880127,0.7396264672279358,-0.04071374237537384,0.2783518433570862,0.6551661491394043,-0.0733482614159584,0.31722885370254517,0.6242066621780396,-0.0859348401427269,0.3454400897026062,0.6107646226882935,-0.09096219390630722,0.25612252950668335,0.7605317831039429,-0.0527990348637104,0.2884922921657562,0.6757413744926453,-0.0804835855960846,0.3246895968914032,0.6411022543907166,-0.08177244663238525,0.3517637848854065,0.6225743293762207,-0.07883987575769424,0.28052690625190735,0.7697981595993042,-0.06538745015859604,0.31029877066612244,0.7003956437110901,-0.08293493092060089,0.33496737480163574,0.672539234161377,-0.08149170130491257,0.3545481264591217,0.6535671353340149,-0.07759460061788559
9,left,0.5853845477104187,0.7245867848396301,-1.3478917537668167e-07,0.5468122363090515,0.6811602711677551,0.004114092327654362,0.5022767782211304,0.6637755632400513,-0.0025029690004885197,0.46180739998817444,0.6759815812110901,-0.011258827522397041,0.4325962960720062,0.6980072855949402,-0.022787611931562424,0.4811622202396393,0.6349889039993286,-0.026171568781137466,0.42027100920677185,0.5926369428634644,-0.04568706452846527,0.3891623318195343,0.567575991153717,-0.05693751201033592,0.3622477650642395,0.5450965166091919,-0.06459256261587143,0.4903539717197418,0.6545953154563904,-0.035131871700286865,0.41735780239105225,0.6971797943115234,-0.057699475437402725,0.40176671743392944,0.7488430142402649,-0.06373840570449829,0.4000483751296997,0.7792144417762756,-0.06696286797523499,0.49834585189819336,0.6894204020500183,-0.04259022697806358,0.42788946628570557,0.7302831411361694,-0.062099698930978775,0.4122624397277832,0.7748574018478394,-0.06259521842002869,0.4113078713417053,0.801099956035614,-0.06056823581457138,0.5048049688339233,0.7288132905960083,-0.048754721879959106,0.45194509625434875,0.7623880505561829,-0.06214965507388115,0.43640804290771484,0.789894700050354,-0.06224873661994934,0.43003931641578674,0.8058382272720337,-0.059820305556058884
10,right,0.3245244026184082,0.8458585739135742,3.0196446232366725e-07,0.34501469135284424,0.758806586265564,-0.0029060347005724907,0.3387720286846161,0.7032530903816223,-0.017005205154418945,0.33768388628959656,0.6602749824523926,-0.03501202538609505,0.34226828813552856,0.6220179796218872,-0.052830345928668976,0.24393481016159058,0.707423985004425,-0.029048679396510124,0.22042447328567505,0.6383827328681946,-0.05208389833569527,0.20061728358268738,0.5929415225982666,-0.06814888119697571,0.1854819357395172,0.5569763779640198,-0.08053796738386154,0.24011261761188507,0.7363245487213135,-0.04250331223011017,0.27806639671325684,0.651743471622467,-0.07528418302536011,0.3169797956943512,0.6222137212753296,-0.08718787133693695,0.345214307308197,0.6084136366844177,-0.09191111475229263,0.25576546788215637,0.7584282159805298,-0.0553366020321846,0.28905782103538513,0.6737697124481201,-0.08341030776500702,0.3251403570175171,0.6392128467559814,-0.08413070440292358,0.3519744575023651,0.6199038028717041,-0.08106522262096405,0.28095611929893494,0.7689928412437439,-0.06862331926822662,0.3113812804222107,0.7004357576370239,-0.08693099021911621,0.33618587255477905,0.6710200309753418,-0.08570583164691925,0.35565879940986633,0.6506034135818481,-0.0821612998843193
10,left,0.5985757112503052,0.734278678894043,-7.398949719572556e-08,0.5569785833358765,0.6910421848297119,0.007618740200996399,0.5083513259887695,0.6778682470321655,0.0030682235956192017,0.47110801935195923,0.6937641501426697,-0.004595206119120121,0.4458869397640228,0.7228899002075195,-0.015025101602077484,0.4817206561565399,0.6513800024986267,-0.020770873874425888,0.4172971546649933,0.6263847351074219,-0.03714266046881676,0.38184306025505066,0.6064208149909973,-0.04533877968788147,0.3519446551799774,0.5898376703262329,-0.05059723183512688,0.48924314975738525,0.674297571182251,-0.031337637454271317,0.4199625551700592,0.7269288301467896,-0.053196411579847336,0.41050779819488525,0.7781766653060913,-0.0577455572783947,0.41250482201576233,0.8078281283378601,-0.05851136893033981,0.49845051765441895,0.7099494934082031,-0.03996109962463379,0.42940327525138855,0.7585846781730652,-0.05886373296380043,0.4208502173423767,0.8025951981544495,-0.05829089507460594,0.42463046312332153,0.8263589143753052,-0.05445195361971855,0.5074672698974609,0.7477399706840515,-0.0469621904194355,0.45296356081962585,0.7816678285598755,-0.05892273411154747,0.4387175440788269,0.8096869587898254,-0.05775544047355652,0.43505147099494934,0.8283861875534058,-0.053880441933870316
11,right,0.32586753368377686,0.8430194854736328,3.1280583812076657e-07,0.3418726623058319,0.7584155797958374,-0.0027751110028475523,0.3333512842655182,0.7019423842430115,-0.0158076211810112,0.33164864778518677,0.6590200662612915,-0.032422326505184174,0.33561620116233826,0.6193935871124268,-0.048524897545576096,0.24252155423164368,0.7097198367118835,-0.027440626174211502,0.21795938909053802,0.640551745891571,-0.04935111105442047,0.19789433479309082,0.5956131815910339,-0.06461220979690552,0.18208058178424835,0.561030924320221,-0.07646287232637405,0.23897796869277954,0.7378140687942505,-0.04036058112978935,0.2761077582836151,0.6516706347465515,-0.07236666977405548,0.3151819705963135,0.619870662689209,-0.08466557413339615,0.3433709740638733,0.6050909161567688,-0.08980239182710648,0.2540813982486725,0.7584526538848877,-0.05263800919055939,0.2869769334793091,0.6730455160140991,-0.07997888326644897,0.3235882520675659,0.6383553147315979,-0.0809834823012352,0.35062140226364136,0.6190927028656006,-0.07821987569332123,0.2783755958080292,0.767910361289978,-0.06535596400499344,0.30745071172714233,0.6989051699638367,-0.08330297470092773,0.3319796919822693,0.669349730014801,-0.08220154047012329,0.3509032428264618,0.648555338382721,-0.07882702350616455
11,left,0.5810246467590332,0.7190534472465515,-1.1886157125218233e-07,0.5483222603797913,0.6757341623306274,0.0011348698753863573,0.5049435496330261,0.6604189872741699,-0.006913686636835337,0.4651321768760681,0.6752699017524719,-0.015891553834080696,0.4368439018726349,0.7009481191635132,-0.027872234582901,0.4859064519405365,0.6346002221107483,-0.03534097969532013,0.4234272837638855,0.593346357345581,-0.055172912776470184,0.3910030722618103,0.5693286061286926,-0.06594377756118774,0.3623831570148468,0.5476062297821045,-0.07347408682107925,0.4966030716896057,0.6571152806282043,-0.04322994127869606,0.4223158359527588,0.6997169256210327,-0.06657339632511139,0.40648797154426575,0.7517033219337463,-0.07183531671762466,0.4035373628139496,0.7808187007904053,-0.07428891956806183,0.5048075318336487,0.6922835111618042,-0.04920550808310509,0.43312060832977295,0.7308498024940491,-0.07041630148887634,0.41776978969573975,0.7750523686408997,-0.07034522294998169,0.4167904257774353,0.7989538908004761,-0.06729153543710709,0.5107699632644653,0.7301627993583679,-0.05388499051332474,0.45519164204597473,0.7590229511260986,-0.070151187479496,0.43844500184059143,0.786730170249939,-0.07033977657556534,0.4319990277290344,0.8027278780937195,-0.0671396479010582
12,right,0.3247656226158142,0.8447588682174683,3.056287312119821e-07,0.34262338280677795,0.7603070735931396,-0.0024042129516601562,0.33618709444999695,0.7030262351036072,-0.016120746731758118,0.335987389087677,0.6583336591720581,-0.033702146261930466,0.3420043885707855,0.6185550093650818,-0.051024507731199265,0.24208639562129974,0.7085471153259277,-0.027501912787556648,0.21840082108974457,0.6386669278144836,-0.049890223890542984,0.19861677289009094,0.5926149487495422,-0.06550873816013336,0.1833120584487915,0.556609034538269,-0.0776095986366272,0.2383277714252472,0.7360207438468933,-0.04091610014438629,0.2764504551887512,0.6502999663352966,-0.07296659052371979,0.3155100643634796,0.6191873550415039,-0.08474697172641754,0.3434004485607147,0.6039727330207825,-0.08955631405115128,0.25354206562042236,0.7565608024597168,-0.053706057369709015,0.2862631678581238,0.6709302067756653,-0.08160916715860367,0.32292601466178894,0.6355591416358948,-0.08252350986003876,0.3500955104827881,0.6148486137390137,-0.07960457354784012,0.2781544327735901,0.7660961747169495,-0.06681711226701736,0.30727362632751465,0.6968083381652832,-0.08489096909761429,0.3326459228992462,0.6678999066352844,-0.08341623842716217,0.3524590730667114,0.6473562121391296,-0.07971576601266861
12,left,0.5962120294570923,0.7341437339782715,-2.949524890993871e-08,0.55724036693573,0.6937103867530823,0.0052146827802062035,0.5079220533370972,0.6796476244926453,-0.0005092790233902633,0.4695182144641876,0.6952717900276184,-0.008808010257780552,0.44361525774002075,0.7243050336837769,-0.019830938428640366,0.48312389850616455,0.6515841484069824,-0.023896323516964912,0.41976553201675415,0.624351978302002,-0.04147001728415489,0.38372737169265747,0.6021555662155151,-0.05020742118358612,0.35393694043159485,0.5836616158485413,-0.05565984174609184,0.4895363450050354,0.6747838258743286,-0.03398265317082405,0.41979798674583435,0.7240447402000427,-0.05743547901511192,0.4089350700378418,0.7752569913864136,-0.0631537139415741,0.4105946123600006,0.8054764866828918,-0.06426195055246353,0.49767789244651794,0.709997296333313,-0.04223083332180977,0.4305409789085388,0.7573553919792175,-0.06251951307058334,0.4210546016693115,0.8006121516227722,-0.06299981474876404,0.423992395401001,0.8242760300636292,-0.05940141901373863,0.5059478878974915,0.7471299171447754,-0.04898042604327202,0.4520282745361328,0.7791430950164795,-0.06158191338181496,0.4383358061313629,0.8061409592628479,-0.06077256798744202,0.4351453185081482,0.8244848251342773,-0.05700548738241196
13,right,0.32601794600486755,0.8410876989364624,3.4034630402857147e-07,0.34000545740127563,0.7560818791389465,-0.0031152369920164347,0.3307414948940277,0.6986721158027649,-0.016533907502889633,0.3300783634185791,0.6549416780471802,-0.03369402140378952,0.33569541573524475,0.615018904209137,-0.05038022994995117,0.24029892683029175,0.7088576555252075,-0.02595905400812626,0.21601134538650513,0.6389124393463135,-0.0482778400182724,0.19676771759986877,0.5921201705932617,-0.063914455473423,0.1817176640033722,0.5551658868789673,-0.07586921751499176,0.23627953231334686,0.7351047396659851,-0.03917887806892395,0.27261093258857727,0.6482157111167908,-0.07153147459030151,0.3123612105846405,0.615130603313446,-0.08424816280603409,0.3410871624946594,0.598747968673706,-0.08935067057609558,0.250812828540802,0.7541333436965942,-0.051940299570560455,0.2834230065345764,0.6673182845115662,-0.07943551987409592,0.32042255997657776,0.6319684386253357,-0.08055808395147324,0.34717655181884766,0.6108832359313965,-0.07764660567045212,0.27481144666671753,0.7627372145652771,-0.06526152044534683,0.30372142791748047,0.6932550072669983,-0.0829925388097763,0.3290459215641022,0.6640082597732544,-0.08138483762741089,0.3483402729034424,0.6433660387992859,-0.07750402390956879
13,left,0.6016883254051208,0.7326239347457886,-2.1422909668444845e-08,0.5587216019630432,0.6902005076408386,0.006079694256186485,0.5098448991775513,0.6749094128608704,0.000404592341510579,0.46972477436065674,0.6889299750328064,-0.007652858272194862,0.4425830841064453,0.7169541716575623,-0.018261879682540894,0.48380568623542786,0.6458178162574768,-0.024129994213581085,0.4191645383834839,0.6223840713500977,-0.042155422270298004,0.38198789954185486,0.602341890335083,-0.051657989621162415,0.3522098660469055,0.5861071348190308,-0.05748433619737625,0.4906040132045746,0.6689013242721558,-0.03420853987336159,0.42136505246162415,0.7236160039901733,-0.054470259696245193,0.4085651636123657,0.7759381532669067,-0.05878125876188278,0.4082707166671753,0.8070110082626343,-0.06038776412606239,0.5000907182693481,0.7052474617958069,-0.0425490066409111,0.43150264024734497,0.753113865852356,-0.06088949367403984,0.4223978519439697,0.7965397834777832,-0.06048204004764557,0.42663705348968506,0.821060836315155,-0.05734715238213539,0.5101051330566406,0.7446114420890808,-0.04929666221141815,0.4537740647792816,0.7772162556648254,-0.06166131794452667,0.4408676326274872,0.803888738155365,-0.0607723742723465,0.4389355480670929,0.8216276168823242,-0.057466086000204086
14,right,0.3244803845882416,0.8434763550758362,3.1735009997646557e-07,0.3396707773208618,0.7585187554359436,-0.0031296059023588896,0.3316974341869354,0.7007074356079102,-0.016729464754462242,0.33176949620246887,0.65620356798172,-0.03402160480618477,0.33795830607414246,0.6159349679946899,-0.050829991698265076,0.23812012374401093,0.7119966745376587,-0.02660689316689968,0.21508589386940002,0.6408230662345886,-0.04890519753098488,0.19707757234573364,0.594119131565094,-0.06441657990217209,0.183434396982193,0.556812584400177,-0.07632520794868469,0.2349480390548706,0.7383916974067688,-0.0396195612847805,0.27156564593315125,0.6522680521011353,-0.07210558652877808,0.3092592656612396,0.6209610104560852,-0.08441300690174103,0.3362434208393097,0.6052317023277283,-0.08936302363872528,0.2501040995121002,0.7577105164527893,-0.052195072174072266,0.2818039655685425,0.6726202368736267,-0.08026530593633652,0.3177458643913269,0.6358941793441772,-0.0818103700876236,0.34451255202293396,0.6138806343078613,-0.07909619808197021,0.27434447407722473,0.7662169337272644,-0.0652022585272789,0.30174529552459717,0.6959778070449829,-0.08336543291807175,0.3266582190990448,0.6663524508476257,-0.0823572650551796,0.3459916114807129,0.645080029964447,-0.07890854775905609
14,left,0.5824870467185974,0.7196122407913208,-1.1329634475032435e-07,0.5472626686096191,0.6782354116439819,0.0010482636280357838,0.502066969871521,0.6667579412460327,-0.006171090994030237,0.4626513123512268,0.685720682144165,-0.014507473446428776,0.43611276149749756,0.7116804718971252,-0.02584349550306797,0.480083703994751,0.6436781287193298,-0.03174254298210144,0.4155866801738739,0.611846923828125,-0.0503414124250412,0.3838202655315399,0.5914785265922546,-0.060642458498477936,0.3550282120704651,0.5723574757575989,-0.06790939718484879,0.49103301763534546,0.6667650938034058,-0.03961172699928284,0.41842177510261536,0.7171410322189331,-0.06223302334547043,0.4060401916503906,0.7701355218887329,-0.06854167580604553,0.40510398149490356,0.7991364598274231,-0.07174624502658844,0.5006946921348572,0.7024189233779907,-0.04578233137726784,0.43185898661613464,0.7487404942512512,-0.06662026047706604,0.41999563574790955,0.7941998839378357,-0.06815696507692337,0.4206644892692566,0.8182770609855652,-0.06618663668632507,0.5086233615875244,0.7402493953704834,-0.05063999816775322,0.4539075195789337,0.7733060121536255,-0.06588288396596909,0.4401940107345581,0.8010176420211792,-0.06631121039390564,0.4361455738544464,0.8172654509544373,-0.06358590722084045
15,right,0.3259468674659729,0.8437806367874146,3.0886860713508213e-07,0.3409988582134247,0.7584163546562195,-0.0014680983731523156,0.3328165113925934,0.7008708119392395,-0.014371125027537346,0.33155378699302673,0.6578923463821411,-0.031349968165159225,0.3357633948326111,0.61932772397995,-0.048158273100852966,0.24044767022132874,0.7087615728378296,-0.02473696880042553,0.21727719902992249,0.6392102837562561,-0.04677151143550873,0.20010998845100403,0.5920480489730835,-0.062116820365190506,0.1882336288690567,0.5538747310638428,-0.07376479357481003,0.2364586889743805,0.7348264455795288,-0.03848396614193916,0.2741517424583435,0.6480473279953003,-0.070856474339962,0.3135736882686615,0.6168321967124939,-0.08332882821559906,0.3428182005882263,0.6017295122146606,-0.08815804868936539,0.2509726881980896,0.7542060017585754,-0.051656026393175125,0.28411665558815,0.6684011816978455,-0.07973656803369522,0.32046839594841003,0.6331982016563416,-0.08167122304439545,0.34794363379478455,0.6121621131896973,-0.0790581926703453,0.2751378118991852,0.7637001872062683,-0.06503487378358841,0.30346810817718506,0.694512128829956,-0.0831681564450264,0.32888537645339966,0.6652441024780273,-0.08220814913511276,0.3489285707473755,0.6439568400382996,-0.07864432036876678
15,left,0.5978139638900757,0.7245106101036072,-3.5375592233322095e-08,0.5567232966423035,0.6841617822647095,0.00334100890904665,0.5085709095001221,0.6726406216621399,-0.003644397249445319,0.4686380922794342,0.6896126866340637,-0.012212692759931087,0.44069889187812805,0.7180576324462891,-0.023149564862251282,0.4835740327835083,0.6442016363143921,-0.02858627215027809,0.4202408194541931,0.622628927230835,-0.04808908328413963,0.3833804130554199,0.6050112843513489,-0.05828307941555977,0.3532669246196747,0.5905168652534485,-0.06435972452163696,0.4921824038028717,0.6660685539245605,-0.037433505058288574,0.42259615659713745,0.7245847582817078,-0.060850705951452255,0.411068856716156,0.7766496539115906,-0.06666549295186996,0.4120940566062927,0.8073395490646362,-0.0682891309261322,0.5013276934623718,0.7016253471374512,-0.044474560767412186,0.43409308791160583,0.7559069991111755,-0.06542762368917465,0.4242289364337921,0.7992172837257385,-0.0657285824418068,0.4268445372581482,0.8232779502868652,-0.06203634291887283,0.5102184414863586,0.7404812574386597,-0.04999784007668495,0.45617470145225525,0.7782678604125977,-0.06421998888254166,0.4425811171531677,0.8057140707969666,-0.06390194594860077,0.4391293525695801,0.8236645460128784,-0.0602443553507328
16,right,0.3241404592990875,0.8423581719398499,3.3185173720085004e-07,0.3375675082206726,0.7566515207290649,-0.0017724959179759026,0.32862335443496704,0.6997020840644836,-0.015033971518278122,0.32830873131752014,0.6565495729446411,-0.032233837991952896,0.3338783383369446,0.6171205639839172,-0.04894476383924484,0.2380567044019699,0.7124083042144775,-0.02565533109009266,0.21446987986564636,0.6411420106887817,-0.047983840107917786,0.19863569736480713,0.5930487513542175,-0.06337366253137589,0.18791964650154114,0.554886519908905,-0.0748424232006073,0.23516890406608582,0.7390140295028687,-0.039308637380599976,0.2711772918701172,0.6526159644126892,-0.0712696760892868,0.30863088369369507,0.6205769181251526,-0.0831826850771904,0.3356294333934784,0.6045908331871033,-0.08789750933647156,0.2503882050514221,0.7581361532211304,-0.052505865693092346,0.28220805525779724,0.6720361113548279,-0.07991858571767807,0.31788313388824463,0.636789083480835,-0.08099278807640076,0.343947172164917,0.6161165833473206,-0.078036829829216,0.2746592164039612,0.7665963172912598,-0.06605762988328934,0.3022002577781677,0.6968963146209717,-0.08357451111078262,0.3266756534576416,0.6678984761238098,-0.08204515278339386,0.3453637361526489,0.6474969983100891,-0.07827479392290115
16,left,0.6073055267333984,0.7234605550765991,-4.504248352077411e-08,0.5643112063407898,0.679227352142334,0.006517248693853617,0.5178984999656677,0.6666924357414246,0.0016736298566684127,0.47956085205078125,0.6828355193138123,-0.005778247024863958,0.45340731739997864,0.7107173800468445,-0.015613250434398651,0.49173790216445923,0.640390932559967,-0.021878067404031754,0.42619094252586365,0.6164513230323792,-0.03924068436026573,0.3896452486515045,0.5973023176193237,-0.04787302762269974,0.35943537950515747,0.5823877453804016,-0.05328645929694176,0.49766281247138977,0.6619611382484436,-0.03193223103880882,0.4273222088813782,0.7145530581474304,-0.05278518423438072,0.4154583513736725,0.7663879990577698,-0.05703449249267578,0.4159631133079529,0.7971970438957214,-0.05830905959010124,0.5064842104911804,0.69680255651474,-0.04037444666028023,0.43705976009368896,0.7430293560028076,-0.05934842675924301,0.42845618724823,0.7868727445602417,-0.0590742826461792,0.4323854148387909,0.8122444152832031,-0.055793534964323044,0.5157175064086914,0.7353236079216003,-0.04726557061076164,0.45972737669944763,0.7679933905601501,-0.06070411950349808,0.4464261531829834,0.7966760993003845,-0.06075521558523178,0.4430374801158905,0.8163881897926331,-0.05797656998038292
17,right,0.3248332440853119,0.8425734639167786,3.164268207456189e-07,0.3401494324207306,0.755899965763092,-0.0019577883649617434,0.33090323209762573,0.6990949511528015,-0.014804900623857975,0.32784566283226013,0.6573149561882019,-0.031623464077711105,0.3305988609790802,0.6189761757850647,-0.04805012792348862,0.23825545608997345,0.710886538028717,-0.024250317364931107,0.21549615263938904,0.6400277614593506,-0.04621810466051102,0.20037461817264557,0.5917637348175049,-0.06119588017463684,0.19109097123146057,0.5527303218841553,-0.0722857192158699,0.2348475605249405,0.736701488494873,-0.03756610304117203,0.27018773555755615,0.6495996713638306,-0.06944051384925842,0.3083258271217346,0.6184769868850708,-0.08112096786499023,0.3364928960800171,0.6031394004821777,-0.08533751219511032,0.24985112249851227,0.7546085715293884,-0.050534773617982864,0.28176450729370117,0.6686764359474182,-0.07835502922534943,0.31761980056762695,0.6335635781288147,-0.07991544157266617,0.3442944884300232,0.6128085851669312,-0.07704725116491318,0.2741841673851013,0.7623246908187866,-0.06379859894514084,0.3022134304046631,0.6934207677841187,-0.08173853904008865,0.3275632858276367,0.6648181676864624,-0.0806853324174881,0.3470888137817383,0.6443994641304016,-0.07708507031202316
17,left,0.6087836623191833,0.7187981605529785,-4.930519637014186e-08,0.5637887716293335,0.6757774353027344,0.008541048504412174,0.5153335928916931,0.6672906279563904,0.004520558752119541,0.47713544964790344,0.6859622001647949,-0.0019989521242678165,0.4503098726272583,0.7144597172737122,-0.010962928645312786,0.4865396022796631,0.6454527378082275,-0.023102350533008575,0.4194718897342682,0.626021683216095,-0.04167614504694939,0.38242006301879883,0.6100387573242188,-0.051441460847854614,0.3503948450088501,0.5968510508537292,-0.05764222890138626,0.4937858581542969,0.666557252407074,-0.03348689153790474,0.42567819356918335,0.7233633399009705,-0.05357447639107704,0.4196850061416626,0.7724039554595947,-0.05533511936664581,0.4234301745891571,0.798907995223999,-0.05492651090025902,0.5047521591186523,0.7010632157325745,-0.04211404547095299,0.4350033402442932,0.752332866191864,-0.05950533598661423,0.429256409406662,0.7944011092185974,-0.05553542450070381,0.4351922869682312,0.8164930939674377,-0.05016034469008446,0.5167832970619202,0.738514244556427,-0.04927365854382515,0.4614446759223938,0.7755025625228882,-0.061969928443431854,0.4489620327949524,0.8020714521408081,-0.06049840897321701,0.446204274892807,0.8174365758895874,-0.056548599153757095
18,right,0.3242907226085663,0.8421542048454285,3.22186593848528e-07,0.3387952744960785,0.7554188966751099,-0.0009507971117272973,0.3284852206707001,0.6976140737533569,-0.013277287594974041,0.3250510096549988,0.6551167964935303,-0.029767083004117012,0.3282938599586487,0.6160944104194641,-0.045879218727350235,0.23813867568969727,0.7095285654067993,-0.02305912971496582,0.21511369943618774,0.6393614411354065,-0.04487525671720505,0.20100390911102295,0.5900430083274841,-0.059623610228300095,0.19313228130340576,0.5503831505775452,-0.07036828249692917,0.2340908795595169,0.7352914810180664,-0.036785788834095,0.2700071334838867,0.6483535170555115,-0.06835414469242096,0.3084135353565216,0.6166308522224426,-0.07966699451208115,0.33680206537246704,0.6009120941162109,-0.0835118293762207,0.24839316308498383,0.7533887028694153,-0.050172027200460434,0.28126445412635803,0.6675665378570557,-0.0778883621096611,0.31730717420578003,0.6316176056861877,-0.07945682108402252,0.3438035249710083,0.6098146438598633,-0.07651126384735107,0.2720966339111328,0.7616442441940308,-0.06375983357429504,0.30087271332740784,0.692284345626831,-0.08146374672651291,0.3268855810165405,0.6638587117195129,-0.0801067128777504,0.3467716574668884,0.6436847448348999,-0.07624208927154541
18,left,0.6148440837860107,0.7199435830116272,-8.026514564107856e-08,0.5701775550842285,0.6761017441749573,0.007611193228513002,0.5242990255355835,0.6621954441070557,0.003937795292586088,0.4853402376174927,0.6733095049858093,-0.0021950083319097757,0.45850956439971924,0.6976860761642456,-0.010280631482601166,0.4965071678161621,0.63345867395401,-0.02057148516178131,0.42750364542007446,0.610770583152771,-0.03731096163392067,0.3891994059085846,0.5967941284179688,-0.046168528497219086,0.35672473907470703,0.5854237675666809,-0.05223057046532631,0.5033919811248779,0.6523733139038086,-0.030623212456703186,0.43208053708076477,0.6999433040618896,-0.051378462463617325,0.4185754656791687,0.7521729469299316,-0.0560762919485569,0.4172067642211914,0.7835283279418945,-0.05796150863170624,0.5124824643135071,0.6857519149780273,-0.038946136832237244,0.4406011998653412,0.7287503480911255,-0.05650130659341812,0.42986005544662476,0.7728988528251648,-0.05590780824422836,0.43282920122146606,0.7991934418678284,-0.05308114364743233,0.521877110004425,0.7235301733016968,-0.04592791199684143,0.46639755368232727,0.7543462514877319,-0.059115219861269,0.45009729266166687,0.7831614017486572,-0.06004892289638519,0.44367390871047974,0.80475914478302,-0.05822519585490227
19,right,0.3241695165634155,0.8424907326698303,3.223541966690391e-07,0.3386876881122589,0.7552177906036377,-0.001968539319932461,0.3281790316104889,0.697239875793457,-0.01428717840462923,0.3240382671356201,0.6564494371414185,-0.030423535034060478,0.32623645663261414,0.6188234686851501,-0.045936401933431625,0.23720510303974152,0.710188627243042,-0.02295868657529354,0.2141273319721222,0.6408736705780029,-0.044567789882421494,0.20024043321609497,0.5922074913978577,-0.05922240391373634,0.19247303903102875,0.5530565977096558,-0.06989268958568573,0.23377227783203125,0.7364206314086914,-0.03601479157805443,0.26870012283325195,0.6501967906951904,-0.06752026826143265,0.3061475455760956,0.6183161735534668,-0.07913870364427567,0.3337317109107971,0.6020454168319702,-0.08321316540241241,0.24820205569267273,0.7545105218887329,-0.04884561896324158,0.2798968255519867,0.6697732210159302,-0.07634597271680832,0.31513160467147827,0.6344638466835022,-0.07801457494497299,0.3412361145019531,0.6127260327339172,-0.07515359669923782,0.2719500958919525,0.7622900009155273,-0.061989713460206985,0.29982516169548035,0.6935222744941711,-0.07943746447563171,0.32460933923721313,0.6648873090744019,-0.07823628187179565,0.3433620035648346,0.6440125703811646,-0.07454954832792282
19,left,0.6079332828521729,0.724166750907898,-5.963862292901467e-08,0.5624929666519165,0.6812657117843628,0.009546597488224506,0.5130648016929626,0.6684075593948364,0.0058837528340518475,0.4760902225971222,0.6837658882141113,-0.001370732788927853,0.44987770915031433,0.7122346758842468,-0.01129062008112669,0.48444733023643494,0.6455046534538269,-0.017778387293219566,0.416898250579834,0.6280651092529297,-0.03351093828678131,0.3795105516910553,0.6128590703010559,-0.04148310422897339,0.34834110736846924,0.6001907587051392,-0.047057632356882095,0.49274882674217224,0.6655094623565674,-0.029973063617944717,0.42428427934646606,0.7205777764320374,-0.050685103982686996,0.41495898365974426,0.7728091478347778,-0.05461008846759796,0.4173426032066345,0.8039488792419434,-0.05556569620966911,0.5043697953224182,0.6997091770172119,-0.04045188054442406,0.43407249450683594,0.7504474520683289,-0.05767595022916794,0.4241943657398224,0.7962135076522827,-0.05619997903704643,0.42771005630493164,0.8220909833908081,-0.052972644567489624,0.5156277418136597,0.7382245063781738,-0.04944884032011032,0.4594055116176605,0.7753424644470215,-0.06154438108205795,0.4445260167121887,0.8048369288444519,-0.06114094331860542,0.44029462337493896,0.8240206241607666,-0.05856278911232948
20,right,0.32241198420524597,0.8422815203666687,3.2692830131964e-07,0.3375904858112335,0.7550723552703857,-0.0009360022377222776,0.3272143304347992,0.6981371641159058,-0.01356637105345726,0.32380104064941406,0.6553869843482971,-0.030446937307715416,0.3273884057998657,0.6160040497779846,-0.04695630818605423,0.2367110699415207,0.7100912928581238,-0.022908426821231842,0.2139744758605957,0.6401610970497131,-0.04455970600247383,0.20033180713653564,0.5908664464950562,-0.059117671102285385,0.1932394802570343,0.5513076186180115,-0.06966694444417953,0.23287296295166016,0.7357410788536072,-0.036613643169403076,0.2672898471355438,0.6481305956840515,-0.0675375685095787,0.30475255846977234,0.6169788241386414,-0.07820297032594681,0.3326098918914795,0.6017887592315674,-0.081696517765522,0.2472285032272339,0.7534400224685669,-0.050015199929475784,0.27846667170524597,0.6672443151473999,-0.0770769789814949,0.31404900550842285,0.6326428055763245,-0.07786694914102554,0.3406873345375061,0.6126375198364258,-0.0745183527469635,0.27100005745887756,0.761314332485199,-0.06366624683141708,0.29860377311706543,0.6919558644294739,-0.08088025450706482,0.3245159685611725,0.6636707186698914,-0.07906907051801682,0.34469297528266907,0.6441925764083862,-0.07495987415313721
20,left,0.6181900501251221,0.7133045196533203,-7.741024177221334e-08,0.5725572109222412,0.6680771708488464,0.007770915050059557,0.524989128112793,0.6520229578018188,0.0033148950897157192,0.48246362805366516,0.6578003168106079,-0.003558673895895481,0.4503990411758423,0.6718056201934814,-0.012331579811871052,0.5029476881027222,0.6205014586448669,-0.023475388064980507,0.4352606534957886,0.5942396521568298,-0.041847482323646545,0.39802324771881104,0.57646644115448,-0.051405277103185654,0.3666672706604004,0.5614731311798096,-0.057393647730350494,0.5085689425468445,0.6397446393966675,-0.03335432708263397,0.43467360734939575,0.6823478937149048,-0.05320054665207863,0.4166805148124695,0.7325705885887146,-0.056858133524656296,0.4122270941734314,0.7655236721038818,-0.05856876075267792,0.5158156156539917,0.6735150814056396,-0.04144483059644699,0.4431436061859131,0.7105143666267395,-0.056711845099925995,0.4286262094974518,0.7519711256027222,-0.05436389520764351,0.4299519956111908,0.7799672484397888,-0.051114168018102646,0.5233815312385559,0.7127256989479065,-0.04835688695311546,0.46832820773124695,0.7378471493721008,-0.058930058032274246,0.4499354362487793,0.7625865936279297,-0.058388203382492065,0.4420991539955139,0.7827481627464294,-0.05608830600976944
21,right,0.321588933467865,0.8422431945800781,3.261159520207002e-07,0.337248831987381,0.7548164129257202,-0.0006149701657705009,0.32641226053237915,0.6977229714393616,-0.012785716913640499,0.32255226373672485,0.6559447050094604,-0.029159316793084145,0.3254614472389221,0.6167340278625488,-0.045177605003118515,0.2360413521528244,0.7104350924491882,-0.022324765101075172,0.2137877345085144,0.6401342153549194,-0.04350615665316582,0.200935959815979,0.5905301570892334,-0.05769377201795578,0.19476594030857086,0.5506985187530518,-0.0679951012134552,0.23220950365066528,0.7350174784660339,-0.03597518056631088,0.26703813672065735,0.6471468210220337,-0.06652840226888657,0.30404895544052124,0.6163987517356873,-0.07714281976222992,0.33130595088005066,0.6013170480728149,-0.08061404526233673,0.24639427661895752,0.7522605657577515,-0.04929569363594055,0.27828651666641235,0.6657649278640747,-0.07614929974079132,0.3137372136116028,0.6314074993133545,-0.07722321152687073,0.34008780121803284,0.6113858222961426,-0.07409267127513885,0.27008622884750366,0.7600930333137512,-0.06280698627233505,0.29765233397483826,0.6912635564804077,-0.08004851639270782,0.3233843445777893,0.6626190543174744,-0.07854244112968445,0.34333422780036926,0.6425866484642029,-0.074671171605587
21,left,0.49845847487449646,0.6545645594596863,-4.399772990382189e-07,0.5007529258728027,0.6280186772346497,-0.0031254824716597795,0.4970928132534027,0.6196990609169006,-0.011130466125905514,0.492524117231369,0.6279615163803101,-0.020110873505473137,0.47950056195259094,0.6458051800727844,-0.03355170786380768,0.46816566586494446,0.6052774786949158,-0.0290860403329134,0.42080697417259216,0.5797700881958008,-0.042290423065423965,0.3961164653301239,0.5652357339859009,-0.05645735561847687,0.3736059367656708,0.5533443689346313,-0.06824678927659988,0.4663744568824768,0.6280572414398193,-0.03377694636583328,0.4307212233543396,0.6697165369987488,-0.04489273950457573,0.422667533159256,0.7164874076843262,-0.05256906524300575,0.4198966324329376,0.748600959777832,-0.06161622330546379,0.469537615776062,0.6539388298988342,-0.03662668913602829,0.43903428316116333,0.6960129737854004,-0.04417897015810013,0.43022990226745605,0.7356433868408203,-0.044146452099084854,0.42801475524902344,0.7585421800613403,-0.04771754890680313,0.4766148328781128,0.6779187917709351,-0.039526935666799545,0.45207011699676514,0.7182222604751587,-0.04392417520284653,0.4466516673564911,0.7462828159332275,-0.03764055296778679,0.44852182269096375,0.7623594999313354,-0.034363411366939545
22,right,0.3221754729747772,0.8414230346679688,3.286701826255012e-07,0.3380345106124878,0.7527942657470703,-0.0011988889891654253,0.32807862758636475,0.6955868601799011,-0.013440441340208054,0.3242725133895874,0.653444766998291,-0.02984854020178318,0.326613187789917,0.6149266958236694,-0.04591698944568634,0.23678073287010193,0.7098105549812317,-0.022483285516500473,0.21680565178394318,0.6388804316520691,-0.04455031082034111,0.20551839470863342,0.5886747241020203,-0.05944583937525749,0.20076610147953033,0.5480309724807739,-0.07001257687807083,0.23364399373531342,0.7346702814102173,-0.03597833961248398,0.26818734407424927,0.6466982960700989,-0.06743301451206207,0.3054843842983246,0.6151432394981384,-0.07878322899341583,0.33325695991516113,0.5988296270370483,-0.08254040777683258,0.2485012710094452,0.7518065571784973,-0.04929027706384659,0.28065967559814453,0.6653306484222412,-0.07676419615745544,0.31564536690711975,0.6286236643791199,-0.07872341573238373,0.3418324291706085,0.6058903336524963,-0.07599584013223648,0.2728108763694763,0.7591861486434937,-0.06285476684570312,0.30032068490982056,0.6895002126693726,-0.08008161187171936,0.32548293471336365,0.6601719856262207,-0.07899264991283417,0.345176637172699,0.6393457651138306,-0.07543721795082092
22,left,0.5924088954925537,0.7063746452331543,-2.8097517201786104e-07,0.5505474805831909,0.6692357659339905,0.006728137377649546,0.505521297454834,0.6599380373954773,0.0016266833990812302,0.4666300415992737,0.6779651641845703,-0.006754753645509481,0.44003379344940186,0.7061206102371216,-0.01822745054960251,0.4797980487346649,0.634066104888916,-0.020685894414782524,0.41344889998435974,0.6041935086250305,-0.03505716845393181,0.3795972764492035,0.5909758806228638,-0.042745549231767654,0.34993723034858704,0.5812692642211914,-0.04882876202464104,0.4886976480484009,0.655125617980957,-0.031527768820524216,0.41814443469047546,0.7067092061042786,-0.050457749515771866,0.4102371335029602,0.7587501406669617,-0.05453779548406601,0.4139608144760132,0.7873518466949463,-0.057175979018211365,0.49895647168159485,0.6891089081764221,-0.04055285453796387,0.4302378296852112,0.7366858124732971,-0.05810276418924332,0.4197104573249817,0.7801771759986877,-0.05751683935523033,0.4227617383003235,0.8031997680664062,-0.05563751980662346,0.5078628659248352,0.7269482016563416,-0.04815678298473358,0.4542248845100403,0.7651776671409607,-0.06123818829655647,0.43889281153678894,0.7929664850234985,-0.06021203100681305,0.4352511465549469,0.8100261688232422,-0.057216301560401917
23,right,0.3198366165161133,0.8399783372879028,3.3576770874788053e-07,0.3344331681728363,0.7517780065536499,0.0006191706052049994,0.3225192427635193,0.6943784952163696,-0.010547627694904804,0.3174194395542145,0.6533803939819336,-0.025953996926546097,0.3188653588294983,0.614294171333313,-0.041113920509815216,0.23454420268535614,0.7088308930397034,-0.021357886493206024,0.2122967541217804,0.6398096680641174,-0.0427422970533371,0.20355604588985443,0.5889319181442261,-0.05728917568922043,0.2021121084690094,0.5483230352401733,-0.06741724163293839,0.23132562637329102,0.7329614758491516,-0.03533643111586571,0.2670206129550934,0.6435697674751282,-0.0652703270316124,0.30408456921577454,0.6110186576843262,-0.07598824799060822,0.3312317430973053,0.5950789451599121,-0.07969041168689728,0.24612662196159363,0.7500028610229492,-0.04897032678127289,0.27962663769721985,0.6620965003967285,-0.07538003474473953,0.3148616850376129,0.6270638704299927,-0.07674010097980499,0.34032711386680603,0.6065980792045593,-0.07389796525239944,0.2700488269329071,0.7578970193862915,-0.06266267597675323,0.2969565987586975,0.6884000301361084,-0.07966747134923935,0.3227832615375519,0.6608172655105591,-0.07784038782119751,0.3425503075122833,0.6420008540153503,-0.07368818670511246
23,left,0.6105164289474487,0.7203254103660583,-6.489752024663176e-08,0.5678620934486389,0.6735328435897827,0.006487221457064152,0.521681547164917,0.655508279800415,0.0022090463899075985,0.48157182335853577,0.6646530032157898,-0.003966114018112421,0.4536494016647339,0.6875432729721069,-0.011678316630423069,0.5000593662261963,0.6261314749717712,-0.02284820005297661,0.43228137493133545,0.5962942838668823,-0.04201710969209671,0.39557120203971863,0.5778549313545227,-0.052649158984422684,0.36518532037734985,0.5610122084617615,-0.05928938463330269,0.5049489140510559,0.6462517380714417,-0.03187437355518341,0.42883655428886414,0.6861322522163391,-0.05250157043337822,0.4132593870162964,0.7378580570220947,-0.056813716888427734,0.4117494523525238,0.7698677182197571,-0.05833631753921509,0.5108346939086914,0.681108832359314,-0.03939703851938248,0.43735507130622864,0.717731773853302,-0.05619767680764198,0.42332419753074646,0.7619760036468506,-0.055561576038599014,0.4241707921028137,0.7891309857368469,-0.05276743322610855,0.5165330171585083,0.7206549048423767,-0.04566353186964989,0.4616553485393524,0.7451700568199158,-0.058093514293432236,0.4440965950489044,0.7745643854141235,-0.059027962386608124,0.436748743057251,0.7974122166633606,-0.05734134092926979
24,right,0.32142582535743713,0.8379591107368469,3.2542666872359405e-07,0.3393060266971588,0.7506019473075867,-0.001464682281948626,0.32913047075271606,0.6937971115112305,-0.013845203444361687,0.32443076372146606,0.6522981524467468,-0.030173607170581818,0.32668575644493103,0.6146844625473022,-0.04615980014204979,0.23621077835559845,0.7080568075180054,-0.023043952882289886,0.2146841585636139,0.6387274265289307,-0.045569900423288345,0.20711515843868256,0.5880871415138245,-0.06110715493559837,0.20778213441371918,0.5476175546646118,-0.07189501076936722,0.23295316100120544,0.7322640419006348,-0.03643462434411049,0.26843276619911194,0.6428359746932983,-0.06813322752714157,0.3061138391494751,0.6115574240684509,-0.07971448451280594,0.3344007432460785,0.5958875417709351,-0.08358693867921829,0.24778874218463898,0.7488352656364441,-0.049679361283779144,0.2811465263366699,0.6619259715080261,-0.07677644491195679,0.3156162202358246,0.6253114938735962,-0.0787518322467804,0.3413498103618622,0.6025893688201904,-0.07623307406902313,0.27189749479293823,0.7556443810462952,-0.06324762105941772,0.2994499206542969,0.6863099932670593,-0.08008153736591339,0.32414162158966064,0.6570497155189514,-0.07864781469106674,0.343464195728302,0.6358515024185181,-0.07494372129440308
24,left,0.6064788699150085,0.7232806086540222,-7.223894726848812e-08,0.5629949569702148,0.6797424554824829,0.009562614373862743,0.5148445963859558,0.6666111350059509,0.005382629111409187,0.4767761826515198,0.6809858679771423,-0.0022859396412968636,0.45001617074012756,0.707763135433197,-0.012594959698617458,0.48692893981933594,0.6410400867462158,-0.018838830292224884,0.4198763370513916,0.6192831993103027,-0.03574122115969658,0.3824484348297119,0.602513313293457,-0.04473365470767021,0.3511584401130676,0.5886496901512146,-0.05102378875017166,0.4934784471988678,0.6617603302001953,-0.030765607953071594,0.42240533232688904,0.711757242679596,-0.05242402106523514,0.4139024019241333,0.7627330422401428,-0.05606929585337639,0.41695743799209595,0.7933615446090698,-0.05651584267616272,0.5034793019294739,0.6958334445953369,-0.04097672179341316,0.43267926573753357,0.7421278357505798,-0.05868569388985634,0.4240094721317291,0.7852359414100647,-0.05666326731443405,0.428352952003479,0.8096845746040344,-0.052741874009370804,0.5137632489204407,0.7336539626121521,-0.04971487820148468,0.4585989713668823,0.7691735029220581,-0.062284789979457855,0.4445458948612213,0.7972105741500854,-0.06193014979362488,0.44054222106933594,0.8154858946800232,-0.059144482016563416
25,right,0.32139870524406433,0.8390448093414307,3.274117545970512e-07,0.33812791109085083,0.7518682479858398,0.0007823838968761265,0.32642632722854614,0.6944193840026855,-0.010218850336968899,0.3214971423149109,0.6532383561134338,-0.025659846141934395,0.32383814454078674,0.6151601672172546,-0.040777821093797684,0.23531125485897064,0.7091017365455627,-0.019719937816262245,0.2113877236843109,0.640811562538147,-0.04118482023477554,0.20622944831848145,0.590084433555603,-0.055965691804885864,0.2103462517261505,0.5508155822753906,-0.06605216860771179,0.23262912034988403,0.7330107688903809,-0.03377094864845276,0.26705533266067505,0.642566978931427,-0.06375856697559357,0.30499467253685,0.6104021072387695,-0.07472001016139984,0.3332855701446533,0.5951002240180969,-0.07835226505994797,0.2476109266281128,0.7488658428192139,-0.04762746021151543,0.280230849981308,0.6612109541893005,-0.0737283006310463,0.3155086934566498,0.6259828209877014,-0.0755353718996048,0.3408809304237366,0.6054892539978027,-0.07299324870109558,0.2714102566242218,0.7552917003631592,-0.06156618893146515,0.29890212416648865,0.6856497526168823,-0.07807107269763947,0.32502442598342896,0.6585268974304199,-0.07629583030939102,0.3448913097381592,0.6397674679756165,-0.07220370322465897
25,left,0.6120503544807434,0.7204367518424988,-3.636800371964455e-08,0.5670709609985352,0.673818051815033,0.006425950210541487,0.5202255845069885,0.654919445514679,0.0016839220188558102,0.4787929356098175,0.6607898473739624,-0.005154600366950035,0.4478605091571808,0.6781479120254517,-0.013750128448009491,0.49976521730422974,0.6242320537567139,-0.023524342104792595,0.4352923631668091,0.5896039009094238,-0.042614761739969254,0.39938488602638245,0.5673649311065674,-0.052946463227272034,0.3693391978740692,0.547375500202179,-0.059415265917778015,0.5044241547584534,0.6438818573951721,-0.033095430582761765,0.4291961193084717,0.6829810738563538,-0.05352770909667015,0.4112563133239746,0.7336432933807373,-0.0575525164604187,0.40703240036964417,0.7651184797286987,-0.05915063992142677,0.5105583071708679,0.6782324910163879,-0.041112784296274185,0.43623530864715576,0.7139875888824463,-0.05691250041127205,0.422792911529541,0.7557242512702942,-0.05454614385962486,0.42478784918785095,0.7823305130004883,-0.05081150680780411,0.5174591541290283,0.7171555161476135,-0.048122283071279526,0.45993492007255554,0.7410362362861633,-0.05918864905834198,0.4416246712207794,0.7667357325553894,-0.058490511029958725,0.43458396196365356,0.7876017689704895,-0.05576155707240105
26,right,0.3220350444316864,0.8383544683456421,3.3130311294371495e-07,0.33860063552856445,0.7503209114074707,-0.0013186780270189047,0.32834434509277344,0.6930274963378906,-0.013567737303674221,0.32423025369644165,0.651483952999115,-0.029846491292119026,0.3270161747932434,0.6130496263504028,-0.045767053961753845,0.23623651266098022,0.7076164484024048,-0.02217964455485344,0.21557702124118805,0.6380446553230286,-0.04384077340364456,0.20540031790733337,0.587963342666626,-0.05864469334483147,0.20256827771663666,0.5475766062736511,-0.0691627785563469,0.23315738141536713,0.731975257396698,-0.03553733229637146,0.2677633464336395,0.643702507019043,-0.0661945566534996,0.3047538101673126,0.6116694211959839,-0.0773048996925354,0.3323766589164734,0.5945444107055664,-0.0811452716588974,0.24807894229888916,0.7484163045883179,-0.04874143376946449,0.28035926818847656,0.6619619727134705,-0.0751018226146698,0.31452497839927673,0.6250838041305542,-0.07674673944711685,0.34015312790870667,0.601754903793335,-0.07423486560583115,0.27242082357406616,0.7550627589225769,-0.06230024993419647,0.29964587092399597,0.6857858300209045,-0.07871849089860916,0.3243106007575989,0.655983030796051,-0.0773044005036354,0.343575119972229,0.634297788143158,-0.07375773042440414
26,left,0.6036050915718079,0.7255549430847168,-2.5061130060066716e-08,0.5584105849266052,0.6818336248397827,0.008529115468263626,0.5086685419082642,0.6688374280929565,0.004293160047382116,0.47092753648757935,0.6856600046157837,-0.003534905379638076,0.44472771883010864,0.7140236496925354,-0.01402320433408022,0.48174339532852173,0.6429539322853088,-0.017147786915302277,0.416592538356781,0.6204674243927002,-0.03322937712073326,0.3803614675998688,0.6020417809486389,-0.041540373116731644,0.3506898283958435,0.5873028635978699,-0.046966880559921265,0.4883725941181183,0.6650362610816956,-0.028698869049549103,0.4200628399848938,0.7175039649009705,-0.05033700913190842,0.40997159481048584,0.7675687074661255,-0.05493203550577164,0.4124886989593506,0.7978481650352478,-0.05569169670343399,0.49819231033325195,0.7001738548278809,-0.03868252411484718,0.43019500374794006,0.7490524649620056,-0.0567699633538723,0.42008906602859497,0.7911891937255859,-0.05630937218666077,0.42403924465179443,0.8155617713928223,-0.05289929732680321,0.5080942511558533,0.7389993071556091,-0.047146398574113846,0.45392557978630066,0.7746431827545166,-0.05884883552789688,0.4410829544067383,0.800622284412384,-0.05797441303730011,0.4394451975822449,0.8177574276924133,-0.05454552173614502
27,right,0.32151004672050476,0.8373891115188599,3.40114951313808e-07,0.3375210762023926,0.749584972858429,-0.0003585006925277412,0.32617881894111633,0.6923694610595703,-0.012048562988638878,0.32141876220703125,0.6502866148948669,-0.027886640280485153,0.3232284188270569,0.6105337142944336,-0.043484482914209366,0.23694801330566406,0.7060843110084534,-0.02227313071489334,0.21410560607910156,0.6355685591697693,-0.04376167058944702,0.20128503441810608,0.5852644443511963,-0.0584939569234848,0.19515329599380493,0.544572651386261,-0.06912644952535629,0.23287171125411987,0.7297405004501343,-0.03591012582182884,0.2676455080509186,0.6400816440582275,-0.06656285375356674,0.3054380416870117,0.6080049872398376,-0.07742717862129211,0.33332282304763794,0.5927043557167053,-0.08108757436275482,0.2472408562898636,0.7460936307907104,-0.04919344559311867,0.2803114652633667,0.6577590107917786,-0.07611408829689026,0.31579774618148804,0.6219080686569214,-0.07751723378896713,0.3417385220527649,0.6012502312660217,-0.07468302547931671,0.27079808712005615,0.7531754374504089,-0.06263316422700882,0.2991608679294586,0.6828594207763672,-0.07996251434087753,0.3252687156200409,0.654273509979248,-0.07845436781644821,0.34531813859939575,0.6349897980690002,-0.07460995018482208
27,left,0.5998638272285461,0.7004575729370117,-1.0172603737146346e-07,0.5663842558860779,0.658075213432312,-0.001505328225903213,0.520472526550293,0.6397743821144104,-0.010205860249698162,0.4782465398311615,0.6537562608718872,-0.019426729530096054,0.44904449582099915,0.6792013049125671,-0.03184456378221512,0.49624717235565186,0.6195911169052124,-0.03571037948131561,0.4312475919723511,0.5858805775642395,-0.05418015271425247,0.39795783162117004,0.5634701251983643,-0.06458049267530441,0.36832600831985474,0.5438563823699951,-0.07215509563684464,0.5053004622459412,0.6408500671386719,-0.04243379831314087,0.4312717914581299,0.6804993152618408,-0.06455210596323013,0.41491252183914185,0.7268209457397461,-0.06942366063594818,0.4109081029891968,0.7561663389205933,-0.07177524268627167,0.5135586261749268,0.6751436591148376,-0.04748889431357384,0.4417845904827118,0.7120558619499207,-0.06696908921003342,0.4254271686077118,0.7499474287033081,-0.06746826320886612,0.42236870527267456,0.7731366157531738,-0.0655929446220398,0.520451545715332,0.7134182453155518,-0.05162466689944267,0.4659098982810974,0.7392356991767883,-0.06637345999479294,0.4489089548587799,0.7632902264595032,-0.06690389662981033,0.4417470693588257,0.7806410789489746,-0.0646822452545166
28,right,0.3225620687007904,0.8367487192153931,3.2655009363224963e-07,0.33945518732070923,0.7491016983985901,-0.002129052998498082,0.3297250270843506,0.6916506290435791,-0.01500401459634304,0.3263889253139496,0.6492425203323364,-0.03188556805253029,0.3296371102333069,0.6106705665588379,-0.04838188365101814,0.23767045140266418,0.7035016417503357,-0.023515472188591957,0.21546080708503723,0.6346134543418884,-0.045482754707336426,0.20154690742492676,0.5856525301933289,-0.060446031391620636,0.1937134861946106,0.5459519624710083,-0.07133018225431442,0.23372770845890045,0.729160487651825,-0.03678690642118454,0.26876193284988403,0.6424992680549622,-0.06853366643190384,0.30651822686195374,0.6117845773696899,-0.0799403116106987,0.33445170521736145,0.5964213013648987,-0.08365857601165771,0.24835866689682007,0.7470879554748535,-0.04984842613339424,0.28034529089927673,0.661432147026062,-0.07743687927722931,0.3156781494617462,0.6254838705062866,-0.07893208414316177,0.34204596281051636,0.6037766337394714,-0.07584633678197861,0.2725807726383209,0.7547705173492432,-0.06327571719884872,0.3004162311553955,0.6852357387542725,-0.08062685281038284,0.3256217837333679,0.6556100249290466,-0.07922831922769547,0.3453304171562195,0.6347842216491699,-0.07539795339107513
28,left,0.6010706424713135,0.7272363901138306,-1.7753469805370514e-08,0.5621035099029541,0.6838365793228149,0.0060734981670975685,0.514518678188324,0.671220064163208,0.0010366967180743814,0.4756416380405426,0.6884801983833313,-0.006824050098657608,0.4501122236251831,0.7185251116752625,-0.016968034207820892,0.4876537322998047,0.6445401310920715,-0.019927090033888817,0.4215496778488159,0.6214053630828857,-0.03686060383915901,0.3844962418079376,0.6030550003051758,-0.045227520167827606,0.35409462451934814,0.5882327556610107,-0.05054169520735741,0.4924125373363495,0.6667502522468567,-0.030046679079532623,0.42147690057754517,0.7167657017707825,-0.05242253467440605,0.411962628364563,0.76668381690979,-0.05692519620060921,0.4145480692386627,0.7961135506629944,-0.05716566741466522,0.4998510777950287,0.7014317512512207,-0.03869318962097168,0.42834001779556274,0.7456559538841248,-0.05771775543689728,0.42024415731430054,0.7884301543235779,-0.05662807822227478,0.42547228932380676,0.812955379486084,-0.05204928293824196,0.5077800750732422,0.739721417427063,-0.046082135289907455,0.4527975022792816,0.7729158997535706,-0.058878619223833084,0.43920356035232544,0.8003695607185364,-0.05856233835220337,0.4367666244506836,0.8187685608863831,-0.05508143827319145
29,right,0.3227885067462921,0.8377789258956909,3.0906801384844584e-07,0.34007322788238525,0.7506464719772339,-0.0009838074911385775,0.33008691668510437,0.69333416223526,-0.012994254939258099,0.32670068740844727,0.6503999829292297,-0.029191231355071068,0.3305791914463043,0.6113086938858032,-0.04510466381907463,0.23948396742343903,0.7032532691955566,-0.02285444177687168,0.21690590679645538,0.6323538422584534,-0.04392822086811066,0.20147675275802612,0.583533763885498,-0.05826227739453316,0.1916794627904892,0.5447277426719666,-0.06890689581632614,0.23536625504493713,0.728360652923584,-0.03632337972521782,0.27120888233184814,0.6418835520744324,-0.06701694428920746,0.3088337182998657,0.6113762259483337,-0.0777818039059639,0.33648747205734253,0.596960186958313,-0.08133460581302643,0.24992258846759796,0.7461081743240356,-0.04939861595630646,0.28232547640800476,0.6608063578605652,-0.07634885609149933,0.3179885447025299,0.6257956624031067,-0.07754670083522797,0.3444783687591553,0.605499267578125,-0.07442162930965424,0.27384480834007263,0.7537158727645874,-0.06268291920423508,0.3019145429134369,0.6848124265670776,-0.07972283661365509,0.3276081681251526,0.6567740440368652,-0.07804303616285324,0.34781941771507263,0.6375166177749634,-0.07403312623500824
29,left,0.6072361469268799,0.717593252658844,-3.379730273422865e-08,0.5648415684700012,0.6722619533538818,0.0054926760494709015,0.5195227861404419,0.6548093557357788,-6.840367859695107e-05,0.4799405634403229,0.6630674600601196,-0.007561908103525639,0.4503483176231384,0.6834578514099121,-0.016949664801359177,0.49661749601364136,0.627221405506134,-0.02553587034344673,0.432324081659317,0.594205379486084,-0.045646172016859055,0.3966967463493347,0.5718269348144531,-0.05698993802070618,0.36673033237457275,0.5523256063461304,-0.06431837379932404,0.5023346543312073,0.6479492783546448,-0.03530532866716385,0.42768585681915283,0.6902937889099121,-0.057132549583911896,0.41223669052124023,0.7417365908622742,-0.061791710555553436,0.4097517728805542,0.7733988165855408,-0.06364443898200989,0.5096994638442993,0.6830678582191467,-0.043584682047367096,0.43627217411994934,0.7214808464050293,-0.060830533504486084,0.42391014099121094,0.7641271352767944,-0.05919491499662399,0.426013708114624,0.7906153798103333,-0.055821310728788376,0.5175140500068665,0.7217890024185181,-0.05085613951086998,0.4607087969779968,0.7478281855583191,-0.06391263008117676,0.44302108883857727,0.7750134468078613,-0.06433539092540741,0.43610596656799316,0.7963225245475769,-0.06220124661922455
30,right,0.32346034049987793,0.8375197649002075,3.1558508339912805e-07,0.34054625034332275,0.7494881749153137,-0.0015073171816766262,0.332200288772583,0.6912096738815308,-0.014478388242423534,0.33082878589630127,0.6475295424461365,-0.031599827110767365,0.3362128734588623,0.6070533990859985,-0.04835928604006767,0.24039267003536224,0.7016468048095703,-0.023686163127422333,0.2183956354856491,0.6315450668334961,-0.045109767466783524,0.20239847898483276,0.583696186542511,-0.059703048318624496,0.19152270257472992,0.5454686284065247,-0.07060633599758148,0.2364245355129242,0.7273023128509521,-0.03736294433474541,0.2728266716003418,0.6412023901939392,-0.06847994029521942,0.3106294274330139,0.6099112033843994,-0.07961224764585495,0.3382318317890167,0.5941275954246521,-0.08345161378383636,0.2510981261730194,0.7458532452583313,-0.05066760256886482,0.28340384364128113,0.6603105068206787,-0.07764261960983276,0.31936827301979065,0.6236375570297241,-0.07873927056789398,0.34618428349494934,0.6014982461929321,-0.07564869523048401,0.27545785903930664,0.7540328502655029,-0.06429276615381241,0.30279722809791565,0.6846351027488708,-0.0809858962893486,0.3280988335609436,0.655308187007904,-0.0789761021733284,0.34815359115600586,0.634971022605896,-0.07491791993379593
30,left,0.6026654839515686,0.7246208786964417,-5.3976245695253056e-09,0.5592618584632874,0.6798121333122253,0.008614087477326393,0.5113826394081116,0.663823664188385,0.003925763536244631,0.47545325756073,0.6759164929389954,-0.004090256057679653,0.44966956973075867,0.7028217315673828,-0.014723585918545723,0.4862574338912964,0.6392548680305481,-0.01943262852728367,0.42476969957351685,0.6105875968933105,-0.03511008620262146,0.3896788954734802,0.5899139642715454,-0.04236527532339096,0.3611857295036316,0.5730417370796204,-0.04705274850130081,0.4915028512477875,0.6620845794677734,-0.03131766989827156,0.42072468996047974,0.7055185437202454,-0.05173956975340843,0.4096779227256775,0.755161702632904,-0.05491020157933235,0.41222596168518066,0.7855867147445679,-0.054951637983322144,0.5000635981559753,0.6976761817932129,-0.041452787816524506,0.4301567077636719,0.7381803393363953,-0.057947807013988495,0.4203321933746338,0.7793968915939331,-0.05602726340293884,0.42400646209716797,0.8031995296478271,-0.05228419974446297,0.5094088912010193,0.7357683777809143,-0.0501972995698452,0.45451492071151733,0.7670789361000061,-0.060882817953825,0.4396685063838959,0.7927446365356445,-0.059728752821683884,0.43521571159362793,0.8095956444740295,-0.05670979619026184
31,right,0.3250997066497803,0.8381346464157104,3.2682962114449765e-07,0.3422646224498749,0.7502009868621826,-0.0024466835893690586,0.33314529061317444,0.6920664310455322,-0.015410467982292175,0.3311011791229248,0.6494290232658386,-0.03231583908200264,0.3366302251815796,0.6086885333061218,-0.048881784081459045,0.24170652031898499,0.7030631899833679,-0.023715920746326447,0.22025933861732483,0.6321577429771423,-0.04492912441492081,0.20380769670009613,0.5841590166091919,-0.059185367077589035,0.19216132164001465,0.5457486510276794,-0.07003669440746307,0.2373783141374588,0.72710120677948,-0.036961354315280914,0.27463439106941223,0.6395416855812073,-0.06863711774349213,0.31390440464019775,0.6082006692886353,-0.08035848289728165,0.34253478050231934,0.5924203395843506,-0.08445224165916443,0.25123491883277893,0.7444457411766052,-0.04987822845578194,0.28535720705986023,0.6579198837280273,-0.07725411653518677,0.32235991954803467,0.6229363679885864,-0.07866881042718887,0.3497285842895508,0.6015272736549377,-0.07569843530654907,0.2750248312950134,0.7523518204689026,-0.06322673708200455,0.3033398687839508,0.6839428544044495,-0.08060719072818756,0.32921773195266724,0.6554573178291321,-0.07925042510032654,0.34957993030548096,0.6349604725837708,-0.07551917433738708
31,left,0.6072552800178528,0.7252891659736633,-3.556442251806402e-08,0.5638757944107056,0.6796159744262695,0.006288137752562761,0.5161617994308472,0.6632184386253357,0.0012062110472470522,0.4759639799594879,0.6773777604103088,-0.0063623543828725815,0.4478006064891815,0.7037153244018555,-0.016201091930270195,0.490231454372406,0.6360301971435547,-0.02175247110426426,0.4255993962287903,0.6117490530014038,-0.03918493539094925,0.388268381357193,0.5930744409561157,-0.04851561039686203,0.3578087091445923,0.57865971326828,-0.054403096437454224,0.49597445130348206,0.6575211882591248,-0.031463250517845154,0.42611488699913025,0.7076591849327087,-0.05159192904829979,0.41218453645706177,0.7591283321380615,-0.05581565946340561,0.4116266965866089,0.7916252017021179,-0.05730573832988739,0.5042099356651306,0.6922693848609924,-0.03956490755081177,0.43485933542251587,0.7371349930763245,-0.05710280314087868,0.4248350262641907,0.7797175645828247,-0.056606877595186234,0.4288891553878784,0.8055657744407654,-0.05359387397766113,0.5128641128540039,0.7302109003067017,-0.046232305467128754,0.45769262313842773,0.7624878883361816,-0.05809234827756882,0.44358962774276733,0.789495587348938,-0.05775339901447296,0.4401991367340088,0.8085713386535645,-0.05495567247271538
32,right,0.3229236602783203,0.8380871415138245,3.269260275828856e-07,0.3394150137901306,0.7492904663085938,-0.0008843370014801621,0.32879823446273804,0.6929287314414978,-0.012670083902776241,0.32470354437828064,0.6512260437011719,-0.028628867119550705,0.32793691754341125,0.6116060018539429,-0.0442725270986557,0.24055399000644684,0.7032479643821716,-0.022573772817850113,0.2185707688331604,0.6315562725067139,-0.04318229854106903,0.2026347517967224,0.583085834980011,-0.0571487694978714,0.19193994998931885,0.5448868870735168,-0.06774680316448212,0.23638591170310974,0.7276527285575867,-0.036114465445280075,0.27257952094078064,0.6413550972938538,-0.06622020900249481,0.309551477432251,0.6099940538406372,-0.07682989537715912,0.3361591100692749,0.5941659808158875,-0.0806821808218956,0.2506276071071625,0.7451752424240112,-0.04929010197520256,0.28441905975341797,0.6582024097442627,-0.07571736723184586,0.32028263807296753,0.624387800693512,-0.07627905160188675,0.34621530771255493,0.6051949262619019,-0.07312079519033432,0.2743796110153198,0.7533894777297974,-0.06279536336660385,0.3025852143764496,0.6842630505561829,-0.07996600866317749,0.327944278717041,0.6566336154937744,-0.0782436951994896,0.3474767804145813,0.637767493724823,-0.07438386231660843
32,left,0.6119257807731628,0.7205856442451477,-1.6856341877868886e-09,0.5676271915435791,0.6770105957984924,0.004717760253697634,0.5212563872337341,0.6582954525947571,-0.0009937186259776354,0.48063212633132935,0.6665855050086975,-0.008625306189060211,0.451351135969162,0.6891483664512634,-0.017897136509418488,0.4985235035419464,0.6256118416786194,-0.023376841098070145,0.4370189607143402,0.586915135383606,-0.042011428624391556,0.4015241861343384,0.5623306035995483,-0.0521051362156868,0.3723897337913513,0.5413257479667664,-0.05849799886345863,0.5043187141418457,0.6452498435974121,-0.03226960822939873,0.42992615699768066,0.6842415928840637,-0.053187187761068344,0.41033947467803955,0.7346521615982056,-0.058396030217409134,0.40619271993637085,0.7665205597877502,-0.06082935631275177,0.5109680891036987,0.679423987865448,-0.03975903242826462,0.4391038417816162,0.7167981266975403,-0.056807197630405426,0.4234941601753235,0.7584366202354431,-0.05663837864995003,0.4237784743309021,0.7847369909286499,-0.054331354796886444,0.5175238251686096,0.7176051139831543,-0.04618075117468834,0.4622363746166229,0.7435591220855713,-0.05773337557911873,0.44394737482070923,0.7693104147911072,-0.0581219308078289,0.4362540543079376,0.7894538044929504,-0.05622902885079384
33,right,0.32556602358818054,0.8413922786712646,3.2665030857970123e-07,0.34306424856185913,0.7532606720924377,-0.002734072972089052,0.33278775215148926,0.695769190788269,-0.015189459547400475,0.3280174434185028,0.6539950966835022,-0.031444065272808075,0.33073076605796814,0.6158266067504883,-0.047322846949100494,0.241386279463768,0.7045619487762451,-0.023884816095232964,0.22046229243278503,0.634215772151947,-0.0458892285823822,0.20498475432395935,0.5855329036712646,-0.061179544776678085,0.19477690756320953,0.5462128520011902,-0.07256128638982773,0.23787130415439606,0.7297798991203308,-0.03663118928670883,0.2757774889469147,0.6432792544364929,-0.06854400783777237,0.31431901454925537,0.6113484501838684,-0.0807284563779831,0.34300926327705383,0.5941267013549805,-0.08518870919942856,0.2527860403060913,0.7476730346679688,-0.04915855452418327,0.28731757402420044,0.6622938513755798,-0.0768498107790947,0.3229418396949768,0.6260435581207275,-0.07899706065654755,0.34958961606025696,0.6032754778862,-0.07645264267921448,0.27720674872398376,0.7552522420883179,-0.06212850660085678,0.3058973252773285,0.6867243051528931,-0.07947583496570587,0.33081355690956116,0.6578550338745117,-0.07846897095441818,0.35052356123924255,0.6367930173873901,-0.07499165087938309
33,left,0.608734667301178,0.7216551899909973,-6.860880574777184e-08,0.5642619132995605,0.6786520481109619,0.007378802634775639,0.511944055557251,0.6646728515625,0.002680926350876689,0.47061431407928467,0.6802507042884827,-0.004737823270261288,0.44241783022880554,0.706736147403717,-0.014906895346939564,0.4871130883693695,0.6361746191978455,-0.02125532180070877,0.4235574007034302,0.6176114678382874,-0.037794675678014755,0.3878207206726074,0.5988383293151855,-0.04627960920333862,0.35863786935806274,0.5834630727767944,-0.05184588208794594,0.49546340107917786,0.6579806804656982,-0.031783949583768845,0.4244600534439087,0.7165947556495667,-0.053309712558984756,0.41411450505256653,0.7684356570243835,-0.05784153565764427,0.4162340760231018,0.801021933555603,-0.0588332824409008,0.5059868097305298,0.6936132907867432,-0.040499504655599594,0.43714722990989685,0.7491593956947327,-0.05819964036345482,0.42580661177635193,0.7925332188606262,-0.05772506073117256,0.4273372292518616,0.8187444806098938,-0.05475844815373421,0.5163919925689697,0.7327953577041626,-0.047711994498968124,0.4626958668231964,0.7734970450401306,-0.05946739763021469,0.44833892583847046,0.8013161420822144,-0.0593411922454834,0.44382405281066895,0.8211983442306519,-0.056776002049446106
34,right,0.32532504200935364,0.8405238389968872,3.2343555744773766e-07,0.34120893478393555,0.7523180842399597,-0.000480896356748417,0.3317550718784332,0.6954815983772278,-0.012750628404319286,0.32899218797683716,0.6523762941360474,-0.029257802292704582,0.33261510729789734,0.6121830940246582,-0.045457787811756134,0.24217167496681213,0.7054885625839233,-0.023282041773200035,0.2213572859764099,0.6337715983390808,-0.044778645038604736,0.20643867552280426,0.5845106840133667,-0.05930567905306816,0.1967151165008545,0.5450700521469116,-0.07003434002399445,0.23808130621910095,0.7298238277435303,-0.03702389448881149,0.2744029462337494,0.6431451439857483,-0.06748360395431519,0.31196197867393494,0.612443208694458,-0.07800471782684326,0.3395591676235199,0.5971150994300842,-0.081625796854496,0.2525321841239929,0.7474103569984436,-0.05032850429415703,0.28593453764915466,0.6607682704925537,-0.07723816484212875,0.3218114972114563,0.6260830163955688,-0.07803965359926224,0.3485625684261322,0.6059106588363647,-0.07480407506227493,0.2766580283641815,0.7555161714553833,-0.06382032483816147,0.30508705973625183,0.6859440803527832,-0.08077682554721832,0.3307546079158783,0.657422661781311,-0.07885272055864334,0.35088568925857544,0.6379746198654175,-0.0748327448964119
34,left,0.6061424612998962,0.7019397020339966,3.059828657114849e-08,0.5716027021408081,0.6595677137374878,-0.0006623322260566056,0.5262643694877625,0.6372377276420593,-0.007895728573203087,0.4855806827545166,0.6452628970146179,-0.015834864228963852,0.45751622319221497,0.6706985831260681,-0.02672436647117138,0.5003946423530579,0.6172369718551636,-0.03154478967189789,0.438313752412796,0.5824434161186218,-0.048956554383039474,0.40389424562454224,0.5565964579582214,-0.058350663632154465,0.3745661675930023,0.5348190665245056,-0.06476619094610214,0.5079947113990784,0.639346718788147,-0.038058895617723465,0.43569451570510864,0.6803390383720398,-0.05876018479466438,0.41636472940444946,0.7260746955871582,-0.06412788480520248,0.41035544872283936,0.756754994392395,-0.06671049445867538,0.515835165977478,0.674325704574585,-0.042968884110450745,0.44595012068748474,0.7113178372383118,-0.06148149445652962,0.4271042048931122,0.74860680103302,-0.06300878524780273,0.42241328954696655,0.7729491591453552,-0.06147259846329689,0.5224869847297668,0.7137721180915833,-0.0469038225710392,0.4691060781478882,0.7360135912895203,-0.06060245633125305,0.4507245421409607,0.759509265422821,-0.06148884445428848,0.4428127408027649,0.7781488299369812,-0.05925470590591431
35,right,0.3280537724494934,0.8405714631080627,3.348370114508725e-07,0.34771373867988586,0.7529656887054443,-0.003626217832788825,0.34040841460227966,0.6953752040863037,-0.017433997243642807,0.3383638262748718,0.6521503329277039,-0.03502505645155907,0.34240537881851196,0.6135181188583374,-0.0522720143198967,0.24573075771331787,0.704558253288269,-0.025844871997833252,0.22451187670230865,0.6352260112762451,-0.048856742680072784,0.20930759608745575,0.586445152759552,-0.06502284854650497,0.199618399143219,0.5469730496406555,-0.07693743705749512,0.2422086000442505,0.7305642366409302,-0.03889999911189079,0.27903279662132263,0.6435449123382568,-0.07247553020715714,0.3182852566242218,0.6121625304222107,-0.08556679636240005,0.347688764333725,0.5967713594436646,-0.09017999470233917,0.2573367655277252,0.7493218183517456,-0.05163099244236946,0.29011082649230957,0.6640132069587708,-0.08011998981237411,0.32585179805755615,0.6278776526451111,-0.08212657272815704,0.352573424577713,0.6062468886375427,-0.07920150458812714,0.28204023838043213,0.7575451731681824,-0.06489870697259903,0.31061026453971863,0.6889333128929138,-0.08243892341852188,0.33479559421539307,0.6596039533615112,-0.08109736442565918,0.35383176803588867,0.6387042999267578,-0.07726611942052841
35,left,0.6052154302597046,0.7176433205604553,-3.530280423547083e-08,0.5634498000144958,0.6729450225830078,0.007704548072069883,0.5135549902915955,0.6586306691169739,0.003224635496735573,0.4738762378692627,0.6739184260368347,-0.0040620798245072365,0.44759097695350647,0.7019160985946655,-0.014314685948193073,0.48817792534828186,0.6345916390419006,-0.02163020521402359,0.4243721663951874,0.617253303527832,-0.03889331966638565,0.3879256844520569,0.6002565026283264,-0.04775993525981903,0.3584754168987274,0.5860252380371094,-0.05334598198533058,0.49628111720085144,0.6570466160774231,-0.03243057429790497,0.42547786235809326,0.7133010029792786,-0.05444176495075226,0.4143957793712616,0.7644537091255188,-0.058780573308467865,0.41625088453292847,0.7957990765571594,-0.059148140251636505,0.506708025932312,0.6929604411125183,-0.04143860191106796,0.4362054467201233,0.7454476952552795,-0.06037408858537674,0.425171822309494,0.7887600064277649,-0.05995578691363335,0.428560733795166,0.8136110305786133,-0.056053634732961655,0.5168079733848572,0.73218834400177,-0.0487535297870636,0.459869384765625,0.7695382237434387,-0.06147444620728493,0.4463430345058441,0.7972601652145386,-0.06090034171938896,0.444384902715683,0.8156255483627319,-0.057357609272003174
36,right,0.3298163414001465,0.8401545286178589,3.3564265322638676e-07,0.3465721607208252,0.7524834871292114,-0.0015380606055259705,0.33622705936431885,0.6957725286483765,-0.01360085979104042,0.33254480361938477,0.6539701223373413,-0.0295596681535244,0.3359622061252594,0.6147743463516235,-0.04506291076540947,0.24634498357772827,0.7078073620796204,-0.023575197905302048,0.22601015865802765,0.6349359154701233,-0.045032110065221786,0.21120908856391907,0.5853204727172852,-0.05979065224528313,0.20129138231277466,0.5460365414619446,-0.07081607729196548,0.24253717064857483,0.7316015958786011,-0.036813970655202866,0.2791896164417267,0.6454146504402161,-0.06749983131885529,0.3165421187877655,0.6133785247802734,-0.07869972288608551,0.34382882714271545,0.5971145033836365,-0.08287635445594788,0.25708749890327454,0.7486495971679688,-0.04967890679836273,0.29024240374565125,0.6631260514259338,-0.07657896727323532,0.3261098265647888,0.6287292838096619,-0.07757033407688141,0.3525797724723816,0.6084808707237244,-0.0745181292295456,0.28118810057640076,0.7559131979942322,-0.06288280338048935,0.3090715706348419,0.6874368190765381,-0.08019353449344635,0.3342026174068451,0.6591905951499939,-0.07856124639511108,0.35390225052833557,0.6393944025039673,-0.07467927783727646
36,left,0.6082228422164917,0.7177625894546509,2.545121891017743e-09,0.5663464069366455,0.673797607421875,0.003508155234158039,0.5195192694664001,0.6555225253105164,-0.0032457420602440834,0.4789327085018158,0.6646293997764587,-0.011574335396289825,0.4504140019416809,0.6888624429702759,-0.02165711298584938,0.49855831265449524,0.6252371072769165,-0.026667984202504158,0.43523162603378296,0.5896432995796204,-0.045430269092321396,0.3993333876132965,0.5669931769371033,-0.05515601485967636,0.369920939207077,0.5477979183197021,-0.06131715327501297,0.5042546987533569,0.6463664770126343,-0.03557524085044861,0.4297911822795868,0.6859736442565918,-0.057332392781972885,0.4118277132511139,0.7357803583145142,-0.06230398640036583,0.4084348678588867,0.767609715461731,-0.06420565396547318,0.5114821791648865,0.6813020706176758,-0.042958345264196396,0.43958836793899536,0.7187139987945557,-0.060633592307567596,0.42476093769073486,0.7595863342285156,-0.06020123139023781,0.4246869385242462,0.785754382610321,-0.057520460337400436,0.5187879204750061,0.7191539406776428,-0.049286890774965286,0.46328791975975037,0.7440764307975769,-0.06165619194507599,0.4453028440475464,0.7698845863342285,-0.06203530356287956,0.4374396800994873,0.7910536527633667,-0.060027826577425
