1,right,0,0,0,0,0,0,0,0,0,0,0,0,0,0,0,0,0,0,0,0,0,0,0,0,0,0,0,0,0,0,0,0,0,0,0,0,0,0,0,0,0,0,0,0,0,0,0,0,0,0,0,0,0,0,0,0,0,0,0,0,0,0,0
1,left,0,0,0,0,0,0,0,0,0,0,0,0,0,0,0,0,0,0,0,0,0,0,0,0,0,0,0,0,0,0,0,0,0,0,0,0,0,0,0,0,0,0,0,0,0,0,0,0,0,0,0,0,0,0,0,0,0,0,0,0,0,0,0
2,right,0,0,0,0,0,0,0,0,0,0,0,0,0,0,0,0,0,0,0,0,0,0,0,0,0,0,0,0,0,0,0,0,0,0,0,0,0,0,0,0,0,0,0,0,0,0,0,0,0,0,0,0,0,0,0,0,0,0,0,0,0,0,0
2,left,0,0,0,0,0,0,0,0,0,0,0,0,0,0,0,0,0,0,0,0,0,0,0,0,0,0,0,0,0,0,0,0,0,0,0,0,0,0,0,0,0,0,0,0,0,0,0,0,0,0,0,0,0,0,0,0,0,0,0,0,0,0,0
3,right,0,0,0,0,0,0,0,0,0,0,0,0,0,0,0,0,0,0,0,0,0,0,0,0,0,0,0,0,0,0,0,0,0,0,0,0,0,0,0,0,0,0,0,0,0,0,0,0,0,0,0,0,0,0,0,0,0,0,0,0,0,0,0
3,left,0,0,0,0,0,0,0,0,0,0,0,0,0,0,0,0,0,0,0,0,0,0,0,0,0,0,0,0,0,0,0,0,0,0,0,0,0,0,0,0,0,0,0,0,0,0,0,0,0,0,0,0,0,0,0,0,0,0,0,0,0,0,0
4,right,0.24437212944030762,0.8695827722549438,3.689010554808192e-07,0.2624152898788452,0.7952002882957458,-0.009984280914068222,0.2557637393474579,0.7337663769721985,-0.025921577587723732,0.2525063455104828,0.6903955340385437,-0.04429851844906807,0.25301462411880493,0.6519074440002441,-0.061801377683877945,0.16168877482414246,0.7075496912002563,-0.031568922102451324,0.13725000619888306,0.6429567933082581,-0.05656062439084053,0.12160424143075943,0.5917565822601318,-0.07342901080846786,0.11180759221315384,0.5516168475151062,-0.08575956523418427,0.14787188172340393,0.7394025325775146,-0.04190186783671379,0.18798492848873138,0.6766318082809448,-0.07496502995491028,0.23267938196659088,0.6575784087181091,-0.08646408468484879,0.2662222683429718,0.6509354114532471,-0.09068802744150162,0.15365338325500488,0.7726927995681763,-0.05269714444875717,0.19625133275985718,0.7072791457176208,-0.08045932650566101,0.2373841255903244,0.683670163154602,-0.07960014790296555,0.2674039900302887,0.6724370121955872,-0.07565439492464066,0.17323905229568481,0.8013933300971985,-0.06497088819742203,0.21256273984909058,0.7460870742797852,-0.08342249691486359,0.24258534610271454,0.7240490913391113,-0.08162546157836914,0.26482531428337097,0.7113375663757324,-0.0774160772562027
4,left,0.6159375309944153,0.791531503200531,4.0504025378140796e-07,0.5782044529914856,0.7468558549880981,-0.008210426196455956,0.5382845401763916,0.7120522260665894,-0.024371754378080368,0.4981883466243744,0.703865647315979,-0.04063495621085167,0.4613339304924011,0.7082327008247375,-0.05833419784903526,0.5414601564407349,0.6577168107032776,-0.04598366469144821,0.49881404638290405,0.5935417413711548,-0.07096002250909805,0.463824599981308,0.5630078315734863,-0.0832311287522316,0.43444591760635376,0.5377578735351562,-0.08991678059101105,0.5563602447509766,0.67010897397995,-0.05427355691790581,0.5056199431419373,0.6124314665794373,-0.07879451662302017,0.46726876497268677,0.5862396359443665,-0.0881398618221283,0.4357493221759796,0.5709486603736877,-0.0933355838060379,0.564703106880188,0.7060105204582214,-0.06139978766441345,0.4892069697380066,0.7142069339752197,-0.08835161477327347,0.44813525676727295,0.7463198304176331,-0.0940275490283966,0.42425766587257385,0.7742628455162048,-0.09321653097867966,0.5659998059272766,0.7568058967590332,-0.06757976859807968,0.5024625658988953,0.7591671943664551,-0.08777302503585815,0.4708351492881775,0.7750781178474426,-0.08993227034807205,0.4483238160610199,0.7897224426269531,-0.08835134655237198
5,right,0.2748713195323944,0.8428635001182556,1.9669556650114828e-07,0.30012211203575134,0.7543464303016663,-0.004079774022102356,0.2966720461845398,0.6914272904396057,-0.018397759646177292,0.29866230487823486,0.6460269093513489,-0.03746148943901062,0.3071047365665436,0.6046494245529175,-0.05663318932056427,0.20003148913383484,0.6662254929542542,-0.023340729996562004,0.17595042288303375,0.5987388491630554,-0.04586798697710037,0.15871277451515198,0.5509458184242249,-0.0623503178358078,0.1446875035762787,0.5124906897544861,-0.07512138038873672,0.1887059509754181,0.6934113502502441,-0.03718867152929306,0.23380854725837708,0.6249250173568726,-0.07201883941888809,0.27920711040496826,0.6041907668113708,-0.08555123955011368,0.3115985691547394,0.6005092859268188,-0.09014573693275452,0.19789814949035645,0.7204914093017578,-0.05086740851402283,0.24091500043869019,0.649017333984375,-0.08041797578334808,0.28421273827552795,0.6240264773368835,-0.08186887204647064,0.3173521161079407,0.6155341863632202,-0.07798635959625244,0.2193240523338318,0.7421695590019226,-0.0654226690530777,0.2577245831489563,0.681901216506958,-0.08464333415031433,0.28950148820877075,0.6588190197944641,-0.08360456675291061,0.3150387108325958,0.6453344821929932,-0.07891156524419785
5,left,0.6016664505004883,0.7502723932266235,-6.82056864320657e-08,0.5450736284255981,0.7435836791992188,0.0005509787006303668,0.503250241279602,0.7159913778305054,-0.007401768583804369,0.4702546298503876,0.696445107460022,-0.017151927575469017,0.44135019183158875,0.6941726803779602,-0.02809539996087551,0.5129107236862183,0.6216176152229309,-0.025376304984092712,0.46027445793151855,0.569344699382782,-0.04088718444108963,0.4283018410205841,0.5418311953544617,-0.04804239794611931,0.40047746896743774,0.5207324028015137,-0.05321642383933067,0.523432195186615,0.6296920776367188,-0.03462560102343559,0.4444122910499573,0.655647337436676,-0.056535832583904266,0.41430413722991943,0.7043502330780029,-0.06439776718616486,0.40146204829216003,0.7420898675918579,-0.06885803490877151,0.5275391936302185,0.6587104797363281,-0.04266255721449852,0.4486406147480011,0.6812136173248291,-0.0640106052160263,0.4231884777545929,0.7244997024536133,-0.06804586201906204,0.4147734045982361,0.758879542350769,-0.06799829006195068,0.5255213975906372,0.7009140253067017,-0.04967613145709038,0.4664427936077118,0.7146764397621155,-0.0663951188325882,0.443958044052124,0.740521252155304,-0.06987901031970978,0.4339028000831604,0.7642556428909302,-0.06953305006027222
6,right,0.2977803349494934,0.8182979226112366,2.0942218270647572e-07,0.3261828124523163,0.7267813682556152,-0.0016759554855525494,0.3267882168292999,0.666894793510437,-0.01631840132176876,0.3303593397140503,0.6215187311172485,-0.03601621836423874,0.3369632959365845,0.5825299024581909,-0.0554933175444603,0.23133841156959534,0.6491750478744507,-0.02552478201687336,0.21112780272960663,0.5782746076583862,-0.04920655116438866,0.19634950160980225,0.529316246509552,-0.06516201794147491,0.18417921662330627,0.4908837676048279,-0.07703258842229843,0.22294868528842926,0.6770312190055847,-0.040544576942920685,0.2663646936416626,0.603090226650238,-0.07434365898370743,0.3094426393508911,0.5855478048324585,-0.08587740361690521,0.3382055461406708,0.5811978578567505,-0.08951520919799805,0.23368924856185913,0.7025822401046753,-0.05509735271334648,0.27310043573379517,0.6296411752700806,-0.08315731585025787,0.3141016364097595,0.6075730323791504,-0.08223036676645279,0.34369176626205444,0.598812997341156,-0.07736074179410934,0.25551271438598633,0.721857488155365,-0.07031932473182678,0.2893030345439911,0.6630846858024597,-0.08703488856554031,0.31783735752105713,0.6401088833808899,-0.08402837067842484,0.34101155400276184,0.6255658268928528,-0.0788850262761116
6,left,0.6086292266845703,0.7273054718971252,-1.2698347973127966e-07,0.5477302074432373,0.7228610515594482,0.003864845959469676,0.5075747966766357,0.7019523978233337,-0.004789195954799652,0.47386249899864197,0.6916993856430054,-0.01630810648202896,0.44276249408721924,0.6908337473869324,-0.029090270400047302,0.5208843350410461,0.5962035059928894,-0.020693307742476463,0.4651106894016266,0.5434989333152771,-0.03753931447863579,0.4303262531757355,0.5161847472190857,-0.04672599956393242,0.400217205286026,0.49702221155166626,-0.05330204218626022,0.5313295722007751,0.6074197292327881,-0.03174898773431778,0.44568318128585815,0.6272254586219788,-0.05524244159460068,0.4172069728374481,0.6785765290260315,-0.061868373304605484,0.40716469287872314,0.7179208397865295,-0.06452040374279022,0.5342055559158325,0.637063205242157,-0.041832372546195984,0.45011067390441895,0.6544811129570007,-0.06370927393436432,0.4273204207420349,0.698418140411377,-0.06405844539403915,0.42057350277900696,0.7308272123336792,-0.06107073649764061,0.5310351252555847,0.6764361262321472,-0.05090216174721718,0.46791788935661316,0.6875939965248108,-0.06745029240846634,0.44540145993232727,0.7121147513389587,-0.06852279603481293,0.4342721700668335,0.7315798997879028,-0.06613772362470627
7,right,0.31389227509498596,0.8051985502243042,2.878610700918216e-07,0.34107115864753723,0.714958667755127,-0.0012506169732660055,0.3368820250034332,0.658035933971405,-0.0138331213966012,0.33767959475517273,0.6160850524902344,-0.03110707923769951,0.3424229025840759,0.5789730548858643,-0.04824640601873398,0.2424256056547165,0.6491495370864868,-0.02406979911029339,0.2247074544429779,0.5759736895561218,-0.04656273499131203,0.2120625078678131,0.5258806943893433,-0.06186089292168617,0.20231862366199493,0.48595303297042847,-0.07357800751924515,0.23595109581947327,0.6741611361503601,-0.03879119083285332,0.2799641788005829,0.5926690697669983,-0.07206546515226364,0.3245423436164856,0.5729769468307495,-0.08380880951881409,0.3557465076446533,0.5674023628234863,-0.08768340200185776,0.24979166686534882,0.6958785653114319,-0.05316772684454918,0.29170364141464233,0.6144765019416809,-0.08065591007471085,0.33265769481658936,0.5900446176528931,-0.08027206361293793,0.3616154193878174,0.5799528360366821,-0.07613168656826019,0.2743570804595947,0.7104721069335938,-0.06822815537452698,0.3091077506542206,0.6455590724945068,-0.08537247031927109,0.3372354805469513,0.6217170357704163,-0.08317020535469055,0.35931965708732605,0.6070129871368408,-0.0789942741394043
7,left,0.5842994451522827,0.7111659049987793,-2.1117263315773016e-07,0.5483801364898682,0.669752836227417,0.002654674695804715,0.5063514113426208,0.6489980220794678,-0.004610040690749884,0.4662131667137146,0.6568026542663574,-0.014176411554217339,0.43576985597610474,0.6763013005256653,-0.02665630355477333,0.49144402146339417,0.6091774702072144,-0.026262033730745316,0.42960619926452637,0.5734454989433289,-0.04311024770140648,0.3965713679790497,0.5552773475646973,-0.052646610885858536,0.36654964089393616,0.5405005216598511,-0.05981073155999184,0.5013768672943115,0.6281565427780151,-0.03540552780032158,0.42681822180747986,0.6689242720603943,-0.057071130722761154,0.40913835167884827,0.7193019390106201,-0.06292130053043365,0.4057958126068115,0.7511600852012634,-0.06656080484390259,0.5078670382499695,0.6624391674995422,-0.04306952655315399,0.4325331449508667,0.6960189938545227,-0.06330357491970062,0.4175451993942261,0.7404243350028992,-0.06344189494848251,0.4187902510166168,0.7696307301521301,-0.061388641595840454,0.5102821588516235,0.7018927335739136,-0.04963685944676399,0.4520954191684723,0.724341869354248,-0.0650944635272026,0.4375515878200531,0.7517403364181519,-0.06520956754684448,0.43516725301742554,0.7720792889595032,-0.06273505836725235
8,right,0.3135353624820709,0.8039105534553528,3.347984716128849e-07,0.3365364372730255,0.7155497074127197,-0.0026656908448785543,0.33045288920402527,0.656139612197876,-0.015100808814167976,0.3276514410972595,0.6153542995452881,-0.031537823379039764,0.3288808763027191,0.5764045119285583,-0.04739968851208687,0.24004927277565002,0.6506801843643188,-0.02282162941992283,0.21873193979263306,0.5785552263259888,-0.04420492798089981,0.20695585012435913,0.5287999510765076,-0.05868195742368698,0.19991688430309296,0.48898667097091675,-0.06946683675050735,0.2334621697664261,0.6748581528663635,-0.036107175052165985,0.2749667763710022,0.5927066802978516,-0.06877738237380981,0.3182298541069031,0.5694308280944824,-0.08113373070955276,0.349432110786438,0.5618444085121155,-0.08510398119688034,0.24656057357788086,0.6954028010368347,-0.0491558238863945,0.2882618010044098,0.6138589382171631,-0.07618570327758789,0.32795706391334534,0.5888035893440247,-0.0766308605670929,0.3553551733493805,0.5781252384185791,-0.07282672077417374,0.2701609134674072,0.7084741592407227,-0.06292058527469635,0.30482548475265503,0.6439846754074097,-0.08072411268949509,0.33205080032348633,0.6178826689720154,-0.07944212108850479,0.35258617997169495,0.6009159088134766,-0.07542157173156738
8,left,0.6082500219345093,0.7097726464271545,-1.1236652142088133e-07,0.5611304640769958,0.6904786825180054,0.004799812100827694,0.5170871615409851,0.6715140342712402,-0.003069889498874545,0.4795171320438385,0.6686143279075623,-0.013460919260978699,0.44868266582489014,0.6778818964958191,-0.024917619302868843,0.5174307227134705,0.5917937755584717,-0.022136496379971504,0.457396000623703,0.5501018166542053,-0.03959077224135399,0.4242134690284729,0.5229209661483765,-0.048910632729530334,0.3966119587421417,0.5001530051231384,-0.05548396706581116,0.5248060822486877,0.6041005253791809,-0.03298739343881607,0.4442291259765625,0.632287323474884,-0.055848632007837296,0.419668048620224,0.6820312142372131,-0.06200515478849411,0.4118973910808563,0.7169934511184692,-0.06464390456676483,0.5276211500167847,0.6338710188865662,-0.04262647032737732,0.44774067401885986,0.6589645743370056,-0.06258667260408401,0.42708835005760193,0.7035883069038391,-0.06242417171597481,0.42237576842308044,0.7352918386459351,-0.059688229113817215,0.526804506778717,0.6727969646453857,-0.051241643726825714,0.46755528450012207,0.6909530162811279,-0.06654246151447296,0.44627782702445984,0.71815425157547,-0.06810326129198074,0.43549880385398865,0.740207850933075,-0.06661935150623322
9,right,0.3111242651939392,0.8030853867530823,3.2795082915981766e-07,0.3365095853805542,0.7141148447990417,-0.0026277671568095684,0.33094337582588196,0.6545261144638062,-0.01550393458455801,0.3294069170951843,0.6124269962310791,-0.032593220472335815,0.3334520757198334,0.5724393129348755,-0.04913320019841194,0.23778271675109863,0.6512563228607178,-0.022616751492023468,0.21711093187332153,0.5773727297782898,-0.04390886798501015,0.205996572971344,0.526244580745697,-0.058151375502347946,0.20020341873168945,0.48534882068634033,-0.06871013343334198,0.23119717836380005,0.6754741668701172,-0.036019280552864075,0.2713831067085266,0.5921452641487122,-0.06853611767292023,0.31451237201690674,0.5690743327140808,-0.0800638496875763,0.34588780999183655,0.5615826845169067,-0.08344507962465286,0.24433957040309906,0.694977343082428,-0.049259740859270096,0.2853073477745056,0.6119253039360046,-0.07635653764009476,0.32501286268234253,0.5855186581611633,-0.07668004930019379,0.3531597852706909,0.5735119581222534,-0.0728030577301979,0.26812002062797546,0.7069733142852783,-0.06318791955709457,0.30272045731544495,0.6410802602767944,-0.08084507286548615,0.33123984932899475,0.6156724691390991,-0.07937715202569962,0.35314473509788513,0.5995527505874634,-0.07530766725540161
9,left,0.5897494554519653,0.6893495321273804,-2.698869820960681e-07,0.5554314851760864,0.6514432430267334,0.001805298263207078,0.5102056264877319,0.6367217302322388,-0.003828994929790497,0.4705958664417267,0.6475423574447632,-0.010915260761976242,0.44244056940078735,0.6689193844795227,-0.021495036780834198,0.48659756779670715,0.6066922545433044,-0.026796316727995872,0.42245274782180786,0.5778159499168396,-0.041475821286439896,0.38988983631134033,0.5609394907951355,-0.05119934305548668,0.36074477434158325,0.5461081266403198,-0.0589783601462841,0.495913028717041,0.6256924867630005,-0.03431207686662674,0.42749014496803284,0.672194242477417,-0.051681362092494965,0.4108256697654724,0.7205440998077393,-0.057709552347660065,0.4073042869567871,0.7507021427154541,-0.06270362436771393,0.5044172406196594,0.6585683822631836,-0.04005726799368858,0.4365912079811096,0.7006626129150391,-0.05640903487801552,0.41915571689605713,0.7433807253837585,-0.058992087841033936,0.4163546562194824,0.7691228985786438,-0.06034063547849655,0.5111432671546936,0.6954690217971802,-0.04469189792871475,0.4594883620738983,0.726402759552002,-0.058690913021564484,0.4433368742465973,0.7538971900939941,-0.05956333503127098,0.4382776618003845,0.7729668617248535,-0.05830997973680496
10,right,0.3094899654388428,0.804216742515564,3.2791035664558876e-07,0.33280712366104126,0.7150818109512329,-0.002273759339004755,0.3264102339744568,0.654208242893219,-0.0142267607152462,0.32387903332710266,0.6132515668869019,-0.030123278498649597,0.32601386308670044,0.5739026665687561,-0.04533493518829346,0.2339974343776703,0.6507465243339539,-0.021911652758717537,0.21318602561950684,0.5774098038673401,-0.0431031733751297,0.20229557156562805,0.5270595550537109,-0.05758198723196983,0.19666819274425507,0.48612621426582336,-0.0683702602982521,0.22708062827587128,0.6751230359077454,-0.03539501503109932,0.2682110369205475,0.5925825238227844,-0.06768887490034103,0.30946388840675354,0.5685423612594604,-0.07975580543279648,0.33940571546554565,0.5596311092376709,-0.08364361524581909,0.24034705758094788,0.6958881616592407,-0.048711542040109634,0.28080737590789795,0.6134417653083801,-0.07601253688335419,0.3197799026966095,0.5872624516487122,-0.07646335661411285,0.3469889163970947,0.5749148726463318,-0.07259189337491989,0.2640889585018158,0.7091518640518188,-0.06267907470464706,0.2975420355796814,0.6435670256614685,-0.0809025838971138,0.324421763420105,0.6173021793365479,-0.07965226471424103,0.3444465696811676,0.5994745492935181,-0.07556376606225967
10,left,0.6145322322845459,0.7019909620285034,-7.566438142703191e-08,0.575007438659668,0.6621149778366089,0.004616268910467625,0.5282406210899353,0.6416277885437012,-0.0021889025811105967,0.4865844249725342,0.6499186754226685,-0.010896105319261551,0.45559874176979065,0.6720779538154602,-0.02164313942193985,0.5133768320083618,0.5973061323165894,-0.02642865851521492,0.4474732279777527,0.5656549334526062,-0.044858552515506744,0.41270962357521057,0.5422122478485107,-0.053938210010528564,0.38457468152046204,0.5223678350448608,-0.05933616682887077,0.5210391283035278,0.6151871681213379,-0.03613241761922836,0.4425935745239258,0.6551863551139832,-0.05911612883210182,0.4218021035194397,0.706183671951294,-0.06531170010566711,0.4164789617061615,0.7411857843399048,-0.06775975972414017,0.5267428755760193,0.6493202447891235,-0.04420362785458565,0.4503590166568756,0.6824327111244202,-0.06428921967744827,0.43133822083473206,0.7261368632316589,-0.06561553478240967,0.4274307191371918,0.7567470669746399,-0.06364966183900833,0.5302337408065796,0.6900657415390015,-0.05078794062137604,0.47147610783576965,0.7099075317382812,-0.06526888906955719,0.4516894221305847,0.7363426685333252,-0.06673749536275864,0.4418921172618866,0.7588386535644531,-0.06526242196559906
11,right,0.3118022084236145,0.8053785562515259,3.1168258374236757e-07,0.3378174901008606,0.7164398431777954,-0.00239948951639235,0.33359530568122864,0.6569177508354187,-0.016035569831728935,0.33328455686569214,0.6134685277938843,-0.03388247638940811,0.33818480372428894,0.5747171640396118,-0.05130451172590256,0.23805148899555206,0.6535168290138245,-0.02485320158302784,0.2194175124168396,0.5804917216300964,-0.0481705479323864,0.20868702232837677,0.528901994228363,-0.06383327394723892,0.2029012143611908,0.487748384475708,-0.07528025656938553,0.23286952078342438,0.678606390953064,-0.03877539932727814,0.2724745571613312,0.5924698710441589,-0.07310673594474792,0.3161800503730774,0.5695763230323792,-0.08544921875,0.34727609157562256,0.5618782043457031,-0.08909086883068085,0.24653005599975586,0.6981050968170166,-0.05240955203771591,0.2843417823314667,0.6144545078277588,-0.08115933835506439,0.32498231530189514,0.5866301655769348,-0.08218099176883698,0.3542371988296509,0.5737540125846863,-0.0783427432179451,0.2705117464065552,0.7101728916168213,-0.06656669080257416,0.3033107817173004,0.6447446942329407,-0.08459093421697617,0.33159011602401733,0.619754433631897,-0.0833682268857956,0.3535918593406677,0.6030895113945007,-0.07946604490280151
11,left,0.5963433980941772,0.6785666942596436,-1.176232586885817e-07,0.5600160360336304,0.6393851041793823,-0.0032352220732718706,0.5146104097366333,0.6241767406463623,-0.011891316622495651,0.47450464963912964,0.6406158804893494,-0.020341066643595695,0.4476494789123535,0.6693073511123657,-0.03198704868555069,0.4924023151397705,0.604263186454773,-0.03836819902062416,0.4285980761051178,0.5799201130867004,-0.0570823960006237,0.3955545425415039,0.560464084148407,-0.06857887655496597,0.3655673861503601,0.5417730212211609,-0.07702270895242691,0.5047854781150818,0.6232476234436035,-0.04397370293736458,0.4367981553077698,0.6793124079704285,-0.06433918327093124,0.4237501323223114,0.7293432950973511,-0.06995416432619095,0.42202991247177124,0.7597195506095886,-0.07393579930067062,0.5156105756759644,0.6577571034431458,-0.047892555594444275,0.4499489665031433,0.7102298140525818,-0.06683848053216934,0.4357057213783264,0.7520172595977783,-0.06870129704475403,0.4350345730781555,0.7769509553909302,-0.0682922899723053,0.5236124396324158,0.6976789832115173,-0.05088048428297043,0.47226861119270325,0.7349846363067627,-0.065892793238163,0.45662742853164673,0.7614172101020813,-0.06696869432926178,0.4512227475643158,0.7800613045692444,-0.0652923509478569
12,right,0.3116511404514313,0.8052576780319214,3.304738811493735e-07,0.33614352345466614,0.7168517708778381,-0.002764258300885558,0.3299507200717926,0.655953049659729,-0.01464719045907259,0.3279608488082886,0.6152345538139343,-0.03045598231256008,0.33052098751068115,0.5763542056083679,-0.04565950483083725,0.237100750207901,0.6519262790679932,-0.021461738273501396,0.21699930727481842,0.5789445042610168,-0.04256318137049675,0.20655550062656403,0.5283078551292419,-0.05710366740822792,0.20102685689926147,0.48732447624206543,-0.06800204515457153,0.23024827241897583,0.676056981086731,-0.034769512712955475,0.27091580629348755,0.5940251350402832,-0.06734348088502884,0.3136177659034729,0.5697507858276367,-0.07991962134838104,0.34441980719566345,0.5610909461975098,-0.08411583304405212,0.2433982789516449,0.6965850591659546,-0.047978732734918594,0.2837323844432831,0.6143958568572998,-0.07584714889526367,0.323727011680603,0.5878296494483948,-0.07708675414323807,0.35124194622039795,0.5752803683280945,-0.0736490860581398,0.26704320311546326,0.7097830772399902,-0.06180168688297272,0.3005150258541107,0.6440786719322205,-0.08052846044301987,0.3284827768802643,0.6187352538108826,-0.07967548817396164,0.3492398262023926,0.6021243333816528,-0.07585202902555466
12,left,0.6191757321357727,0.6982932686805725,-4.224634864158361e-08,0.5799686908721924,0.6580691337585449,0.0009470962104387581,0.5303922295570374,0.6405640840530396,-0.006629320327192545,0.48768115043640137,0.6502038240432739,-0.015378921292722225,0.45675724744796753,0.6712790131568909,-0.025984518229961395,0.5100805759429932,0.6046912670135498,-0.02896464429795742,0.44592106342315674,0.5768488049507141,-0.048845324665308,0.40958911180496216,0.5536041259765625,-0.05887771397829056,0.38077670335769653,0.5346128940582275,-0.06457463651895523,0.518217146396637,0.623028039932251,-0.03666851297020912,0.44370800256729126,0.6704103946685791,-0.06144832447171211,0.4252444803714752,0.7248979806900024,-0.06830678135156631,0.42247363924980164,0.7619357109069824,-0.07029663026332855,0.5261452198028564,0.6562734842300415,-0.04297957196831703,0.4535335600376129,0.6975439190864563,-0.06470046192407608,0.4379073977470398,0.7429465651512146,-0.06602787226438522,0.4371403455734253,0.7728320956230164,-0.06290289759635925,0.533160924911499,0.6945863962173462,-0.048086389899253845,0.476026713848114,0.7208234071731567,-0.06360702216625214,0.45808863639831543,0.7494488954544067,-0.06518286466598511,0.45073556900024414,0.7719942927360535,-0.06284110993146896
13,right,0.31220951676368713,0.8051158785820007,3.127494210275472e-07,0.3381935954093933,0.716089129447937,-0.0029277068097144365,0.33365026116371155,0.6557350158691406,-0.016032125800848007,0.3326391279697418,0.613258957862854,-0.033146996051073074,0.3362564146518707,0.574468731880188,-0.0496906079351902,0.23917922377586365,0.6514769792556763,-0.02341657504439354,0.2188977599143982,0.579140305519104,-0.04573158919811249,0.20840999484062195,0.5283139944076538,-0.06065636873245239,0.20296210050582886,0.4874110221862793,-0.07166603207588196,0.23305700719356537,0.6762374639511108,-0.036957696080207825,0.2732076346874237,0.5931314826011658,-0.07088854163885117,0.31705442070961,0.5710098743438721,-0.08333797007799149,0.3484216332435608,0.5636026859283447,-0.08708801865577698,0.2458597719669342,0.696758508682251,-0.05035199970006943,0.2850675582885742,0.615195631980896,-0.07913517951965332,0.3256830871105194,0.5884413123130798,-0.08054501563310623,0.3547857701778412,0.5750219821929932,-0.07700589299201965,0.26926755905151367,0.7101349830627441,-0.0642872229218483,0.30281582474708557,0.6463298797607422,-0.08288417756557465,0.33125951886177063,0.6220811605453491,-0.08205129206180573,0.35300958156585693,0.6053380370140076,-0.07834351807832718
13,left,0.6068445444107056,0.6776544451713562,-2.49874290148e-07,0.567997395992279,0.6436508893966675,4.0928418457042426e-05,0.5197127461433411,0.6307955384254456,-0.006665841676294804,0.478386253118515,0.6466980576515198,-0.014414488337934017,0.45062944293022156,0.6722589731216431,-0.025254225358366966,0.4957125186920166,0.6002650856971741,-0.03021395392715931,0.43096110224723816,0.5733627080917358,-0.04618007317185402,0.39810284972190857,0.5577706694602966,-0.05608774349093437,0.3684748113155365,0.5433381199836731,-0.06394130736589432,0.5088120102882385,0.618831217288971,-0.037357769906520844,0.440914511680603,0.6724831461906433,-0.05585141479969025,0.42725712060928345,0.7223020792007446,-0.06129785254597664,0.4257034659385681,0.7508959770202637,-0.06603822112083435,0.5205206274986267,0.6524367928504944,-0.04297919198870659,0.4519466757774353,0.7005112767219543,-0.06165822967886925,0.4369838833808899,0.7439846992492676,-0.06399919837713242,0.43667885661125183,0.7694371938705444,-0.06463520228862762,0.5296851396560669,0.6909778118133545,-0.04750644043087959,0.4748920202255249,0.7251917719841003,-0.06344620883464813,0.45852887630462646,0.7515850067138672,-0.06508888304233551,0.45371678471565247,0.7696976661682129,-0.06415604799985886
14,right,0.3115161657333374,0.8065108060836792,3.286573928562575e-07,0.33587002754211426,0.7174543142318726,-0.0025181001983582973,0.33048951625823975,0.6565364003181458,-0.014582181349396706,0.32885533571243286,0.6156953573226929,-0.0307092797011137,0.33249083161354065,0.5759474635124207,-0.04619631916284561,0.23734764754772186,0.6525235772132874,-0.0207202211022377,0.21780115365982056,0.5789998769760132,-0.04159862920641899,0.2078016996383667,0.528557300567627,-0.05594760552048683,0.20273056626319885,0.48762115836143494,-0.06665576249361038,0.2307130992412567,0.6763051152229309,-0.03396771848201752,0.27204084396362305,0.5941746234893799,-0.0662563294172287,0.3141811490058899,0.5708439350128174,-0.07853922247886658,0.3448184132575989,0.5627132058143616,-0.0824798047542572,0.24388311803340912,0.6966198086738586,-0.04714622721076012,0.28493794798851013,0.6143912672996521,-0.07438576966524124,0.3243861198425293,0.5883970260620117,-0.07538815587759018,0.35210517048835754,0.5762393474578857,-0.07184215635061264,0.26771602034568787,0.7100465893745422,-0.060983896255493164,0.302333265542984,0.6449729204177856,-0.07901192456483841,0.33004114031791687,0.619375467300415,-0.07810945063829422,0.35079699754714966,0.602286696434021,-0.07432316243648529
14,left,0.6224241256713867,0.6927465200424194,-8.464022016596573e-08,0.5790293216705322,0.6523498892784119,0.004598705098032951,0.5286521315574646,0.6359556317329407,3.744976129382849e-05,0.48690494894981384,0.6451911330223083,-0.006566486321389675,0.4565328359603882,0.6661311984062195,-0.014928321354091167,0.5070738196372986,0.6013460755348206,-0.02168632112443447,0.4421873986721039,0.5779190063476562,-0.03943133354187012,0.40539851784706116,0.5590482950210571,-0.04888084530830383,0.3749961256980896,0.5437699556350708,-0.054660506546497345,0.5153031945228577,0.6191098690032959,-0.030624644830822945,0.4433486759662628,0.6675047278404236,-0.05286801978945732,0.42572328448295593,0.7217047214508057,-0.059340596199035645,0.42301252484321594,0.7581138014793396,-0.06172962114214897,0.5235045552253723,0.6513290405273438,-0.038201235234737396,0.45349013805389404,0.6931986212730408,-0.0573456808924675,0.4378604292869568,0.7391197681427002,-0.059107620269060135,0.4374292194843292,0.7692619562149048,-0.05713328346610069,0.5311599969863892,0.6890522837638855,-0.04448888450860977,0.4764341711997986,0.715905487537384,-0.057752251625061035,0.45930051803588867,0.7453393936157227,-0.05927438288927078,0.4531429409980774,0.7686536908149719,-0.057509977370500565
15,right,0.31230419874191284,0.8059466481208801,3.101463619259448e-07,0.33955395221710205,0.7171932458877563,-0.00240527861751616,0.33544379472732544,0.6569182872772217,-0.015339512377977371,0.3353846073150635,0.6136474609375,-0.032398730516433716,0.3394119143486023,0.5746462941169739,-0.04892983287572861,0.2400658279657364,0.6523967981338501,-0.023493312299251556,0.22065484523773193,0.5792216062545776,-0.04612794890999794,0.21113350987434387,0.527504563331604,-0.061603546142578125,0.20635172724723816,0.48606473207473755,-0.07295622676610947,0.23445571959018707,0.6771767139434814,-0.037233151495456696,0.2744407057762146,0.5931892991065979,-0.07105977088212967,0.31842944025993347,0.5706830620765686,-0.08365033566951752,0.34977126121520996,0.5636571645736694,-0.08763343095779419,0.2480083703994751,0.6974487900733948,-0.05073497071862221,0.2861391603946686,0.614607572555542,-0.07923837751150131,0.3270716071128845,0.588415265083313,-0.08048655092716217,0.3563539981842041,0.5764894485473633,-0.07687852531671524,0.2719416916370392,0.7104296088218689,-0.0647423043847084,0.30471181869506836,0.6457028985023499,-0.08301027119159698,0.3331957161426544,0.6216004490852356,-0.08194846659898758,0.35515907406806946,0.6057348251342773,-0.07812465727329254
15,left,0.6031339168548584,0.6754043698310852,-1.9588085820032575e-07,0.5680267810821533,0.6361863613128662,0.0010905987583100796,0.521878719329834,0.6228076815605164,-0.005327671766281128,0.4811466634273529,0.638038158416748,-0.013238166458904743,0.4527379870414734,0.6611634492874146,-0.023843932896852493,0.5001996755599976,0.6007920503616333,-0.028286654502153397,0.4349398910999298,0.5716472864151001,-0.04482319951057434,0.40053826570510864,0.5576604008674622,-0.0535140223801136,0.3707042336463928,0.5464849472045898,-0.05965755879878998,0.5098618268966675,0.6207625865936279,-0.03600885346531868,0.43898728489875793,0.6639944911003113,-0.05633595958352089,0.42278385162353516,0.7134620547294617,-0.06059198081493378,0.4200594425201416,0.7440316081047058,-0.06276307255029678,0.519083559513092,0.6546369194984436,-0.04233070835471153,0.451304167509079,0.6939604878425598,-0.06107698753476143,0.4345107972621918,0.7358180284500122,-0.06156244874000549,0.4322647452354431,0.7618133425712585,-0.05973222479224205,0.5267950892448425,0.6926053166389465,-0.04759431630373001,0.4748235046863556,0.7198723554611206,-0.06208735331892967,0.4573681354522705,0.7456696033477783,-0.06269990652799606,0.4505619704723358,0.7644146680831909,-0.0605495311319828
16,right,0.31197863817214966,0.8042823076248169,3.3168294066854287e-07,0.33452093601226807,0.7140495181083679,-0.0019741449505090714,0.3266479969024658,0.6532667279243469,-0.013293401338160038,0.3216058909893036,0.6134465336799622,-0.028587881475687027,0.31939443945884705,0.5753950476646423,-0.0433429554104805,0.23694950342178345,0.6514660120010376,-0.0215852502733469,0.21619464457035065,0.5790610313415527,-0.04288835823535919,0.20786431431770325,0.5285734534263611,-0.05700324848294258,0.20505943894386292,0.4879031181335449,-0.06713749468326569,0.230561763048172,0.6756870746612549,-0.034956421703100204,0.27179795503616333,0.5928051471710205,-0.06751545518636703,0.3145129382610321,0.5691158771514893,-0.07978325337171555,0.3454764485359192,0.5612024068832397,-0.08356212079524994,0.24350115656852722,0.6965463757514954,-0.04822336882352829,0.2845209240913391,0.6143520474433899,-0.07603633403778076,0.3240872621536255,0.588584303855896,-0.07740567624568939,0.351409912109375,0.5766296982765198,-0.07391215115785599,0.266836941242218,0.7099986672401428,-0.06196439638733864,0.29958346486091614,0.6448819041252136,-0.08024808764457703,0.32628539204597473,0.6193572878837585,-0.07942910492420197,0.3461857736110687,0.602515459060669,-0.07559806108474731
16,left,0.6206693053245544,0.6841309666633606,-6.935058394219595e-08,0.5791926980018616,0.6439048051834106,0.004842626862227917,0.5299166440963745,0.6231854557991028,7.480537897208706e-05,0.4872521460056305,0.6247704029083252,-0.0066749900579452515,0.4556368887424469,0.6380437016487122,-0.015089408494532108,0.5146185159683228,0.587420642375946,-0.021712712943553925,0.4489955008029938,0.5612522959709167,-0.0378829762339592,0.41290098428726196,0.5436468124389648,-0.04526219144463539,0.38410282135009766,0.5277193784713745,-0.049572549760341644,0.521212100982666,0.6048881411552429,-0.03135479986667633,0.44872379302978516,0.6444018483161926,-0.05167916417121887,0.4249919354915619,0.6949523687362671,-0.05720706656575203,0.41681113839149475,0.7285308241844177,-0.05955875664949417,0.5275781154632568,0.6374490261077881,-0.03963693231344223,0.45376822352409363,0.6687448024749756,-0.05828722193837166,0.43345871567726135,0.7117210030555725,-0.059872642159461975,0.42966943979263306,0.7413830161094666,-0.05819667875766754,0.5336810946464539,0.6763746738433838,-0.0465068444609642,0.4760940670967102,0.6957050561904907,-0.060061849653720856,0.4577247202396393,0.7199037075042725,-0.06135455146431923,0.45093637704849243,0.740413248538971,-0.05973182991147041
17,right,0.31317245960235596,0.8018782138824463,3.174326934640703e-07,0.3385627269744873,0.7134361863136292,-0.002361730905249715,0.33331727981567383,0.6525864005088806,-0.0149342380464077,0.33265262842178345,0.6096431016921997,-0.03162967041134834,0.33615216612815857,0.571007490158081,-0.047793738543987274,0.23826168477535248,0.6512018442153931,-0.022690623998641968,0.21813064813613892,0.5791023969650269,-0.045206163078546524,0.2098647654056549,0.526929497718811,-0.06030408665537834,0.2072640210390091,0.48514941334724426,-0.0710301473736763,0.23250262439250946,0.6750839352607727,-0.036311667412519455,0.27292317152023315,0.5897908806800842,-0.06977111101150513,0.3165757656097412,0.5665247440338135,-0.08198009431362152,0.34783631563186646,0.5587385892868042,-0.08546601980924606,0.24598082900047302,0.6941007971763611,-0.04980786144733429,0.28525683283805847,0.6108587980270386,-0.07842227071523666,0.32580119371414185,0.5831730365753174,-0.08014456182718277,0.3549109399318695,0.5693636536598206,-0.0766228586435318,0.26982542872428894,0.705026388168335,-0.06374254077672958,0.302625447511673,0.6395593285560608,-0.08174639195203781,0.33146950602531433,0.615532636642456,-0.08043895661830902,0.3538725972175598,0.599628746509552,-0.0763159766793251
17,left,0.5749878883361816,0.6503887176513672,-2.878377074466698e-07,0.5510711073875427,0.6105151176452637,0.005261300131678581,0.5147063732147217,0.5971729755401611,0.001410813769325614,0.4807519316673279,0.6064743399620056,-0.0039966474287211895,0.45405876636505127,0.6249351501464844,-0.013121729716658592,0.4923059940338135,0.5730124115943909,-0.022765949368476868,0.43021494150161743,0.5512550473213196,-0.031342461705207825,0.4005366861820221,0.5405511260032654,-0.03583722189068794,0.3759668469429016,0.5290032029151917,-0.039960894733667374,0.49727097153663635,0.5927131175994873,-0.030270420014858246,0.4384002685546875,0.6431161761283875,-0.04141722992062569,0.4205936789512634,0.6887556314468384,-0.045492611825466156,0.4150276780128479,0.7182061672210693,-0.04944144934415817,0.5047125816345215,0.6247761249542236,-0.03520370274782181,0.44837039709091187,0.672494113445282,-0.04537729546427727,0.42664068937301636,0.7136732339859009,-0.04746287316083908,0.41828325390815735,0.7391875982284546,-0.04928846284747124,0.5121327042579651,0.6613353490829468,-0.03841749578714371,0.46645236015319824,0.6953301429748535,-0.04710976406931877,0.45078545808792114,0.7201066613197327,-0.04527684673666954,0.446441650390625,0.735442042350769,-0.0423915721476078
18,right,0.3124414384365082,0.8034288287162781,3.251770408496668e-07,0.3364478647708893,0.7145888805389404,-0.001503183739259839,0.33068281412124634,0.652698278427124,-0.013339097611606121,0.3297898471355438,0.6112640500068665,-0.029430653899908066,0.3334110677242279,0.5716605186462402,-0.045024313032627106,0.23739370703697205,0.6516284942626953,-0.020527049899101257,0.21697880327701569,0.5786350965499878,-0.04187816381454468,0.20916582643985748,0.5271612405776978,-0.05636625736951828,0.20740675926208496,0.48555445671081543,-0.06696522980928421,0.23113971948623657,0.6752455830574036,-0.03448045253753662,0.2718680500984192,0.5907667279243469,-0.06750939786434174,0.3149147033691406,0.5677604675292969,-0.0799320638179779,0.3459356427192688,0.560310959815979,-0.08376681804656982,0.24445165693759918,0.6947235465049744,-0.048338841646909714,0.2845233380794525,0.6112798452377319,-0.07663193345069885,0.3250856399536133,0.5850206613540649,-0.07813931256532669,0.3534478545188904,0.5728524923324585,-0.07469140738248825,0.26830950379371643,0.7071467638015747,-0.06262262165546417,0.30135437846183777,0.6412810683250427,-0.08137800544500351,0.3297683894634247,0.6158338189125061,-0.08068820834159851,0.35104283690452576,0.598797619342804,-0.07696371525526047
18,left,0.6003960371017456,0.6779116988182068,-5.6346035393062266e-08,0.5663589835166931,0.6383541822433472,0.001340175629593432,0.518203616142273,0.6198916435241699,-0.00562203349545598,0.4771884083747864,0.6274173259735107,-0.013556117191910744,0.4490179121494293,0.6466993093490601,-0.023985909298062325,0.5058867931365967,0.5944713950157166,-0.03233747556805611,0.4434613585472107,0.570794939994812,-0.04980996996164322,0.40860143303871155,0.5527510643005371,-0.0579642653465271,0.3804135322570801,0.5385324358940125,-0.06298206001520157,0.5134492516517639,0.6125320792198181,-0.03998427093029022,0.44210752844810486,0.6567420959472656,-0.06003178656101227,0.42153310775756836,0.7047046422958374,-0.06345994025468826,0.4157998263835907,0.7361937165260315,-0.06472143530845642,0.5201161503791809,0.6463010311126709,-0.0459328256547451,0.4476751983165741,0.6823112368583679,-0.06420234590768814,0.43013641238212585,0.7223485708236694,-0.06326228380203247,0.42938581109046936,0.7491329908370972,-0.059893008321523666,0.5251956582069397,0.6867216229438782,-0.050706394016742706,0.467951238155365,0.7070786952972412,-0.06491676717996597,0.4488649070262909,0.7320796847343445,-0.0653369128704071,0.442951500415802,0.7535048723220825,-0.06280024349689484
19,right,0.3120080530643463,0.8038356900215149,3.255685498970706e-07,0.33519247174263,0.7143818736076355,-0.0007335511036217213,0.3282606899738312,0.6530302166938782,-0.011864077299833298,0.3262318968772888,0.6123131513595581,-0.027400320395827293,0.3296302258968353,0.5730578899383545,-0.042478837072849274,0.23559822142124176,0.6516919732093811,-0.019225463271141052,0.2148483544588089,0.5782327651977539,-0.03996020182967186,0.20692558586597443,0.5264933109283447,-0.05432083457708359,0.20531490445137024,0.48516273498535156,-0.06487753242254257,0.2296651005744934,0.6755281090736389,-0.03336917981505394,0.27023017406463623,0.5911155343055725,-0.06540655344724655,0.31204795837402344,0.567432701587677,-0.07767143845558167,0.3423999845981598,0.5594233274459839,-0.08167259395122528,0.24325290322303772,0.6950771808624268,-0.04738002270460129,0.28303542733192444,0.611778199672699,-0.07452183216810226,0.32218024134635925,0.5853813886642456,-0.07577641308307648,0.34974372386932373,0.5734543204307556,-0.07249351590871811,0.2672801911830902,0.7073593139648438,-0.06182517483830452,0.2995985150337219,0.6412723660469055,-0.0795988142490387,0.3270038664340973,0.615332841873169,-0.07845025509595871,0.3476257026195526,0.5982637405395508,-0.07460827380418777
19,left,0.612884521484375,0.6839526891708374,-2.695432321786484e-08,0.5750667452812195,0.6426028609275818,0.003107840660959482,0.5278756022453308,0.6207900643348694,-0.0029777148738503456,0.4860374331474304,0.6219431757926941,-0.010623982176184654,0.4549393653869629,0.6368520259857178,-0.020493021234869957,0.5149791240692139,0.5864971280097961,-0.026157336309552193,0.4533569812774658,0.5579348206520081,-0.044408321380615234,0.41831713914871216,0.5365573763847351,-0.05416193976998329,0.389590322971344,0.5190850496292114,-0.06005173176527023,0.520858108997345,0.6036710143089294,-0.034881625324487686,0.44806206226348877,0.6415539383888245,-0.05573584884405136,0.42220455408096313,0.690252423286438,-0.06140903756022453,0.4111493229866028,0.7236287593841553,-0.06398188322782516,0.5254503488540649,0.637276828289032,-0.04217329993844032,0.4513944387435913,0.6631503105163574,-0.061325568705797195,0.4295571446418762,0.703933596611023,-0.062344618141651154,0.4246520400047302,0.7343051433563232,-0.060105130076408386,0.5290631651878357,0.6782378554344177,-0.04812552034854889,0.47201091051101685,0.6910571455955505,-0.06259173899888992,0.4537239372730255,0.7141894698143005,-0.06340833008289337,0.4470914900302887,0.7356975078582764,-0.06110886111855507
20,right,0.3107544481754303,0.8025050163269043,3.2122659376909724e-07,0.3354361057281494,0.7127395272254944,-0.001705424627289176,0.3299286961555481,0.6523813605308533,-0.014357585459947586,0.32908037304878235,0.6104148626327515,-0.03127449005842209,0.33335214853286743,0.5700330138206482,-0.04769071936607361,0.235568106174469,0.6508411765098572,-0.02184491604566574,0.21523438394069672,0.5777353048324585,-0.043642424046993256,0.20699557662010193,0.5258550047874451,-0.05829736217856407,0.20481425523757935,0.48382797837257385,-0.06888294219970703,0.22951069474220276,0.6746667623519897,-0.03568050637841225,0.2701898217201233,0.5898354649543762,-0.0685146152973175,0.3127176761627197,0.5669223666191101,-0.08020437508821487,0.3436838984489441,0.5591752529144287,-0.08355820178985596,0.24289588630199432,0.6939578652381897,-0.04937766119837761,0.28283652663230896,0.6101023554801941,-0.07693057507276535,0.3222269117832184,0.582827091217041,-0.07777443528175354,0.3506205081939697,0.569671630859375,-0.07406088709831238,0.2667214572429657,0.7060715556144714,-0.06357820332050323,0.29963600635528564,0.6401872634887695,-0.0812203586101532,0.32783645391464233,0.6145718097686768,-0.0797676369547844,0.3495529294013977,0.597405195236206,-0.07567179203033447
20,left,0.5644917488098145,0.67591392993927,-2.978678423914971e-07,0.5411313772201538,0.6361372470855713,0.0023018785286694765,0.5097221732139587,0.618958592414856,-0.003853646107017994,0.48068884015083313,0.6224817037582397,-0.011657598428428173,0.45526179671287537,0.6383171677589417,-0.023109041154384613,0.4825853109359741,0.597133457660675,-0.028302717953920364,0.4236355721950531,0.5647202134132385,-0.042176853865385056,0.39119189977645874,0.5534340143203735,-0.051413536071777344,0.3623044788837433,0.5443405508995056,-0.059062182903289795,0.48521146178245544,0.6193222999572754,-0.035987287759780884,0.4275969862937927,0.6628138422966003,-0.050582293421030045,0.413582980632782,0.7097662687301636,-0.0558716244995594,0.4109393358230591,0.7388211488723755,-0.061370737850666046,0.49222102761268616,0.6529949903488159,-0.04158790782094002,0.43779003620147705,0.6917239427566528,-0.05432075262069702,0.4205237925052643,0.7324720621109009,-0.05564611032605171,0.4167841374874115,0.7583819627761841,-0.05766988918185234,0.5002360939979553,0.6882127523422241,-0.04612688720226288,0.4585663676261902,0.7184313535690308,-0.05766754597425461,0.4449115991592407,0.7446498870849609,-0.056970465928316116,0.4418870508670807,0.7623130083084106,-0.05537167191505432
21,right,0.31097638607025146,0.8029671907424927,3.2640980407450115e-07,0.3339107930660248,0.7125351428985596,-0.0009299604571424425,0.32656070590019226,0.6514087319374084,-0.012230487540364265,0.3246210217475891,0.610398530960083,-0.027952566742897034,0.3282230794429779,0.5702599287033081,-0.043208472430706024,0.234376460313797,0.6498388648033142,-0.019197121262550354,0.21399641036987305,0.5764626264572144,-0.03988361358642578,0.20526370406150818,0.5253551006317139,-0.05413541942834854,0.202356219291687,0.4842579960823059,-0.06475851684808731,0.22803857922554016,0.6738274693489075,-0.03337138891220093,0.2688656151294708,0.5906351804733276,-0.06544547528028488,0.31103020906448364,0.5662072896957397,-0.07779978215694427,0.34183812141418457,0.5572806000709534,-0.08193812519311905,0.24144938588142395,0.6937631368637085,-0.04743440821766853,0.28172123432159424,0.6111876964569092,-0.07459166646003723,0.3209229111671448,0.5845576524734497,-0.07571714371442795,0.3483697772026062,0.5719379782676697,-0.0724024549126625,0.26526015996932983,0.7067036032676697,-0.06198892742395401,0.2978520691394806,0.6406925320625305,-0.07996633648872375,0.32530462741851807,0.614605188369751,-0.078842394053936,0.34590762853622437,0.5972707271575928,-0.07499151676893234
21,left,0.6081898212432861,0.6764523983001709,-5.4781892799837806e-08,0.5783120393753052,0.634408712387085,0.0014789766864851117,0.533323347568512,0.6153424382209778,-0.006084364838898182,0.4947231113910675,0.6254414916038513,-0.01444123312830925,0.4682406187057495,0.65071040391922,-0.025172697380185127,0.5194387435913086,0.5827433466911316,-0.03296932578086853,0.4572031497955322,0.5461447834968567,-0.05032013729214668,0.42297589778900146,0.5253041982650757,-0.057227957993745804,0.3966829776763916,0.5075717568397522,-0.061282072216272354,0.5252704620361328,0.6035423278808594,-0.04098617658019066,0.4478638172149658,0.6355358362197876,-0.0628492683172226,0.4277937710285187,0.687610387802124,-0.06610217690467834,0.42433005571365356,0.7204328179359436,-0.06623966991901398,0.5299988985061646,0.638578474521637,-0.047304004430770874,0.4523158371448517,0.6622343063354492,-0.06707899272441864,0.4337090849876404,0.7054233551025391,-0.06672478467226028,0.4314587116241455,0.7332748770713806,-0.06334975361824036,0.5330478549003601,0.6780945658683777,-0.052208706736564636,0.4728871285915375,0.6938217282295227,-0.06745494157075882,0.45422276854515076,0.7177627682685852,-0.06847991049289703,0.4472310543060303,0.7359105944633484,-0.06641126424074173
22,right,0.3118855357170105,0.8034785985946655,3.004954010066285e-07,0.3392169773578644,0.7129306197166443,-0.0021983347833156586,0.33490970730781555,0.6525417566299438,-0.014973903074860573,0.33393868803977966,0.6098251342773438,-0.03194330260157585,0.3382143974304199,0.571108341217041,-0.048466455191373825,0.2388627827167511,0.6492518782615662,-0.022884320467710495,0.22174696624279022,0.5753667950630188,-0.045224353671073914,0.2123536765575409,0.5229374766349792,-0.060430582612752914,0.2080535739660263,0.48058831691741943,-0.07166314870119095,0.23279988765716553,0.6732340455055237,-0.03662066161632538,0.2746444046497345,0.5879276990890503,-0.07016471773386002,0.3179035186767578,0.5662716627120972,-0.08222894370555878,0.3488258123397827,0.559958279132843,-0.08580761402845383,0.24663448333740234,0.6926498413085938,-0.050136446952819824,0.2856866121292114,0.6090500950813293,-0.07826125621795654,0.32594454288482666,0.582436740398407,-0.07903636246919632,0.3550392985343933,0.5704171657562256,-0.07516356557607651,0.27091091871261597,0.7051540017127991,-0.0641956627368927,0.3043542206287384,0.6402130722999573,-0.08197034895420074,0.33234140276908875,0.6151149272918701,-0.08068982511758804,0.3540959358215332,0.5983324646949768,-0.07675956189632416
22,left,0.6047847270965576,0.705015242099762,-4.030722422498911e-08,0.5674411654472351,0.6620640158653259,0.007117400877177715,0.5233958959579468,0.6436392664909363,0.0027087803464382887,0.48557108640670776,0.652787446975708,-0.004736696369946003,0.4569651484489441,0.6783038377761841,-0.014889410696923733,0.4988900423049927,0.6156493425369263,-0.019296422600746155,0.436116099357605,0.5876951217651367,-0.036608412861824036,0.40023088455200195,0.56747967004776,-0.046183448284864426,0.36937981843948364,0.5524394512176514,-0.052628155797719955,0.5035436153411865,0.6352612376213074,-0.030169043689966202,0.42935436964035034,0.6783937215805054,-0.051829058676958084,0.41411417722702026,0.7281802296638489,-0.05656746029853821,0.41175562143325806,0.7593987584114075,-0.05756763741374016,0.5101428031921387,0.6689333915710449,-0.03963516280055046,0.43678927421569824,0.7058101892471313,-0.05952710285782814,0.42427685856819153,0.7473838329315186,-0.05901665613055229,0.4257144331932068,0.7729240655899048,-0.05499550327658653,0.5172027945518494,0.7076725363731384,-0.047658056020736694,0.46131232380867004,0.7317245006561279,-0.06251142919063568,0.4446738064289093,0.7591028213500977,-0.06270942091941833,0.4391842782497406,0.7791333794593811,-0.059450678527355194
23,right,0.31153833866119385,0.8003688454627991,3.396083059215016e-07,0.33309611678123474,0.7117363214492798,-0.0023879141081124544,0.32665878534317017,0.6519944071769714,-0.014475514180958271,0.3248368501663208,0.6105095148086548,-0.03060523420572281,0.32747212052345276,0.5702433586120605,-0.04619855433702469,0.23580053448677063,0.6493468880653381,-0.023053934797644615,0.21468830108642578,0.5741733908653259,-0.04482404887676239,0.20276033878326416,0.5230327248573303,-0.05965590476989746,0.19514760375022888,0.48186057806015015,-0.07067786157131195,0.22936445474624634,0.6740687489509583,-0.036460865288972855,0.26961222290992737,0.5909563302993774,-0.06905873119831085,0.3122504949569702,0.5662784576416016,-0.08147990703582764,0.3424820005893707,0.5579779148101807,-0.08578301221132278,0.2431412637233734,0.6947973966598511,-0.04961414262652397,0.28197988867759705,0.6113342642784119,-0.07708044350147247,0.3217609226703644,0.5856481194496155,-0.07724449038505554,0.3489559590816498,0.5746906399726868,-0.07322090864181519,0.2670726776123047,0.7078558802604675,-0.06340740621089935,0.29889464378356934,0.6415249705314636,-0.08151683211326599,0.32560959458351135,0.6152064800262451,-0.07991726696491241,0.34542545676231384,0.5985753536224365,-0.07563763111829758
23,left,0.6215067505836487,0.693962037563324,-5.240512734872027e-08,0.5840909481048584,0.6480029225349426,0.00478866184130311,0.5395243763923645,0.6263667345046997,-0.0011477407533675432,0.49838346242904663,0.6302210688591003,-0.009719747118651867,0.46768030524253845,0.6470442414283752,-0.01999634876847267,0.5195200443267822,0.5890263319015503,-0.020305680111050606,0.45727619528770447,0.5525127053260803,-0.03711005300283432,0.423572301864624,0.5286063551902771,-0.04513696953654289,0.3963639736175537,0.5092694759368896,-0.050099968910217285,0.5242186784744263,0.6080301403999329,-0.03035147301852703,0.44961604475975037,0.6412635445594788,-0.05289900675415993,0.43047139048576355,0.6894052028656006,-0.058650270104408264,0.42619967460632324,0.7220937013626099,-0.060213785618543625,0.5289660096168518,0.6418648958206177,-0.03905891254544258,0.4526413679122925,0.6662108302116394,-0.05838683247566223,0.4363807439804077,0.7074720859527588,-0.05833238363265991,0.4357761740684509,0.7370502352714539,-0.054879847913980484,0.5333187580108643,0.6810417771339417,-0.04654634743928909,0.47573602199554443,0.6991754770278931,-0.060157909989356995,0.4575592279434204,0.7222762703895569,-0.060751721262931824,0.4505944848060608,0.7421919107437134,-0.0581943579018116
24,right,0.3104802668094635,0.8021793961524963,2.9826122727172333e-07,0.3380244970321655,0.7120955586433411,-0.0024034699890762568,0.3349127769470215,0.6529740691184998,-0.01580934412777424,0.33538708090782166,0.6091775298118591,-0.03348085284233093,0.3409770429134369,0.5696467161178589,-0.05076415464282036,0.23796111345291138,0.6478505730628967,-0.02443891018629074,0.21923679113388062,0.5733252763748169,-0.046896547079086304,0.20545825362205505,0.5221716165542603,-0.06231152266263962,0.1955641806125641,0.4811073839664459,-0.07406144589185715,0.23149248957633972,0.6719068288803101,-0.03826702758669853,0.2728744149208069,0.5877740383148193,-0.07180039584636688,0.31642261147499084,0.5651918053627014,-0.08396438509225845,0.3472052812576294,0.5585765242576599,-0.08790916204452515,0.24495576322078705,0.6918686628341675,-0.05170024558901787,0.28368711471557617,0.6084981560707092,-0.07997934520244598,0.32472676038742065,0.5817188620567322,-0.08046884089708328,0.35424429178237915,0.5702133774757385,-0.07656095176935196,0.2689819931983948,0.7047605514526367,-0.06569238007068634,0.3026127815246582,0.6401219367980957,-0.08395141363143921,0.3307599127292633,0.6145634055137634,-0.08268329501152039,0.35273611545562744,0.5976316928863525,-0.07877951860427856
24,left,0.5881405472755432,0.6851285099983215,-2.7232545107835904e-07,0.551353394985199,0.653521716594696,0.004836253821849823,0.5076467394828796,0.6461474895477295,-0.0014421241357922554,0.4701809287071228,0.6630627512931824,-0.01006658561527729,0.4430497884750366,0.6866228580474854,-0.02219909429550171,0.48418378829956055,0.6089939475059509,-0.024951495230197906,0.42402905225753784,0.5744234323501587,-0.03898730129003525,0.39250004291534424,0.5578059554100037,-0.04862355440855026,0.36356469988822937,0.5441205501556396,-0.056718070060014725,0.49168744683265686,0.6303808093070984,-0.03429105132818222,0.42641976475715637,0.6750825643539429,-0.050537366420030594,0.4108850955963135,0.7240030765533447,-0.055909059941768646,0.40864065289497375,0.7543167471885681,-0.061154499650001526,0.5005980730056763,0.6643928289413452,-0.04154656454920769,0.43642574548721313,0.7052764892578125,-0.05566425621509552,0.41919490694999695,0.747788667678833,-0.05620354413986206,0.41748470067977905,0.7732489705085754,-0.057114049792289734,0.509108304977417,0.7004110217094421,-0.047574546188116074,0.45931321382522583,0.7332932949066162,-0.05899177864193916,0.44454225897789,0.759306013584137,-0.05773109942674637,0.4412540793418884,0.7749584317207336,-0.0555841363966465
25,right,0.3107983469963074,0.8020286560058594,3.196351769929606e-07,0.33373531699180603,0.7136642932891846,-0.002120899735018611,0.32767900824546814,0.6525724530220032,-0.013801384717226028,0.32608017325401306,0.6108097434043884,-0.02942962571978569,0.3290536105632782,0.5709654688835144,-0.04437953978776932,0.23591743409633636,0.6475708484649658,-0.022533267736434937,0.21398493647575378,0.573679506778717,-0.04332471266388893,0.1997230052947998,0.5238856077194214,-0.057719580829143524,0.1898619830608368,0.4838710427284241,-0.06878168880939484,0.2287338227033615,0.6720927953720093,-0.03592826798558235,0.27082863450050354,0.5896580815315247,-0.06777116656303406,0.3133954405784607,0.5656135082244873,-0.07978235185146332,0.34379440546035767,0.5574660301208496,-0.08392562717199326,0.24208983778953552,0.6931383013725281,-0.04896796494722366,0.2830917239189148,0.6103812456130981,-0.07545755803585052,0.32268181443214417,0.5844923257827759,-0.0754789412021637,0.34990397095680237,0.5734239816665649,-0.07166654616594315,0.26600220799446106,0.7065002918243408,-0.06271537393331528,0.2999236285686493,0.6402172446250916,-0.08041030168533325,0.32705479860305786,0.6133987307548523,-0.07893015444278717,0.347425639629364,0.596071183681488,-0.07485978305339813
25,left,0.6183251738548279,0.6942812204360962,-3.9747906299680835e-08,0.5790326595306396,0.652506947517395,0.004120932891964912,0.5307968854904175,0.6323379278182983,-0.001513750059530139,0.48894739151000977,0.6399368047714233,-0.008716066367924213,0.4587939977645874,0.6608789563179016,-0.0174383707344532,0.5124983787536621,0.6001259088516235,-0.024391785264015198,0.44910451769828796,0.5658128261566162,-0.04267970100045204,0.41397613286972046,0.5425487756729126,-0.051791854202747345,0.3864591419696808,0.5228846073150635,-0.0568588450551033,0.518456757068634,0.6201845407485962,-0.0331520140171051,0.4422551095485687,0.6544057130813599,-0.05478417128324509,0.42369723320007324,0.7023178935050964,-0.06014769896864891,0.4203171730041504,0.7350210547447205,-0.06165914237499237,0.5242608785629272,0.6536918878555298,-0.04040450230240822,0.45061689615249634,0.6820378303527832,-0.05864342302083969,0.43342411518096924,0.7213320136070251,-0.05879759043455124,0.43139052391052246,0.7483468055725098,-0.055831391364336014,0.5297057628631592,0.6922674179077148,-0.04639161005616188,0.4729868471622467,0.7099855542182922,-0.058676447719335556,0.4549165964126587,0.7337448000907898,-0.05872966721653938,0.4478375017642975,0.7540941834449768,-0.05619364231824875
26,right,0.3127226233482361,0.8032914996147156,2.892971053825022e-07,0.34010085463523865,0.7137401700019836,-0.003149832598865032,0.33694684505462646,0.6544956564903259,-0.016797291114926338,0.3379212021827698,0.6103464365005493,-0.034548088908195496,0.34442830085754395,0.5708604454994202,-0.0518733449280262,0.23893213272094727,0.6490281820297241,-0.02525176852941513,0.22057342529296875,0.5747785568237305,-0.04769938811659813,0.20507878065109253,0.5248886942863464,-0.06338635087013245,0.19238170981407166,0.4854069948196411,-0.07553216069936752,0.2325824797153473,0.674137532711029,-0.03888271376490593,0.2738617956638336,0.5895158648490906,-0.07237191498279572,0.3175879120826721,0.5668131113052368,-0.084690622985363,0.348319947719574,0.5603088140487671,-0.0888298898935318,0.24646173417568207,0.6946374177932739,-0.05211165174841881,0.2851986587047577,0.6107054948806763,-0.08006032556295395,0.3262608051300049,0.5837774872779846,-0.08016934245824814,0.3555968999862671,0.5725294947624207,-0.07613299787044525,0.2710730731487274,0.707158088684082,-0.06605669111013412,0.3044931888580322,0.6415044665336609,-0.08385365456342697,0.3326781690120697,0.6164161562919617,-0.08210211247205734,0.35481107234954834,0.6004176139831543,-0.0779823437333107
26,left,0.6105783581733704,0.7014711499214172,6.53874687728262e-09,0.5671296119689941,0.6602365970611572,0.005399418529123068,0.5176030397415161,0.6440252065658569,-3.214138587281923e-06,0.47697702050209045,0.6573741436004639,-0.007708994206041098,0.44785866141319275,0.6832464337348938,-0.017773138359189034,0.4947057068347931,0.6141431927680969,-0.02253449708223343,0.4339892864227295,0.5872690677642822,-0.04039352759718895,0.3986418545246124,0.5670170187950134,-0.05055070295929909,0.3690983057022095,0.5509397983551025,-0.057211607694625854,0.5022971034049988,0.6346078515052795,-0.03177567571401596,0.4317397475242615,0.6846286058425903,-0.052245765924453735,0.4157187342643738,0.7352878451347351,-0.05662956461310387,0.4137970209121704,0.7677351236343384,-0.05834665894508362,0.511691153049469,0.6703183650970459,-0.039524756371974945,0.44070374965667725,0.7153674960136414,-0.056694742292165756,0.42654675245285034,0.7566825747489929,-0.055232416838407516,0.42867282032966614,0.7824110984802246,-0.0518210269510746,0.5203663110733032,0.7112189531326294,-0.04605378210544586,0.46540120244026184,0.7393622398376465,-0.05791935324668884,0.4500977694988251,0.7641201019287109,-0.05685604363679886,0.4472823143005371,0.7824590802192688,-0.053490739315748215
27,right,0.31195178627967834,0.8010062575340271,3.156658010539104e-07,0.3347466289997101,0.7129048705101013,-0.004371239338070154,0.3291318714618683,0.6527265310287476,-0.017075365409255028,0.3274121880531311,0.6110358238220215,-0.03330117091536522,0.3298797309398651,0.5703608393669128,-0.0488932728767395,0.23728245496749878,0.6479654908180237,-0.025531429797410965,0.21459320187568665,0.5743898153305054,-0.046794041991233826,0.19795796275138855,0.5255280137062073,-0.06161605566740036,0.18478992581367493,0.4861968159675598,-0.07319317758083344,0.22991149127483368,0.6724944710731506,-0.03790171816945076,0.2728375196456909,0.5898709893226624,-0.07004688680171967,0.3160895109176636,0.566001832485199,-0.08218912035226822,0.3461433947086334,0.5579994916915894,-0.08664345741271973,0.24360117316246033,0.6937494277954102,-0.049937766045331955,0.2852940261363983,0.6104995608329773,-0.07670772075653076,0.3248648941516876,0.5847226977348328,-0.07656620442867279,0.3516302704811096,0.5741848945617676,-0.07275529205799103,0.26769474148750305,0.7073158025741577,-0.06288137286901474,0.301256000995636,0.6413787007331848,-0.08105889707803726,0.32843834161758423,0.6144558787345886,-0.0796351283788681,0.3489573001861572,0.5974146127700806,-0.07557666301727295
27,left,0.6203254461288452,0.6959669589996338,-1.7046483336002893e-08,0.5771098732948303,0.6521109342575073,0.0028754938393831253,0.527490496635437,0.6323093175888062,-0.0024365470744669437,0.4831373989582062,0.6339440941810608,-0.009519454091787338,0.4496423900127411,0.6456055045127869,-0.018008220940828323,0.5102036595344543,0.5983434319496155,-0.02144533395767212,0.44800251722335815,0.5642378926277161,-0.03917364776134491,0.4142548441886902,0.5393240451812744,-0.048502832651138306,0.38699179887771606,0.5174754858016968,-0.05400115251541138,0.5156440734863281,0.617616593837738,-0.03004862181842327,0.4445156753063202,0.6543451547622681,-0.05116595700383186,0.42356085777282715,0.7018257975578308,-0.05729619041085243,0.4174516201019287,0.7341128587722778,-0.06006880849599838,0.521419882774353,0.6513323187828064,-0.03773243725299835,0.44948023557662964,0.6787843704223633,-0.05619213730096817,0.43046772480010986,0.7187498211860657,-0.05767953023314476,0.4274946451187134,0.7494032382965088,-0.05611400306224823,0.5276848077774048,0.6908836960792542,-0.04440010339021683,0.4736241102218628,0.7070190906524658,-0.05714225396513939,0.4565989077091217,0.7277750372886658,-0.058176785707473755,0.45066332817077637,0.7487930655479431,-0.056535813957452774
28,right,0.3128150999546051,0.8025044202804565,2.9056388939352473e-07,0.3381228446960449,0.7139354348182678,-0.002977875294163823,0.3350723385810852,0.6554666757583618,-0.01640528254210949,0.3355933129787445,0.6115906238555908,-0.033877044916152954,0.34110453724861145,0.5720757246017456,-0.050898388028144836,0.23886847496032715,0.6477130055427551,-0.02529889903962612,0.21745634078979492,0.574692964553833,-0.04827660322189331,0.19898436963558197,0.5251843929290771,-0.06481599807739258,0.18367165327072144,0.48639190196990967,-0.07760065048933029,0.23229046165943146,0.6729275584220886,-0.03887122496962547,0.2754470407962799,0.589471697807312,-0.07267700880765915,0.3195651173591614,0.5659188628196716,-0.0857088565826416,0.3503797650337219,0.5584229230880737,-0.09049495309591293,0.24601662158966064,0.6938290596008301,-0.05202915146946907,0.28630146384239197,0.6106005907058716,-0.08038699626922607,0.32756349444389343,0.582251787185669,-0.08120444416999817,0.3569137752056122,0.5693750381469727,-0.07773146033287048,0.27015990018844604,0.7066266536712646,-0.06586132198572159,0.30450695753097534,0.6418553590774536,-0.08417584002017975,0.33287033438682556,0.616525411605835,-0.08275344967842102,0.35520505905151367,0.5996573567390442,-0.07880343496799469
28,left,0.6018770933151245,0.6849324703216553,-1.5402871156311448e-07,0.5604398250579834,0.6425139307975769,0.002407326130196452,0.5123955607414246,0.6278297901153564,-0.004089519381523132,0.4700101613998413,0.6433771252632141,-0.011712392792105675,0.4406818747520447,0.6713846921920776,-0.022248974069952965,0.4904593527317047,0.604326069355011,-0.028104841709136963,0.42821380496025085,0.5734736323356628,-0.044041864573955536,0.3969370126724243,0.5539392232894897,-0.05281149595975876,0.36811742186546326,0.5364959836006165,-0.05931401625275612,0.5007532835006714,0.6236909627914429,-0.03527787700295448,0.4309312403202057,0.6791754364967346,-0.05419911444187164,0.41688528656959534,0.7279738187789917,-0.05897824466228485,0.41508135199546814,0.7575663328170776,-0.06229483708739281,0.5095996260643005,0.6584916710853577,-0.04054781794548035,0.4424375295639038,0.7111876010894775,-0.05770357325673103,0.42593422532081604,0.7507269382476807,-0.05871398746967316,0.42353343963623047,0.7746674418449402,-0.05794911831617355,0.516406774520874,0.6980553269386292,-0.04446021094918251,0.46505239605903625,0.7350842356681824,-0.056826356798410416,0.45066720247268677,0.758713960647583,-0.05676792562007904,0.4456925690174103,0.7738550305366516,-0.05461347475647926
29,right,0.31161513924598694,0.8028900027275085,2.980387421303021e-07,0.33539724349975586,0.7136800289154053,-0.003502380335703492,0.3303617238998413,0.6536363959312439,-0.015872614458203316,0.3299398422241211,0.6118214726448059,-0.03205166757106781,0.33542340993881226,0.571897029876709,-0.04763755947351456,0.2382437139749527,0.6466730237007141,-0.02422265149652958,0.2156960815191269,0.5736756920814514,-0.04514344409108162,0.1970854550600052,0.525767982006073,-0.05995714291930199,0.18159791827201843,0.48755043745040894,-0.0718822181224823,0.23035521805286407,0.6715834140777588,-0.03710241615772247,0.2737266719341278,0.5887095928192139,-0.06914183497428894,0.3175409436225891,0.5655924677848816,-0.08151432871818542,0.3479968011379242,0.5577248334884644,-0.08624662458896637,0.24356958270072937,0.692822277545929,-0.049599140882492065,0.2857236862182617,0.6096934080123901,-0.07636948674917221,0.3262905180454254,0.5841643810272217,-0.07651285082101822,0.353868305683136,0.573365330696106,-0.07308662682771683,0.267384797334671,0.706278383731842,-0.06294817477464676,0.3021799325942993,0.6410772800445557,-0.08110427111387253,0.330462783575058,0.6151099801063538,-0.07987762242555618,0.3519541323184967,0.5981494188308716,-0.07618729025125504
29,left,0.6162033677101135,0.698344349861145,-4.507165840550442e-08,0.5739017724990845,0.6547211408615112,0.004552004858851433,0.5263464450836182,0.6330111622810364,-0.0004664086445700377,0.4839092195034027,0.6354990005493164,-0.007325269747525454,0.45293548703193665,0.6508037447929382,-0.015843309462070465,0.5072692632675171,0.6005363464355469,-0.021130986511707306,0.44508689641952515,0.5687967538833618,-0.03789061680436134,0.41201481223106384,0.544481635093689,-0.04617508500814438,0.3854933977127075,0.5231301784515381,-0.05092325434088707,0.5136957168579102,0.6186702251434326,-0.0296302679926157,0.44371628761291504,0.6611567139625549,-0.048851799219846725,0.42228567600250244,0.7092944383621216,-0.05461258068680763,0.4146614074707031,0.7409957647323608,-0.05769819766283035,0.519786536693573,0.6513206362724304,-0.036777425557374954,0.4486981928348541,0.6852565407752991,-0.05467028170824051,0.43042004108428955,0.7263468503952026,-0.056198377162218094,0.42789775133132935,0.755079448223114,-0.0547969825565815,0.5250511765480042,0.6910468935966492,-0.04246670380234718,0.4696303904056549,0.7129809260368347,-0.054947447031736374,0.45359352231025696,0.7358790040016174,-0.05554140359163284,0.448124498128891,0.7550601363182068,-0.05356214568018913
30,right,0.31234124302864075,0.8029390573501587,2.7868753704751725e-07,0.3384092450141907,0.7121037244796753,-0.0035637884866446257,0.335070937871933,0.6530402302742004,-0.017027199268341064,0.3360353708267212,0.6094973683357239,-0.03446003794670105,0.3418503999710083,0.568665623664856,-0.05137284845113754,0.23963594436645508,0.6454507112503052,-0.02522122487425804,0.21846148371696472,0.5733007192611694,-0.04718397930264473,0.19850917160511017,0.5259729623794556,-0.06268743425607681,0.18136709928512573,0.4887663722038269,-0.07508289813995361,0.23190294206142426,0.6713481545448303,-0.038503967225551605,0.2759139835834503,0.5888200998306274,-0.07134447246789932,0.3197192847728729,0.5660595893859863,-0.08381037414073944,0.3500397503376007,0.5581473112106323,-0.08855817466974258,0.24510425329208374,0.6936488151550293,-0.051435746252536774,0.28746679425239563,0.61061692237854,-0.07881174981594086,0.3286050260066986,0.584068238735199,-0.07890375703573227,0.3576226234436035,0.5721836090087891,-0.07533537596464157,0.2692144215106964,0.7078678607940674,-0.06522883474826813,0.30390748381614685,0.643612265586853,-0.08332329243421555,0.332317590713501,0.6177543997764587,-0.08199579268693924,0.35496434569358826,0.6003577709197998,-0.07830770313739777
30,left,0.5726908445358276,0.6773006319999695,-3.248131008604105e-07,0.5414956212043762,0.6450742483139038,0.004670246504247189,0.507224977016449,0.635553777217865,3.663708412204869e-05,0.4803772568702698,0.6463435888290405,-0.00695934658870101,0.45863011479377747,0.6678836345672607,-0.018411071971058846,0.477294921875,0.6129018068313599,-0.024715280160307884,0.42095947265625,0.5809820890426636,-0.03724784776568413,0.3908257782459259,0.5636588335037231,-0.047870732843875885,0.36327651143074036,0.5466582179069519,-0.05743475258350372,0.48322853446006775,0.6353888511657715,-0.033688999712467194,0.4267772138118744,0.684216320514679,-0.04698373004794121,0.41415736079216003,0.7363465428352356,-0.05293877795338631,0.4129423499107361,0.7675499320030212,-0.059617310762405396,0.4924236536026001,0.6690748333930969,-0.04039042070508003,0.4379099905490875,0.7170633673667908,-0.05186974257230759,0.42396220564842224,0.7621350288391113,-0.05340631678700447,0.4232451915740967,0.7862027287483215,-0.056258879601955414,0.5036890506744385,0.700859785079956,-0.04600744694471359,0.4605022966861725,0.7423146367073059,-0.05595682933926582,0.44742366671562195,0.7716469764709473,-0.0544159859418869,0.44487833976745605,0.7877830862998962,-0.052836354821920395
31,right,0.3109082579612732,0.8042324185371399,2.8876152668999566e-07,0.3343086838722229,0.7162027955055237,-0.0035396667663007975,0.3295535445213318,0.656017005443573,-0.015840601176023483,0.3307482600212097,0.6129259467124939,-0.03184466436505318,0.33798205852508545,0.571778416633606,-0.04721223935484886,0.23761475086212158,0.6480928063392639,-0.02424604259431362,0.21528226137161255,0.5752087235450745,-0.04454169049859047,0.19643616676330566,0.5283492803573608,-0.05885520577430725,0.18025514483451843,0.4907255172729492,-0.07061310112476349,0.22995290160179138,0.6727028489112854,-0.03694096952676773,0.2731865644454956,0.5910857915878296,-0.06866538524627686,0.31610652804374695,0.5679287910461426,-0.08102989941835403,0.3458787798881531,0.5594391822814941,-0.08586044609546661,0.24339041113853455,0.694198489189148,-0.04919091984629631,0.28529974818229675,0.6122279763221741,-0.07582350820302963,0.32507210969924927,0.5862610340118408,-0.07632306963205338,0.3522627055644989,0.5744565725326538,-0.07318203896284103,0.26741358637809753,0.7080538868904114,-0.06225645914673805,0.3025992512702942,0.6431787014007568,-0.08030014485120773,0.32982924580574036,0.6161861419677734,-0.0794697031378746,0.3502310514450073,0.5978378653526306,-0.07617529481649399
31,left,0.6097171902656555,0.6824589967727661,-2.766684437105482e-09,0.576171338558197,0.6388782858848572,0.001422290108166635,0.5289974808692932,0.6193356513977051,-0.006210081744939089,0.48823991417884827,0.6235857009887695,-0.014528797008097172,0.4593154191970825,0.643213152885437,-0.024813372641801834,0.5122054815292358,0.5926634669303894,-0.034472379833459854,0.4484560787677765,0.5622458457946777,-0.05540327727794647,0.4141292870044708,0.538208544254303,-0.06589076668024063,0.3874180316925049,0.5169024467468262,-0.07147732377052307,0.5184026956558228,0.6139931678771973,-0.04277587682008743,0.4432277977466583,0.6510944962501526,-0.06463398039340973,0.4248930811882019,0.7003506422042847,-0.06915216892957687,0.42157039046287537,0.7334690690040588,-0.0703735277056694,0.5250152945518494,0.6489512920379639,-0.049368198961019516,0.4516967833042145,0.6794841885566711,-0.06755968183279037,0.4340083599090576,0.7196678519248962,-0.06669226288795471,0.4317547380924225,0.7472496628761292,-0.0633029043674469,0.5317342281341553,0.6882351636886597,-0.054864637553691864,0.47493019700050354,0.7065558433532715,-0.06796901673078537,0.4563882648944855,0.7290323376655579,-0.0676814466714859,0.4496285617351532,0.748643159866333,-0.06485237181186676
32,right,0.31304171681404114,0.8032206892967224,2.915254810886836e-07,0.33817246556282043,0.7141984105110168,-0.004487628582865,0.3346680700778961,0.6552689671516418,-0.01812542788684368,0.3360089957714081,0.6112821698188782,-0.03558511286973953,0.3430533707141876,0.5701751112937927,-0.05237671360373497,0.24022111296653748,0.6469687819480896,-0.025062203407287598,0.21847836673259735,0.5744235515594482,-0.047437459230422974,0.19806793332099915,0.526460587978363,-0.06321953982114792,0.1804734170436859,0.4889275133609772,-0.07562436163425446,0.23219230771064758,0.6716591715812683,-0.03778970614075661,0.27538132667541504,0.5894126296043396,-0.07129917293787003,0.31980782747268677,0.5661001205444336,-0.08411816507577896,0.3509553074836731,0.5581409335136414,-0.08866745233535767,0.24511101841926575,0.692598819732666,-0.05028465762734413,0.2868582308292389,0.6101163625717163,-0.07838816195726395,0.3283359706401825,0.5828409194946289,-0.07916930317878723,0.3577508330345154,0.5697354078292847,-0.07563871890306473,0.26891130208969116,0.7056592702865601,-0.06367427855730057,0.3049430847167969,0.6417860984802246,-0.08204619586467743,0.33396923542022705,0.6169289350509644,-0.08090095221996307,0.35668909549713135,0.6001917719841003,-0.07711061090230942
32,left,0.6111125946044922,0.6969059705734253,1.83741306614138e-08,0.5693610310554504,0.6554539799690247,0.005384267307817936,0.5201495885848999,0.6393436789512634,-0.0002693463466130197,0.48105719685554504,0.6528487205505371,-0.008326929062604904,0.4539119601249695,0.6820111870765686,-0.019244415685534477,0.49752047657966614,0.6158283948898315,-0.024182019755244255,0.4373636841773987,0.5875562429428101,-0.041752200573682785,0.4019213020801544,0.5640152096748352,-0.05117872729897499,0.3727704882621765,0.5456324219703674,-0.057339560240507126,0.5042774677276611,0.6376444697380066,-0.03399239107966423,0.43476054072380066,0.6881926655769348,-0.055411115288734436,0.4197281301021576,0.7376188635826111,-0.060872361063957214,0.4184684157371521,0.7703086733818054,-0.06291793286800385,0.5132886171340942,0.672846257686615,-0.04204225540161133,0.44599929451942444,0.7220504283905029,-0.06025730073451996,0.43262550234794617,0.7621959447860718,-0.06086813285946846,0.43396803736686707,0.7884069085121155,-0.05856160819530487,0.5221482515335083,0.7114114165306091,-0.04867283254861832,0.469564825296402,0.7451438903808594,-0.06118582561612129,0.4543927311897278,0.7712478637695312,-0.06128343194723129,0.4497765898704529,0.7911621928215027,-0.058664072304964066
33,right,0.3114796578884125,0.8041216731071472,2.985797777910193e-07,0.3345332145690918,0.7159280776977539,-0.004520350601524115,0.3297460377216339,0.655590832233429,-0.017197012901306152,0.32922691106796265,0.6133092045783997,-0.03343774750828743,0.3342587947845459,0.5723327994346619,-0.04898885637521744,0.2375335395336151,0.6495704054832458,-0.025081953033804893,0.2147364318370819,0.5766870975494385,-0.04588521644473076,0.1958799660205841,0.5295003056526184,-0.060498446226119995,0.17991843819618225,0.4914088249206543,-0.0723838061094284,0.22974655032157898,0.6741336584091187,-0.03758782893419266,0.2725152373313904,0.5921428203582764,-0.07010658830404282,0.31583887338638306,0.5685725212097168,-0.0829048752784729,0.3461320698261261,0.5598970651626587,-0.08781983703374863,0.24300125241279602,0.695336103439331,-0.04974263533949852,0.28496432304382324,0.6131181120872498,-0.07697740197181702,0.3250914216041565,0.5867279171943665,-0.07771898806095123,0.352530837059021,0.5745567083358765,-0.07459739595651627,0.2668709456920624,0.7089406251907349,-0.06281621009111404,0.30177754163742065,0.6440214514732361,-0.0814327821135521,0.329378604888916,0.6169834136962891,-0.08085038512945175,0.35024359822273254,0.5986707210540771,-0.0775880292057991
33,left,0.6197541356086731,0.6926232576370239,8.407323726089544e-09,0.5761521458625793,0.6513978242874146,0.0021567947696894407,0.5263334512710571,0.6330605149269104,-0.00403103232383728,0.4828138053417206,0.6356523036956787,-0.011776297353208065,0.44986265897750854,0.6488049030303955,-0.02114075981080532,0.5081226229667664,0.6010091304779053,-0.023742906749248505,0.44709816575050354,0.5685402154922485,-0.041868582367897034,0.4136507511138916,0.5430659651756287,-0.05154365673661232,0.3866245448589325,0.5216166973114014,-0.057320185005664825,0.515421450138092,0.6196998357772827,-0.03217361122369766,0.44666483998298645,0.6620855927467346,-0.053335703909397125,0.4265889525413513,0.7107684016227722,-0.05956391990184784,0.42037323117256165,0.7442494630813599,-0.06268831342458725,0.5232614874839783,0.6536192893981934,-0.03958164528012276,0.45242592692375183,0.6876379251480103,-0.05810187757015228,0.434379905462265,0.7284342646598816,-0.05883387476205826,0.43164879083633423,0.759157121181488,-0.05689297989010811,0.5313276648521423,0.693230390548706,-0.0459851510822773,0.47632113099098206,0.7129001021385193,-0.05906831473112106,0.45872586965560913,0.735191822052002,-0.05959982052445412,0.4518750011920929,0.7572736740112305,-0.0575718954205513
34,right,0.3119048476219177,0.8046876192092896,2.939981413874193e-07,0.3367891013622284,0.7140607237815857,-0.00393948657438159,0.3330151438713074,0.6545540690422058,-0.017398521304130554,0.3341803252696991,0.6109237670898438,-0.034846507012844086,0.3403055965900421,0.569788932800293,-0.051726438105106354,0.23943600058555603,0.6472306847572327,-0.024842988699674606,0.21705885231494904,0.5750730037689209,-0.047091711312532425,0.19633066654205322,0.527462899684906,-0.06261970847845078,0.17848849296569824,0.4899454414844513,-0.07493050396442413,0.2307303100824356,0.6721054315567017,-0.0380498468875885,0.27458369731903076,0.5899369716644287,-0.07182059437036514,0.31971275806427,0.5666303038597107,-0.08459588140249252,0.3511991500854492,0.5584074258804321,-0.0890393853187561,0.24307554960250854,0.6933677792549133,-0.05096917971968651,0.28590142726898193,0.61073237657547,-0.07956402003765106,0.3276321291923523,0.5829612016677856,-0.08037864416837692,0.35685110092163086,0.5688835382461548,-0.07682376354932785,0.26660725474357605,0.7067673206329346,-0.0647134855389595,0.3033980429172516,0.6426685452461243,-0.08376140147447586,0.33320939540863037,0.6172849535942078,-0.08271051198244095,0.35645246505737305,0.599897563457489,-0.0788552537560463
34,left,0.6048619151115417,0.6787410974502563,9.13203379582228e-09,0.5634607672691345,0.6444852948188782,-0.0014372501755133271,0.5156227946281433,0.6309476494789124,-0.010557916015386581,0.47384291887283325,0.6475905179977417,-0.02025200054049492,0.4445742964744568,0.6759790778160095,-0.032644614577293396,0.4920918643474579,0.6027017831802368,-0.03513812646269798,0.42692065238952637,0.5692517161369324,-0.05130074545741081,0.3960811495780945,0.5479030013084412,-0.05907361954450607,0.3688255250453949,0.5253158211708069,-0.06427955627441406,0.5013293027877808,0.6193180084228516,-0.04098256304860115,0.4305478036403656,0.6544471383094788,-0.056471940129995346,0.4051187336444855,0.6817126274108887,-0.06132710352540016,0.3911172151565552,0.6959880590438843,-0.06595390290021896,0.5104446411132812,0.6516655087471008,-0.0448177270591259,0.44222280383110046,0.7079338431358337,-0.06128062680363655,0.42528557777404785,0.7494663000106812,-0.06455648690462112,0.4240269958972931,0.774574339389801,-0.06566929072141647,0.5183637738227844,0.6922110915184021,-0.04759437218308449,0.4684819281101227,0.7308114767074585,-0.06023519113659859,0.4543341100215912,0.7551698684692383,-0.06139102578163147,0.4504563808441162,0.7713326215744019,-0.06039799749851227
35,right,0.30883705615997314,0.8058820366859436,2.9374317023211916e-07,0.33322039246559143,0.718940258026123,-0.005024421028792858,0.3287852108478546,0.6573774218559265,-0.01811232790350914,0.32909199595451355,0.6140633225440979,-0.03462565317749977,0.3354502320289612,0.572294294834137,-0.05053054541349411,0.23626790940761566,0.6497488617897034,-0.026049716398119926,0.21241748332977295,0.5769057273864746,-0.04669717326760292,0.1937013864517212,0.5295714735984802,-0.061065129935741425,0.17811709642410278,0.4913769066333771,-0.07270996272563934,0.22804448008537292,0.6744507551193237,-0.03819931671023369,0.27103391289711,0.591493546962738,-0.0709991455078125,0.3155343234539032,0.5689368844032288,-0.08364764600992203,0.3465767502784729,0.5617454051971436,-0.0881742388010025,0.24100494384765625,0.6958844661712646,-0.049914631992578506,0.28336384892463684,0.6129328012466431,-0.07728856801986694,0.32415449619293213,0.587590754032135,-0.07768727093935013,0.3517686426639557,0.5768553018569946,-0.07409736514091492,0.26453661918640137,0.7098056674003601,-0.06252483278512955,0.29959481954574585,0.644021213054657,-0.08119463920593262,0.32720598578453064,0.616026759147644,-0.08041203767061234,0.3475586771965027,0.5970714092254639,-0.07687518000602722
35,left,0.6151673793792725,0.7067182064056396,2.1893606927392284e-09,0.5732966065406799,0.6671538352966309,0.002796655287966132,0.5234304070472717,0.6511767506599426,-0.003405764466151595,0.4815230965614319,0.6638092398643494,-0.011287753470242023,0.451643705368042,0.6899582147598267,-0.020731104537844658,0.49969482421875,0.6179059147834778,-0.02304629236459732,0.4380761981010437,0.5827556848526001,-0.041539266705513,0.4035239517688751,0.555740475654602,-0.05159305781126022,0.375790536403656,0.5331462025642395,-0.057424042373895645,0.5068010687828064,0.6361356377601624,-0.030561473220586777,0.4383332133293152,0.683574914932251,-0.05213862657546997,0.4207051396369934,0.7335249185562134,-0.058659628033638,0.4164503812789917,0.7664404511451721,-0.061341576278209686,0.5143977403640747,0.6679465174674988,-0.036743149161338806,0.4467482566833496,0.7123613357543945,-0.05468565225601196,0.4328809380531311,0.7540491819381714,-0.055337853729724884,0.43234363198280334,0.7808784246444702,-0.05294359475374222,0.5217736959457397,0.7050285339355469,-0.04186476022005081,0.47042185068130493,0.7351105809211731,-0.053429435938596725,0.4550586938858032,0.7607406973838806,-0.05349167808890343,0.4493103325366974,0.7807401418685913,-0.050800807774066925
36,right,0.3086426258087158,0.809057354927063,2.7954448000855336e-07,0.33216631412506104,0.7188217639923096,-0.003346479032188654,0.3284764289855957,0.6589632630348206,-0.016137689352035522,0.3303619623184204,0.6153366565704346,-0.032772138714790344,0.33728083968162537,0.5739133954048157,-0.0487968847155571,0.23529896140098572,0.6506891846656799,-0.024842536076903343,0.21294736862182617,0.5788527727127075,-0.04636850580573082,0.1928659975528717,0.5319012403488159,-0.06145979464054108,0.1757945418357849,0.4945785105228424,-0.07354160398244858,0.22787347435951233,0.6758849024772644,-0.03776248171925545,0.2718145251274109,0.5946483612060547,-0.0701124295592308,0.3154390752315521,0.5715519785881042,-0.08269092440605164,0.3457467257976532,0.5631738901138306,-0.08763077110052109,0.2408958524465561,0.6977230310440063,-0.0502752922475338,0.2832108438014984,0.6169105768203735,-0.07754864543676376,0.3238266110420227,0.5904765129089355,-0.07836917787790298,0.35253292322158813,0.5781027674674988,-0.07526431232690811,0.2646874785423279,0.711767852306366,-0.06354665756225586,0.2991673946380615,0.648300290107727,-0.08160324394702911,0.32735762000083923,0.6232214570045471,-0.08063620328903198,0.3495786786079407,0.6062145233154297,-0.07714289426803589
36,left,0.6071709394454956,0.679450511932373,-1.2725296016924403e-07,0.5700064897537231,0.6389411091804504,0.00016266577586065978,0.5233514308929443,0.6210996508598328,-0.006983869709074497,0.4815755784511566,0.6332021951675415,-0.015084823593497276,0.4528386890888214,0.656519889831543,-0.02613317221403122,0.49931392073631287,0.598943829536438,-0.031045429408550262,0.4366142451763153,0.5634666085243225,-0.0478646419942379,0.4073635935783386,0.5391561388969421,-0.05702624469995499,0.3834439218044281,0.5168008804321289,-0.06318528950214386,0.5109400749206543,0.6182276606559753,-0.03793635219335556,0.44004136323928833,0.6683302521705627,-0.0577859953045845,0.42410600185394287,0.716895341873169,-0.06281721591949463,0.4218922555446625,0.7468764781951904,-0.06566079705953598,0.5208951234817505,0.6528337001800537,-0.04313412681221962,0.45014798641204834,0.6957047581672668,-0.062159840017557144,0.4316282868385315,0.7361727952957153,-0.0632142648100853,0.428318589925766,0.7621171474456787,-0.061570942401885986,0.5290249586105347,0.6924582123756409,-0.04706892371177673,0.4733635187149048,0.7227818965911865,-0.06167667731642723,0.45682594180107117,0.7467784285545349,-0.061560019850730896,0.45159056782722473,0.7645782232284546,-0.058464787900447845
