0.7567792534828186,0.8474305272102356,-0.3063585162162781,0.35423585772514343,0.8415684103965759,-0.319152295589447
0.7567759156227112,0.8469951748847961,-0.311492383480072,0.3538367748260498,0.8424966335296631,-0.3095037341117859
0.7566225528717041,0.8462697267532349,-0.3040371835231781,0.35378819704055786,0.8426278233528137,-0.303300142288208
0.7566828727722168,0.8460952639579773,-0.31344184279441833,0.35391873121261597,0.8427410125732422,-0.3063035309314728
0.7565640211105347,0.8454951643943787,-0.3079783022403717,0.3538675606250763,0.8427407145500183,-0.3040063977241516
0.756757915019989,0.8456529378890991,-0.31523942947387695,0.35390740633010864,0.842820942401886,-0.3058951497077942
0.756740391254425,0.8456403017044067,-0.28203755617141724,0.35395896434783936,0.8428410887718201,-0.2608078420162201
0.7565451264381409,0.8452610373497009,-0.28668883442878723,0.35402151942253113,0.8428688049316406,-0.2767046391963959
0.7565399408340454,0.8444246053695679,-0.2932156026363373,0.3542468845844269,0.8429949879646301,-0.2803284525871277
0.7565786838531494,0.8444334268569946,-0.29545027017593384,0.3543581962585449,0.8429313898086548,-0.2826897203922272
0.7565814852714539,0.8442487120628357,-0.28194087743759155,0.354375422000885,0.8427693247795105,-0.27742886543273926
0.7565906047821045,0.8440539240837097,-0.3154308497905731,0.35447412729263306,0.8421684503555298,-0.33579152822494507
0.7563081979751587,0.841317355632782,-0.32155904173851013,0.35451045632362366,0.8425875902175903,-0.3341580927371979
0.7563156485557556,0.840553343296051,-0.306013286113739,0.355646550655365,0.8426228165626526,-0.3941953778266907
0.7565175294876099,0.8397065997123718,-0.3597819209098816,0.35750067234039307,0.8425856232643127,-0.5078456997871399
0.7562162280082703,0.8343467116355896,-0.35139402747154236,0.3594580590724945,0.8424623012542725,-0.5334540605545044
0.7572444081306458,0.8343197107315063,-0.29619526863098145,0.36189204454421997,0.8423174023628235,-0.48175176978111267
0.7573872804641724,0.8330454230308533,-0.1929139494895935,0.36271506547927856,0.8421518206596375,-0.3884662985801697
0.7571152448654175,0.83248370885849,-0.21727725863456726,0.36384281516075134,0.8420764207839966,-0.46407550573349
0.7567329406738281,0.8310007452964783,-0.2413862943649292,0.36251839995384216,0.8419395089149475,-0.4546143412590027
0.7566162943840027,0.8332685232162476,-0.24583911895751953,0.35989516973495483,0.8417989015579224,-0.3518543541431427
0.7562326192855835,0.835955798625946,-0.25007757544517517,0.3586943447589874,0.8416997194290161,-0.32791996002197266
0.7566714286804199,0.8418397903442383,-0.2539244294166565,0.35778194665908813,0.8417575359344482,-0.269101083278656
0.7566508054733276,0.8435624241828918,-0.2526770234107971,0.3573146164417267,0.841565728187561,-0.2811902165412903
0.7564341425895691,0.84405916929245,-0.22611355781555176,0.3572322428226471,0.8412944674491882,-0.25043269991874695
0.7560617327690125,0.8439998626708984,-0.19165906310081482,0.35697728395462036,0.8410478234291077,-0.20365440845489502
0.7559522390365601,0.8439592123031616,-0.19390873610973358,0.35690486431121826,0.8410339951515198,-0.2345578670501709
0.7559329271316528,0.8446862697601318,-0.2006986439228058,0.3568466305732727,0.8408592939376831,-0.2231656014919281
0.7559360265731812,0.8446980118751526,-0.18096789717674255,0.35680508613586426,0.84074467420578,-0.21660582721233368
0.7559082508087158,0.8446750640869141,-0.18916262686252594,0.35692718625068665,0.8397436141967773,-0.21188578009605408
0.7560228705406189,0.8446952700614929,-0.19463638961315155,0.35724344849586487,0.8387201428413391,-0.2146228551864624
0.7560731172561646,0.8446682691574097,-0.19722643494606018,0.35736653208732605,0.8385295867919922,-0.21314474940299988
0.755571722984314,0.8443402647972107,-0.19800420105457306,0.3573071360588074,0.8375880122184753,-0.2160371094942093
0.7556182742118835,0.844322144985199,-0.1992778480052948,0.35760602355003357,0.8373997211456299,-0.18946528434753418
0.7555221319198608,0.8443257212638855,-0.19984056055545807,0.3574501574039459,0.8371660113334656,-0.18524004518985748
0.7555443644523621,0.8442533016204834,-0.21818681061267853,0.35770872235298157,0.8361095786094666,-0.18342533707618713
