0.5138043165206909,0.6530202031135559,-0.09260977804660797,0.24658668041229248,0.6227016448974609,-0.1628360003232956
0.5158974528312683,0.6526926159858704,-0.09934782981872559,0.24614770710468292,0.621850311756134,-0.153403639793396
0.5185803174972534,0.6535027027130127,-0.13738268613815308,0.24581527709960938,0.6234903931617737,-0.13753589987754822
0.519753098487854,0.6553307771682739,-0.12460783869028091,0.2436259537935257,0.6245630383491516,-0.16187459230422974
0.5194872617721558,0.6549531817436218,-0.0886588841676712,0.24193844199180603,0.6238935589790344,-0.1863367259502411
0.5192214250564575,0.6546598672866821,-0.06414546072483063,0.2417941391468048,0.6236134171485901,-0.1940624862909317
0.5181938409805298,0.6533779501914978,0.007097558118402958,0.24202385544776917,0.6212294697761536,-0.18960826098918915
0.516905665397644,0.653323233127594,-0.011997574009001255,0.24205541610717773,0.6210974454879761,-0.19315771758556366
0.5157862901687622,0.6530249118804932,-0.011526706628501415,0.2420036494731903,0.6210159063339233,-0.1961250603199005
0.5144056081771851,0.6526011228561401,0.0021296085324138403,0.24194064736366272,0.6206931471824646,-0.1940627545118332
0.5125060081481934,0.6522019505500793,0.04187625274062157,0.24189329147338867,0.6205756664276123,-0.15855103731155396
0.5122628211975098,0.6520655155181885,0.05084817856550217,0.24175162613391876,0.620491087436676,-0.14892639219760895
0.5115998983383179,0.6514447927474976,0.03202010691165924,0.2417331039905548,0.6199759244918823,-0.12474849075078964
0.5115060210227966,0.6503604054450989,0.007849615067243576,0.24111387133598328,0.6198845505714417,-0.12811510264873505
0.5114154815673828,0.648845911026001,-0.061550457030534744,0.24088844656944275,0.6196468472480774,-0.1305501013994217
0.5113924145698547,0.6488156914710999,-0.05269845575094223,0.24064907431602478,0.619437575340271,-0.1339353621006012
0.5113667249679565,0.6487845182418823,-0.04716929420828819,0.2404603660106659,0.6195902228355408,-0.16490823030471802
0.5112441778182983,0.6485520005226135,-0.050318341702222824,0.24027971923351288,0.6192141175270081,-0.16649769246578217
0.5112079381942749,0.6481872200965881,-0.047739092260599136,0.2402096688747406,0.6187433004379272,-0.18230292201042175
0.5110796689987183,0.6481746435165405,-0.04551800340414047,0.23993226885795593,0.6185528039932251,-0.19149932265281677
0.5108529329299927,0.6482315063476562,-0.05419554188847542,0.239857479929924,0.6184543371200562,-0.18950167298316956
0.5098789930343628,0.6486348509788513,-0.05183476209640503,0.23961715400218964,0.6185777187347412,-0.19331495463848114
0.509352445602417,0.6487019062042236,-0.04773993045091629,0.23957514762878418,0.6185666918754578,-0.18741902709007263
0.5092021226882935,0.6487733721733093,-0.050616879016160965,0.23955826461315155,0.6185490489006042,-0.1861647665500641
0.5091685056686401,0.649105429649353,-0.07383949309587479,0.2394738495349884,0.618804931640625,-0.18543125689029694
0.5084818005561829,0.6490861773490906,-0.06889303028583527,0.2394499033689499,0.6187857985496521,-0.18130916357040405
0.5084640383720398,0.6500461101531982,-0.07062621414661407,0.23942390084266663,0.6192955374717712,-0.17882956564426422
0.508490800857544,0.6510067582130432,-0.06010976433753967,0.23931637406349182,0.6196151375770569,-0.17872250080108643
0.5087816119194031,0.651716947555542,-0.07525791972875595,0.23929591476917267,0.6203403472900391,-0.1784798800945282
0.5090490579605103,0.6527228951454163,-0.07264773547649384,0.23922446370124817,0.6207473278045654,-0.17984846234321594
0.5091626048088074,0.6531857252120972,-0.0868908017873764,0.23916347324848175,0.6209169030189514,-0.18118062615394592
0.5095428824424744,0.6532042026519775,-0.10162985324859619,0.2391233891248703,0.6208621859550476,-0.17673446238040924
0.5095504522323608,0.6532592177391052,-0.10886665433645248,0.23867741227149963,0.621315598487854,-0.17809483408927917
0.5094932317733765,0.6530141830444336,-0.09398939460515976,0.23865893483161926,0.6206949353218079,-0.18629391491413116
0.5094210505485535,0.6534078121185303,-0.08923804014921188,0.23840253055095673,0.621695876121521,-0.18050745129585266
0.5093905329704285,0.6532748937606812,-0.09299388527870178,0.23830442130565643,0.6216481328010559,-0.1754319965839386
