0.5162888765335083,0.6600990891456604,-0.030248161405324936,0.222654789686203,0.6317328214645386,-0.21464896202087402
0.5164494514465332,0.6600316166877747,-0.02826177515089512,0.22071640193462372,0.6321592926979065,-0.21573574841022491
0.5164531469345093,0.6597774028778076,-0.03319700434803963,0.22021131217479706,0.6325802206993103,-0.21472744643688202
0.5164386630058289,0.6593258380889893,-0.031941626220941544,0.21962697803974152,0.6319770216941833,-0.21375581622123718
0.5163074731826782,0.6585444808006287,-0.04328795149922371,0.21908533573150635,0.6320102214813232,-0.20168980956077576
0.5159293413162231,0.657917320728302,-0.04435014724731445,0.21908394992351532,0.6318581104278564,-0.19584697484970093
0.5158491134643555,0.6577309966087341,-0.06145768612623215,0.2189665287733078,0.6318363547325134,-0.17742231488227844
0.5155333280563354,0.657229483127594,-0.08704693615436554,0.21983084082603455,0.6318984627723694,-0.16243264079093933
0.5155127644538879,0.657076895236969,-0.08596105873584747,0.21937847137451172,0.6318483352661133,-0.16498054563999176
0.5150963664054871,0.6564463376998901,-0.08242898434400558,0.21952179074287415,0.6318357586860657,-0.1644885540008545
0.514701783657074,0.6558208465576172,-0.08155732601881027,0.21976923942565918,0.6314401626586914,-0.16054770350456238
0.5147592425346375,0.6552678942680359,-0.09663556516170502,0.22141441702842712,0.6318161487579346,-0.15422606468200684
0.5147520303726196,0.6551992297172546,-0.09401911497116089,0.22272570431232452,0.6324296593666077,-0.15190964937210083
0.5145297646522522,0.6551492214202881,-0.09313464164733887,0.22285735607147217,0.6325522661209106,-0.15024879574775696
0.5145238637924194,0.6551207900047302,-0.10034730285406113,0.22294721007347107,0.6328575611114502,-0.15265795588493347
0.5145168900489807,0.6550966501235962,-0.09803398698568344,0.22342267632484436,0.6329619288444519,-0.14105324447155
0.5145105719566345,0.6548085808753967,-0.08118488639593124,0.2242322415113449,0.6336033344268799,-0.12142939865589142
0.5143402218818665,0.6547749638557434,-0.07150154560804367,0.22430510818958282,0.6340003609657288,-0.12834495306015015
0.5143322944641113,0.6545618176460266,-0.088253915309906,0.22426506876945496,0.6344459652900696,-0.1370629370212555
0.5143206715583801,0.6543076038360596,-0.09449233114719391,0.22424867749214172,0.6347550749778748,-0.14234474301338196
0.5145315527915955,0.6548041701316833,-0.07937251776456833,0.22524523735046387,0.6359970569610596,-0.13480880856513977
0.5147992372512817,0.6552616953849792,-0.0998532772064209,0.22524400055408478,0.635048508644104,-0.15387004613876343
0.514877200126648,0.6552503108978271,-0.10159994661808014,0.22537603974342346,0.6332468390464783,-0.17263711988925934
0.5148996114730835,0.6553226113319397,-0.10837429761886597,0.22481060028076172,0.6327980756759644,-0.1837768256664276
0.5148987174034119,0.6553167104721069,-0.11824127286672592,0.2248164713382721,0.6317315697669983,-0.18098582327365875
0.5149770975112915,0.6553113460540771,-0.1279379278421402,0.22600014507770538,0.6316875219345093,-0.16211998462677002
0.5156152248382568,0.6553058624267578,-0.12493252754211426,0.2271401435136795,0.6352428793907166,-0.16017183661460876
0.5161280035972595,0.6553017497062683,-0.09644511342048645,0.22930681705474854,0.6417179703712463,-0.12762829661369324
0.5165582895278931,0.6554663181304932,-0.061204127967357635,0.2292870581150055,0.6469250321388245,-0.132258802652359
0.5167540907859802,0.6561372876167297,-0.05543564632534981,0.22798748314380646,0.648452639579773,-0.1470719873905182
0.5166575908660889,0.656862199306488,-0.055202461779117584,0.22559747099876404,0.6492334604263306,-0.16901615262031555
0.5165871381759644,0.6568766236305237,-0.05207075923681259,0.22485825419425964,0.6492626070976257,-0.1741921454668045
0.516791045665741,0.6572722792625427,-0.04878761246800423,0.2245403230190277,0.6498879790306091,-0.1730370968580246
0.516818642616272,0.6575897336006165,-0.040299490094184875,0.2243727147579193,0.6500990986824036,-0.16727663576602936
0.5168226957321167,0.6581127643585205,-0.060531336814165115,0.22293448448181152,0.6505200266838074,-0.17293255031108856
0.5168744921684265,0.6585025787353516,-0.07082276046276093,0.22289296984672546,0.6510926485061646,-0.17275013029575348
