0.7444406151771545,0.7964217662811279,-0.09723160415887833,0.3752472996711731,0.709861695766449,-0.17087559401988983
0.7444500923156738,0.7946140170097351,-0.10234300792217255,0.375292032957077,0.7098846435546875,-0.146020770072937
0.7432519197463989,0.7937864661216736,-0.08798794448375702,0.374826043844223,0.7098039388656616,-0.1438959538936615
0.7420891523361206,0.7927964329719543,-0.052996981889009476,0.3740343451499939,0.70956951379776,-0.13922588527202606
0.7418240308761597,0.7928043603897095,-0.04997498542070389,0.3734356760978699,0.7088540196418762,-0.14412584900856018
0.7416595816612244,0.7928059697151184,-0.0565432608127594,0.37216100096702576,0.709036648273468,-0.14482197165489197
0.7416666746139526,0.7929592728614807,-0.04777143895626068,0.37194758653640747,0.7087610960006714,-0.14889663457870483
0.742156982421875,0.7928598523139954,-0.049266546964645386,0.3720836043357849,0.7099034190177917,-0.14040586352348328
0.7421923875808716,0.7941617369651794,-0.055172037333250046,0.3721354007720947,0.7098698019981384,-0.1406998336315155
0.7438885569572449,0.795831561088562,-0.08280888199806213,0.3728654086589813,0.7102334499359131,-0.15974879264831543
0.7445870637893677,0.7958306670188904,-0.08765178173780441,0.37314221262931824,0.7113100290298462,-0.16094711422920227
0.7450721263885498,0.7960755825042725,-0.09448505938053131,0.3735138177871704,0.711601972579956,-0.16979070007801056
0.7459229230880737,0.7969748377799988,-0.11323226988315582,0.37370550632476807,0.7121679186820984,-0.19489793479442596
0.7462338209152222,0.7975572943687439,-0.10980395972728729,0.37395262718200684,0.7123939394950867,-0.18850481510162354
0.747074544429779,0.7984939217567444,-0.12020126730203629,0.37416592240333557,0.7130230665206909,-0.18790790438652039
0.7472932934761047,0.7993665933609009,-0.11929591000080109,0.37418219447135925,0.7131696939468384,-0.19351647794246674
0.7477927803993225,0.8001241087913513,-0.11946330964565277,0.37419864535331726,0.7136257290840149,-0.19366422295570374
0.7477983236312866,0.8001669645309448,-0.11315089464187622,0.37416931986808777,0.7145208120346069,-0.1922924667596817
0.7478132843971252,0.8001738786697388,-0.11849923431873322,0.3741863965988159,0.716652512550354,-0.1859549880027771
0.7478195428848267,0.8002058863639832,-0.11626885831356049,0.37419527769088745,0.7167623043060303,-0.1856369823217392
0.7478437423706055,0.8016231060028076,-0.09829703718423843,0.3741036057472229,0.718544065952301,-0.14687460660934448
0.7479433417320251,0.8019608855247498,-0.09631818532943726,0.37387678027153015,0.7191383838653564,-0.14996111392974854
0.7477074265480042,0.8020272850990295,-0.0964614748954773,0.37340712547302246,0.7192448973655701,-0.1439061313867569
0.7475940585136414,0.8020772933959961,-0.09582479298114777,0.3733563721179962,0.7193018794059753,-0.14630284905433655
0.7475908994674683,0.8032545447349548,-0.10090627521276474,0.37321391701698303,0.7191166281700134,-0.17588414251804352
0.7472524642944336,0.8033508658409119,-0.10970070213079453,0.37301427125930786,0.7190501689910889,-0.1751837283372879
0.7472012042999268,0.8033684492111206,-0.10919543355703354,0.37323474884033203,0.7189967036247253,-0.15728294849395752
0.7471920251846313,0.8053596615791321,-0.10896959155797958,0.37310096621513367,0.7197102904319763,-0.15765321254730225
0.7470695376396179,0.805630624294281,-0.1089128628373146,0.372734934091568,0.7201458215713501,-0.16664914786815643
0.7470661997795105,0.808624804019928,-0.1125873550772667,0.3723062574863434,0.72170090675354,-0.17247740924358368
0.7470771074295044,0.8091367483139038,-0.1203688234090805,0.372088760137558,0.7217020392417908,-0.1867271512746811
0.7470550537109375,0.8107050061225891,-0.11959555000066757,0.3720105290412903,0.7213941812515259,-0.19350488483905792
0.7470839023590088,0.8132942318916321,-0.12076084315776825,0.3718677759170532,0.7214335799217224,-0.1915617436170578
0.7470841407775879,0.8137262463569641,-0.13361650705337524,0.3717135787010193,0.721603274345398,-0.19316832721233368
0.7470978498458862,0.81651371717453,-0.1320994794368744,0.37104395031929016,0.721733033657074,-0.20524513721466064
0.7477396726608276,0.8189336657524109,-0.15981777012348175,0.3710327446460724,0.7219826579093933,-0.2283988744020462
