1,right,0,0,0,0,0,0,0,0,0,0,0,0,0,0,0,0,0,0,0,0,0,0,0,0,0,0,0,0,0,0,0,0,0,0,0,0,0,0,0,0,0,0,0,0,0,0,0,0,0,0,0,0,0,0,0,0,0,0,0,0,0,0,0
1,left,0,0,0,0,0,0,0,0,0,0,0,0,0,0,0,0,0,0,0,0,0,0,0,0,0,0,0,0,0,0,0,0,0,0,0,0,0,0,0,0,0,0,0,0,0,0,0,0,0,0,0,0,0,0,0,0,0,0,0,0,0,0,0
2,right,0,0,0,0,0,0,0,0,0,0,0,0,0,0,0,0,0,0,0,0,0,0,0,0,0,0,0,0,0,0,0,0,0,0,0,0,0,0,0,0,0,0,0,0,0,0,0,0,0,0,0,0,0,0,0,0,0,0,0,0,0,0,0
2,left,0,0,0,0,0,0,0,0,0,0,0,0,0,0,0,0,0,0,0,0,0,0,0,0,0,0,0,0,0,0,0,0,0,0,0,0,0,0,0,0,0,0,0,0,0,0,0,0,0,0,0,0,0,0,0,0,0,0,0,0,0,0,0
3,right,0,0,0,0,0,0,0,0,0,0,0,0,0,0,0,0,0,0,0,0,0,0,0,0,0,0,0,0,0,0,0,0,0,0,0,0,0,0,0,0,0,0,0,0,0,0,0,0,0,0,0,0,0,0,0,0,0,0,0,0,0,0,0
3,left,0,0,0,0,0,0,0,0,0,0,0,0,0,0,0,0,0,0,0,0,0,0,0,0,0,0,0,0,0,0,0,0,0,0,0,0,0,0,0,0,0,0,0,0,0,0,0,0,0,0,0,0,0,0,0,0,0,0,0,0,0,0,0
4,right,0.33363378047943115,0.8588210940361023,3.588745869365084e-07,0.309354692697525,0.7900716662406921,-0.005823151208460331,0.30877065658569336,0.7112860083580017,-0.019221562892198563,0.3306712508201599,0.6501147747039795,-0.03264662250876427,0.35457661747932434,0.6131474375724792,-0.047172050923109055,0.29576119780540466,0.7102694511413574,-0.04120578244328499,0.3311624526977539,0.6061909794807434,-0.06197914108633995,0.35122761130332947,0.5585241913795471,-0.07065417617559433,0.3631711006164551,0.51955246925354,-0.07466299086809158,0.3228456974029541,0.7402288913726807,-0.05023090913891792,0.36041373014450073,0.6261464357376099,-0.06993167102336884,0.3771738111972809,0.5651271939277649,-0.07688777148723602,0.3851088881492615,0.5183154344558716,-0.08194390684366226,0.3548520803451538,0.7661673426628113,-0.058312855660915375,0.39010629057884216,0.6557124257087708,-0.07469363510608673,0.4034995436668396,0.5938940048217773,-0.08011914789676666,0.40571531653404236,0.547773003578186,-0.08349531888961792,0.3876107335090637,0.7853075265884399,-0.06611622124910355,0.4097577631473541,0.695792019367218,-0.07814457267522812,0.4190952479839325,0.6456263661384583,-0.0806686133146286,0.42126739025115967,0.6058752536773682,-0.08209799975156784
4,left,0,0,0,0,0,0,0,0,0,0,0,0,0,0,0,0,0,0,0,0,0,0,0,0,0,0,0,0,0,0,0,0,0,0,0,0,0,0,0,0,0,0,0,0,0,0,0,0,0,0,0,0,0,0,0,0,0,0,0,0,0,0,0
5,right,0.34032538533210754,0.8188751339912415,2.7253960865891713e-07,0.309437096118927,0.7608906030654907,-0.0044306982308626175,0.30425089597702026,0.6872261762619019,-0.01575511135160923,0.32412153482437134,0.628288984298706,-0.026318272575736046,0.34894463419914246,0.5939953923225403,-0.037154994904994965,0.29553765058517456,0.6837236285209656,-0.04360027238726616,0.32409465312957764,0.5730558633804321,-0.06265300512313843,0.34229910373687744,0.5204715728759766,-0.06878162175416946,0.35397589206695557,0.4801979064941406,-0.07087329030036926,0.3263615667819977,0.6990277767181396,-0.050590720027685165,0.3525853157043457,0.5811198949813843,-0.06761005520820618,0.36720576882362366,0.5204597115516663,-0.07113967835903168,0.3753010928630829,0.47626611590385437,-0.07339585572481155,0.35962334275245667,0.7117601037025452,-0.05611813813447952,0.377409428358078,0.5995316505432129,-0.06890028715133667,0.38841986656188965,0.538967490196228,-0.07187661528587341,0.3933573067188263,0.4944160580635071,-0.07400960475206375,0.3917127549648285,0.7200497984886169,-0.06140793114900589,0.40125977993011475,0.6330379843711853,-0.07074382901191711,0.40733927488327026,0.5850998759269714,-0.0728006437420845,0.411929726600647,0.5451693534851074,-0.0742662250995636
5,left,0,0,0,0,0,0,0,0,0,0,0,0,0,0,0,0,0,0,0,0,0,0,0,0,0,0,0,0,0,0,0,0,0,0,0,0,0,0,0,0,0,0,0,0,0,0,0,0,0,0,0,0,0,0,0,0,0,0,0,0,0,0,0
6,right,0.34559082984924316,0.7994154095649719,4.866890321864048e-07,0.3108743131160736,0.7454714775085449,-0.0005592078086920083,0.3037199378013611,0.6772388219833374,-0.011068833991885185,0.3221169412136078,0.6216135025024414,-0.020781654864549637,0.34495916962623596,0.588128387928009,-0.031690970063209534,0.3019692003726959,0.668762743473053,-0.044701751321554184,0.3245200514793396,0.5613147020339966,-0.06204339489340782,0.33863985538482666,0.5067539811134338,-0.06697051972150803,0.348928838968277,0.46691691875457764,-0.06789369136095047,0.333802193403244,0.6797480583190918,-0.05208578333258629,0.3530813753604889,0.5642569065093994,-0.06757880002260208,0.3641050159931183,0.5020734071731567,-0.07078516483306885,0.3717436194419861,0.4585382342338562,-0.07246771454811096,0.36651912331581116,0.6877278089523315,-0.056910440325737,0.38034290075302124,0.5806633234024048,-0.06725550442934036,0.3885771930217743,0.5204750299453735,-0.07060504704713821,0.3929036557674408,0.4777459502220154,-0.07292421907186508,0.3964959383010864,0.6939793825149536,-0.06084732711315155,0.40494871139526367,0.6106433868408203,-0.06801099330186844,0.40963298082351685,0.5637127161026001,-0.06951145082712173,0.413625031709671,0.5255593061447144,-0.07019231468439102
6,left,0,0,0,0,0,0,0,0,0,0,0,0,0,0,0,0,0,0,0,0,0,0,0,0,0,0,0,0,0,0,0,0,0,0,0,0,0,0,0,0,0,0,0,0,0,0,0,0,0,0,0,0,0,0,0,0,0,0,0,0,0,0,0
7,right,0.3496955931186676,0.7941792011260986,4.5800751991009747e-07,0.31360724568367004,0.7414191961288452,-0.0028899875469505787,0.3049030900001526,0.6718887686729431,-0.013541174121201038,0.3225838541984558,0.6128522157669067,-0.02281227707862854,0.34350910782814026,0.5756279230117798,-0.0328112468123436,0.30549749732017517,0.6641923189163208,-0.04500734806060791,0.32699504494667053,0.5588809847831726,-0.06309521943330765,0.3401656150817871,0.5037976503372192,-0.06854940950870514,0.3497302532196045,0.4628414809703827,-0.06996909528970718,0.33744877576828003,0.6731301546096802,-0.05151202902197838,0.35554927587509155,0.5595365762710571,-0.06821970641613007,0.36617153882980347,0.4976247549057007,-0.07206949591636658,0.3736853003501892,0.45305371284484863,-0.07393036782741547,0.3701968789100647,0.6797930002212524,-0.05579360947012901,0.3828190565109253,0.5752594470977783,-0.06730830669403076,0.3915320336818695,0.5160282254219055,-0.07075966894626617,0.39661872386932373,0.4728744924068451,-0.07287879288196564,0.40001818537712097,0.6854676008224487,-0.05943935737013817,0.40746355056762695,0.6044735908508301,-0.06745269149541855,0.4112516939640045,0.5588400959968567,-0.06928560882806778,0.4150357246398926,0.5210571885108948,-0.0700661912560463
7,left,0,0,0,0,0,0,0,0,0,0,0,0,0,0,0,0,0,0,0,0,0,0,0,0,0,0,0,0,0,0,0,0,0,0,0,0,0,0,0,0,0,0,0,0,0,0,0,0,0,0,0,0,0,0,0,0,0,0,0,0,0,0,0
8,right,0.34834709763526917,0.7978448867797852,4.6648426632600604e-07,0.3134016692638397,0.745090901851654,-0.0037266032304614782,0.3053383231163025,0.6739000678062439,-0.015125290490686893,0.3231472074985504,0.6135854721069336,-0.02500809170305729,0.3440026044845581,0.5750229954719543,-0.03538983687758446,0.3040589690208435,0.6706966757774353,-0.04653036966919899,0.3251000642776489,0.5634771585464478,-0.06565234065055847,0.33817756175994873,0.5068822503089905,-0.07141032069921494,0.3481011688709259,0.4651341736316681,-0.0728711485862732,0.33522483706474304,0.680026650428772,-0.052817367017269135,0.35280370712280273,0.5654779076576233,-0.07061319798231125,0.36345088481903076,0.502954363822937,-0.07439189404249191,0.3715870976448059,0.4580501317977905,-0.07603771239519119,0.3676069974899292,0.6866573095321655,-0.05702683702111244,0.3806406557559967,0.5799474120140076,-0.06924183666706085,0.3894084692001343,0.5198012590408325,-0.07230622321367264,0.39472928643226624,0.4759678244590759,-0.07405531406402588,0.3976656198501587,0.6913608312606812,-0.060718365013599396,0.40624916553497314,0.6093727350234985,-0.06919028609991074,0.4101825952529907,0.5620023608207703,-0.07124217599630356,0.4135037362575531,0.522257924079895,-0.0721651241183281
8,left,0,0,0,0,0,0,0,0,0,0,0,0,0,0,0,0,0,0,0,0,0,0,0,0,0,0,0,0,0,0,0,0,0,0,0,0,0,0,0,0,0,0,0,0,0,0,0,0,0,0,0,0,0,0,0,0,0,0,0,0,0,0,0
9,right,0.34191614389419556,0.8151106238365173,5.033131742493424e-07,0.3058684766292572,0.7625802755355835,-0.00439525255933404,0.2968622148036957,0.6924062967300415,-0.0170722808688879,0.3143656551837921,0.6328035593032837,-0.028355257585644722,0.3363051116466522,0.5960043668746948,-0.04029969871044159,0.29058679938316345,0.6886343359947205,-0.04925641044974327,0.31262242794036865,0.5787699222564697,-0.06962910294532776,0.327169805765152,0.521111011505127,-0.07655379176139832,0.3382713496685028,0.4790918529033661,-0.07871933281421661,0.3240484893321991,0.7010394334793091,-0.056472647935152054,0.3424587547779083,0.5826800465583801,-0.07587207853794098,0.3536738455295563,0.5166406631469727,-0.08144504576921463,0.36144182085990906,0.4692884087562561,-0.08423500508069992,0.35918664932250977,0.7090437412261963,-0.06139616295695305,0.37184369564056396,0.5979914665222168,-0.07462527602910995,0.3800252377986908,0.5348930954933167,-0.07831583172082901,0.38427427411079407,0.4893265962600708,-0.08036975562572479,0.39123815298080444,0.713226318359375,-0.06580263376235962,0.39823898673057556,0.6272309422492981,-0.07414194196462631,0.4010775089263916,0.578490674495697,-0.07531357556581497,0.4035557508468628,0.537716805934906,-0.07561243325471878
9,left,0,0,0,0,0,0,0,0,0,0,0,0,0,0,0,0,0,0,0,0,0,0,0,0,0,0,0,0,0,0,0,0,0,0,0,0,0,0,0,0,0,0,0,0,0,0,0,0,0,0,0,0,0,0,0,0,0,0,0,0,0,0,0
10,right,0.34166234731674194,0.847212553024292,5.304653427629091e-07,0.30477240681648254,0.7962365746498108,-0.007885378785431385,0.2946457266807556,0.7201200723648071,-0.02247559279203415,0.3123705983161926,0.6544445753097534,-0.03474798426032066,0.3332371711730957,0.6122912764549255,-0.04764867201447487,0.2878432869911194,0.7235119342803955,-0.05740491300821304,0.30851632356643677,0.6080374121665955,-0.08058572560548782,0.32151636481285095,0.546708345413208,-0.08906430751085281,0.33102717995643616,0.49998903274536133,-0.09251991659402847,0.3220159709453583,0.7352449297904968,-0.06395545601844788,0.33976587653160095,0.6119359135627747,-0.0863518938422203,0.34996914863586426,0.5422195196151733,-0.09286142140626907,0.3569490313529968,0.49153169989585876,-0.09644893556833267,0.35764557123184204,0.742996096611023,-0.06829886138439178,0.36965084075927734,0.6279767751693726,-0.08438647538423538,0.3768969178199768,0.5612599849700928,-0.0892622247338295,0.38029736280441284,0.5126035213470459,-0.09214082360267639,0.39017289876937866,0.7465822100639343,-0.07233705371618271,0.3965521454811096,0.6580431461334229,-0.08391719311475754,0.39950692653656006,0.6068196296691895,-0.08725813776254654,0.40233778953552246,0.5640686750411987,-0.0891525074839592
10,left,0,0,0,0,0,0,0,0,0,0,0,0,0,0,0,0,0,0,0,0,0,0,0,0,0,0,0,0,0,0,0,0,0,0,0,0,0,0,0,0,0,0,0,0,0,0,0,0,0,0,0,0,0,0,0,0,0,0,0,0,0,0,0
11,right,0.34490230679512024,0.8700645565986633,5.497593065229012e-07,0.30851632356643677,0.8156604170799255,-0.007037569768726826,0.3003360331058502,0.7408120036125183,-0.021702775731682777,0.3201894462108612,0.6756492853164673,-0.03425722196698189,0.34168097376823425,0.6322036981582642,-0.04741350933909416,0.29141855239868164,0.7473016977310181,-0.05724780261516571,0.3152601718902588,0.630932092666626,-0.08031240105628967,0.33007165789604187,0.5704803466796875,-0.08833819627761841,0.34156233072280884,0.5248533487319946,-0.09120357036590576,0.3274690508842468,0.7609092593193054,-0.06410402059555054,0.3474467992782593,0.6367616057395935,-0.0862923413515091,0.357873797416687,0.5675595998764038,-0.0918211117386818,0.3653930425643921,0.518406867980957,-0.09454701095819473,0.36423420906066895,0.7691305875778198,-0.06866686791181564,0.37915879487991333,0.652941882610321,-0.08418409526348114,0.385211706161499,0.5871338844299316,-0.0873071551322937,0.38714343309402466,0.539664089679718,-0.08876895159482956,0.39752206206321716,0.7721555829048157,-0.07292579114437103,0.4067813754081726,0.6818469166755676,-0.08325426280498505,0.4094727635383606,0.631300687789917,-0.08455852419137955,0.41064706444740295,0.5908840298652649,-0.08477970957756042
11,left,0,0,0,0,0,0,0,0,0,0,0,0,0,0,0,0,0,0,0,0,0,0,0,0,0,0,0,0,0,0,0,0,0,0,0,0,0,0,0,0,0,0,0,0,0,0,0,0,0,0,0,0,0,0,0,0,0,0,0,0,0,0,0
12,right,0.3462563157081604,0.8666856288909912,5.838548986503156e-07,0.3101263642311096,0.8136969208717346,-0.007449720054864883,0.301213800907135,0.7381844520568848,-0.021718500182032585,0.31943368911743164,0.6725379228591919,-0.03374061360955238,0.33986708521842957,0.6280290484428406,-0.04623284935951233,0.29451218247413635,0.741948664188385,-0.055954985320568085,0.3178832232952118,0.62681645154953,-0.07823699712753296,0.3325824439525604,0.5654857158660889,-0.08567912131547928,0.3435977101325989,0.5202053785324097,-0.08824135363101959,0.3289259374141693,0.7559462189674377,-0.06238604336977005,0.3481168746948242,0.6340866684913635,-0.08471529930830002,0.3584907054901123,0.5652413368225098,-0.09010140597820282,0.3652098774909973,0.5156578421592712,-0.09259805828332901,0.3650912642478943,0.764929473400116,-0.06665180623531342,0.3796861469745636,0.6503288745880127,-0.0824381485581398,0.38699594140052795,0.584172248840332,-0.0858740508556366,0.38970401883125305,0.536243200302124,-0.08741063624620438,0.3986741304397583,0.7691515684127808,-0.07062724232673645,0.4077449440956116,0.6793264150619507,-0.0816604271531105,0.4112405776977539,0.6279503107070923,-0.08376417309045792,0.4134945869445801,0.5864745378494263,-0.08440665155649185
12,left,0,0,0,0,0,0,0,0,0,0,0,0,0,0,0,0,0,0,0,0,0,0,0,0,0,0,0,0,0,0,0,0,0,0,0,0,0,0,0,0,0,0,0,0,0,0,0,0,0,0,0,0,0,0,0,0,0,0,0,0,0,0,0
13,right,0.34371790289878845,0.8391544818878174,6.246598900361278e-07,0.3077678084373474,0.7862059473991394,-0.0060237254947423935,0.2994917929172516,0.7117514610290527,-0.01971045322716236,0.31822773814201355,0.6478379368782043,-0.031170595437288284,0.3398008942604065,0.607679009437561,-0.04325065016746521,0.293827623128891,0.7128697037696838,-0.05323532596230507,0.3168986439704895,0.5997576117515564,-0.07401648163795471,0.33141979575157166,0.5391771197319031,-0.08114996552467346,0.34297195076942444,0.4942205250263214,-0.08336294442415237,0.329241544008255,0.7249899506568909,-0.05935057997703552,0.34895575046539307,0.6033238172531128,-0.07846733182668686,0.359569251537323,0.5340587496757507,-0.0832536518573761,0.36752089858055115,0.4863054156303406,-0.08574564009904861,0.365186870098114,0.7327213287353516,-0.06314873695373535,0.3781878352165222,0.6198747158050537,-0.07617516070604324,0.3854818046092987,0.5528989434242249,-0.08022314310073853,0.38964393734931946,0.5056595206260681,-0.08272094279527664,0.39757588505744934,0.736343502998352,-0.06644313782453537,0.4041826128959656,0.649199366569519,-0.07578805834054947,0.4077569246292114,0.5980688333511353,-0.07792685925960541,0.41142702102661133,0.5572507381439209,-0.07884129881858826
13,left,0,0,0,0,0,0,0,0,0,0,0,0,0,0,0,0,0,0,0,0,0,0,0,0,0,0,0,0,0,0,0,0,0,0,0,0,0,0,0,0,0,0,0,0,0,0,0,0,0,0,0,0,0,0,0,0,0,0,0,0,0,0,0
14,right,0.34520792961120605,0.8119202256202698,5.773392217633955e-07,0.31103217601776123,0.7577605247497559,-0.0038748234510421753,0.3045560121536255,0.6858466863632202,-0.016520030796527863,0.3255680799484253,0.6281532049179077,-0.027757950127124786,0.34852486848831177,0.5935378074645996,-0.03998313844203949,0.3009796142578125,0.6805412173271179,-0.048667050898075104,0.3242620527744293,0.570525586605072,-0.06767141819000244,0.33892059326171875,0.5131485462188721,-0.07400248944759369,0.34996458888053894,0.4710407257080078,-0.07575658708810806,0.33542513847351074,0.6923853754997253,-0.05522540584206581,0.35466161370277405,0.5743393301963806,-0.07223361730575562,0.3657081127166748,0.5080471038818359,-0.07668167352676392,0.37322837114334106,0.4617900848388672,-0.07904475182294846,0.3703112304210663,0.7004212737083435,-0.059396930038928986,0.3826667368412018,0.5902696251869202,-0.07072921097278595,0.3900947570800781,0.5262826681137085,-0.07459940016269684,0.39391639828681946,0.48121100664138794,-0.0770847275853157,0.401949942111969,0.7051761746406555,-0.06291096657514572,0.40869802236557007,0.6206405758857727,-0.07051205635070801,0.41186195611953735,0.5708888173103333,-0.07198501378297806,0.41476523876190186,0.5309501886367798,-0.07254558801651001
14,left,0,0,0,0,0,0,0,0,0,0,0,0,0,0,0,0,0,0,0,0,0,0,0,0,0,0,0,0,0,0,0,0,0,0,0,0,0,0,0,0,0,0,0,0,0,0,0,0,0,0,0,0,0,0,0,0,0,0,0,0,0,0,0
15,right,0.35164111852645874,0.7964650392532349,4.972065994479635e-07,0.3153783679008484,0.7442392110824585,-0.003837042488157749,0.3077399432659149,0.6743670701980591,-0.01578942872583866,0.32778939604759216,0.6169142127037048,-0.026243584230542183,0.3514556288719177,0.5819668769836426,-0.03758595138788223,0.3091578185558319,0.6658123135566711,-0.04821047559380531,0.3319947421550751,0.556206464767456,-0.06676401942968369,0.3459949493408203,0.500691294670105,-0.07174505293369293,0.3568885624408722,0.4603864252567291,-0.07245257496833801,0.3416455388069153,0.6756782531738281,-0.054171498864889145,0.3605559468269348,0.557572603225708,-0.07100330293178558,0.3711712956428528,0.4946741461753845,-0.0740697905421257,0.3791387379169464,0.4513516426086426,-0.07518558949232101,0.3746381998062134,0.6824248433113098,-0.05788315087556839,0.3868935704231262,0.5736187696456909,-0.06925762444734573,0.39468368887901306,0.5137084126472473,-0.0723506286740303,0.39985984563827515,0.4710061550140381,-0.07420613616704941,0.4045540392398834,0.6873323917388916,-0.060959506779909134,0.41057872772216797,0.6041009426116943,-0.06921031326055527,0.41462957859039307,0.5570762753486633,-0.0711718425154686,0.41926196217536926,0.5183349847793579,-0.07191566377878189
15,left,0,0,0,0,0,0,0,0,0,0,0,0,0,0,0,0,0,0,0,0,0,0,0,0,0,0,0,0,0,0,0,0,0,0,0,0,0,0,0,0,0,0,0,0,0,0,0,0,0,0,0,0,0,0,0,0,0,0,0,0,0,0,0
16,right,0.3546150028705597,0.7961585521697998,4.512907025855384e-07,0.31766900420188904,0.7441098690032959,-0.0023642228916287422,0.3083931803703308,0.6732566952705383,-0.012860963121056557,0.3264957070350647,0.6130121946334839,-0.02187941037118435,0.34784385561943054,0.5766305923461914,-0.031711969524621964,0.31130096316337585,0.6652562022209167,-0.046891700476408005,0.3332827091217041,0.556132435798645,-0.06456010788679123,0.34708771109580994,0.5009394288063049,-0.06877782195806503,0.35769224166870117,0.46098023653030396,-0.06903963536024094,0.34447354078292847,0.674121081829071,-0.05306614935398102,0.36210861802101135,0.5556626915931702,-0.06946932524442673,0.37257134914398193,0.4932166337966919,-0.07215327024459839,0.3804747462272644,0.44948962330818176,-0.072884701192379,0.37774622440338135,0.6800671219825745,-0.05672936514019966,0.38983848690986633,0.5709744691848755,-0.0678161010146141,0.3983862102031708,0.5114123225212097,-0.07055290788412094,0.4037437438964844,0.4686126708984375,-0.07197311520576477,0.40730029344558716,0.6847705841064453,-0.05960062891244888,0.41441354155540466,0.6002698540687561,-0.06721501052379608,0.4181409180164337,0.5538766384124756,-0.06861638277769089,0.4220542013645172,0.5156129002571106,-0.06887982040643692
16,left,0,0,0,0,0,0,0,0,0,0,0,0,0,0,0,0,0,0,0,0,0,0,0,0,0,0,0,0,0,0,0,0,0,0,0,0,0,0,0,0,0,0,0,0,0,0,0,0,0,0,0,0,0,0,0,0,0,0,0,0,0,0,0
17,right,0.34874293208122253,0.7986013889312744,4.773110049427487e-07,0.3113144040107727,0.7451164126396179,-0.0033056579995900393,0.30334338545799255,0.6739238500595093,-0.014508885331451893,0.32240182161331177,0.6135011911392212,-0.024088213220238686,0.3452117443084717,0.5771868824958801,-0.034294746816158295,0.3007885813713074,0.668931245803833,-0.0470418781042099,0.3223668038845062,0.5591148138046265,-0.06538104265928268,0.33647242188453674,0.5016621351242065,-0.07038085162639618,0.3474047780036926,0.46006494760513306,-0.07109985500574112,0.33442041277885437,0.6780046224594116,-0.05292731523513794,0.3517359793186188,0.5588135123252869,-0.06912366300821304,0.3619314432144165,0.49421584606170654,-0.07236245274543762,0.36962464451789856,0.448709100484848,-0.07373788952827454,0.3686214089393616,0.683974027633667,-0.05639662593603134,0.38005855679512024,0.5729429721832275,-0.06667155772447586,0.3876163959503174,0.5120970010757446,-0.06895456463098526,0.392619788646698,0.4684876799583435,-0.07042989879846573,0.3996826112270355,0.6880507469177246,-0.059308119118213654,0.40630534291267395,0.6035481095314026,-0.06587482988834381,0.4095122516155243,0.5558868050575256,-0.0666772797703743,0.4130568504333496,0.5162931084632874,-0.06674524396657944
17,left,0,0,0,0,0,0,0,0,0,0,0,0,0,0,0,0,0,0,0,0,0,0,0,0,0,0,0,0,0,0,0,0,0,0,0,0,0,0,0,0,0,0,0,0,0,0,0,0,0,0,0,0,0,0,0,0,0,0,0,0,0,0,0
18,right,0.3411398231983185,0.8154345154762268,5.242225142865209e-07,0.3043082356452942,0.7623263001441956,-0.004073644056916237,0.2955342233181,0.6911479234695435,-0.0167827270925045,0.31404823064804077,0.6306508183479309,-0.027868153527379036,0.336910605430603,0.5936169028282166,-0.03968265652656555,0.2899123430252075,0.6859749555587769,-0.05112801492214203,0.3126102685928345,0.5729323625564575,-0.07180871069431305,0.32707515358924866,0.5134170055389404,-0.07864470779895782,0.3381657600402832,0.47051066160202026,-0.0806330218911171,0.3245137333869934,0.6971428990364075,-0.05800915136933327,0.3427775502204895,0.5754690170288086,-0.07790619134902954,0.3544367849826813,0.508366584777832,-0.08342345058917999,0.36276113986968994,0.4604383111000061,-0.08607399463653564,0.36030030250549316,0.7040389776229858,-0.062347374856472015,0.3722565472126007,0.5898547768592834,-0.07591469585895538,0.3805901110172272,0.5256934762001038,-0.07977335155010223,0.38513436913490295,0.47943630814552307,-0.08184843510389328,0.39232125878334045,0.7075262069702148,-0.06603116542100906,0.39970576763153076,0.6201740503311157,-0.0747283399105072,0.40226757526397705,0.5700443387031555,-0.07636886835098267,0.4043648838996887,0.5276657342910767,-0.07691321521997452
18,left,0,0,0,0,0,0,0,0,0,0,0,0,0,0,0,0,0,0,0,0,0,0,0,0,0,0,0,0,0,0,0,0,0,0,0,0,0,0,0,0,0,0,0,0,0,0,0,0,0,0,0,0,0,0,0,0,0,0,0,0,0,0,0
19,right,0.3426307141780853,0.848956823348999,5.190800607124402e-07,0.3062379062175751,0.7962522506713867,-0.008103017695248127,0.2982741594314575,0.7181607484817505,-0.022776667028665543,0.3183091878890991,0.6512728333473206,-0.035129621624946594,0.3398624658584595,0.6079972386360168,-0.04800185561180115,0.29125604033470154,0.7221473455429077,-0.056926559656858444,0.3134700357913971,0.6035180687904358,-0.07967418432235718,0.3276001214981079,0.5408024191856384,-0.0877223014831543,0.3385809361934662,0.4931926727294922,-0.09070541709661484,0.3267214596271515,0.7327366471290588,-0.06327522546052933,0.3459298014640808,0.6072197556495667,-0.08475782722234726,0.3566209077835083,0.537279486656189,-0.0904761329293251,0.36461272835731506,0.4875521659851074,-0.09346343576908112,0.36323896050453186,0.7393946647644043,-0.06748224794864655,0.3761223554611206,0.6226301193237305,-0.08212937414646149,0.38309064507484436,0.5552574992179871,-0.08621808886528015,0.38684362173080444,0.5068238377571106,-0.08878984302282333,0.3964170217514038,0.7420494556427002,-0.07151184976100922,0.4024958908557892,0.6526468396186829,-0.08150237053632736,0.40531671047210693,0.6007234454154968,-0.08385736495256424,0.4082999527454376,0.5584492683410645,-0.0851883515715599
19,left,0,0,0,0,0,0,0,0,0,0,0,0,0,0,0,0,0,0,0,0,0,0,0,0,0,0,0,0,0,0,0,0,0,0,0,0,0,0,0,0,0,0,0,0,0,0,0,0,0,0,0,0,0,0,0,0,0,0,0,0,0,0,0
20,right,0.34619787335395813,0.8645349144935608,5.602345822808275e-07,0.30755507946014404,0.8102728128433228,-0.007177205756306648,0.2969040274620056,0.7345926761627197,-0.02212255261838436,0.3152763247489929,0.6679702401161194,-0.034457143396139145,0.33663275837898254,0.6228054761886597,-0.04739256948232651,0.29244735836982727,0.7399720549583435,-0.06194334104657173,0.31721431016921997,0.6208606958389282,-0.08614575862884521,0.33292633295059204,0.558630645275116,-0.09402251243591309,0.3444835841655731,0.5127370357513428,-0.09656351059675217,0.3282773792743683,0.7529722452163696,-0.06851453334093094,0.3490276634693146,0.6257886290550232,-0.09248429536819458,0.36095842719078064,0.5551114082336426,-0.0977572500705719,0.36887261271476746,0.5050514340400696,-0.1000540554523468,0.3650907278060913,0.7607051134109497,-0.07242599874734879,0.380246102809906,0.6417180895805359,-0.08957424759864807,0.38808879256248474,0.5746760368347168,-0.09273742884397507,0.3910631239414215,0.5265978574752808,-0.09404335916042328,0.3982481062412262,0.7641977071762085,-0.07581786811351776,0.407382071018219,0.6727924346923828,-0.08818015456199646,0.41100242733955383,0.6216119527816772,-0.09022984653711319,0.41324758529663086,0.580492377281189,-0.09071043133735657
20,left,0,0,0,0,0,0,0,0,0,0,0,0,0,0,0,0,0,0,0,0,0,0,0,0,0,0,0,0,0,0,0,0,0,0,0,0,0,0,0,0,0,0,0,0,0,0,0,0,0,0,0,0,0,0,0,0,0,0,0,0,0,0,0
21,right,0.3452637791633606,0.8487091660499573,6.04816932536778e-07,0.3081580400466919,0.7952229976654053,-0.006724529433995485,0.29922163486480713,0.7195807695388794,-0.02081763744354248,0.3172330856323242,0.6531727910041809,-0.03255326300859451,0.3381548821926117,0.6093732118606567,-0.045074574649333954,0.29606518149375916,0.721729040145874,-0.05626402422785759,0.3194912075996399,0.6051996350288391,-0.07809367030858994,0.3335264325141907,0.5428219437599182,-0.08521803468465805,0.34467044472694397,0.49677950143814087,-0.08732118457555771,0.3312700688838959,0.7339044809341431,-0.06233599781990051,0.3508334457874298,0.6084060668945312,-0.0825054943561554,0.3614318072795868,0.5374195575714111,-0.08758668601512909,0.3696959614753723,0.4871269464492798,-0.09031312167644501,0.36716917157173157,0.7415096759796143,-0.06602988392114639,0.38034602999687195,0.6250402331352234,-0.08015436679124832,0.38777822256088257,0.5571856498718262,-0.08466162532567978,0.3922380208969116,0.5086789727210999,-0.0874377116560936,0.39994531869888306,0.7451622486114502,-0.06920991092920303,0.4074077904224396,0.6548265218734741,-0.07942387461662292,0.4115607738494873,0.6030713319778442,-0.0822111964225769,0.4156646728515625,0.5613974332809448,-0.08364170044660568
21,left,0,0,0,0,0,0,0,0,0,0,0,0,0,0,0,0,0,0,0,0,0,0,0,0,0,0,0,0,0,0,0,0,0,0,0,0,0,0,0,0,0,0,0,0,0,0,0,0,0,0,0,0,0,0,0,0,0,0,0,0,0,0,0
22,right,0.34485623240470886,0.8170367479324341,5.863996079824574e-07,0.31187257170677185,0.7610374689102173,-0.003995992708951235,0.30765044689178467,0.6878327131271362,-0.016374066472053528,0.3306693136692047,0.6299934387207031,-0.0273127444088459,0.35477200150489807,0.5964095592498779,-0.03901125118136406,0.3031720817089081,0.6831102967262268,-0.04770620912313461,0.32753247022628784,0.5718919038772583,-0.0664396807551384,0.3427969515323639,0.5144128799438477,-0.07264076918363571,0.35434791445732117,0.471993625164032,-0.07428590953350067,0.3384285271167755,0.6954702734947205,-0.054069019854068756,0.3588401675224304,0.5765166878700256,-0.07094571739435196,0.36994701623916626,0.5100501179695129,-0.07506005465984344,0.37741371989250183,0.4634172320365906,-0.07709023356437683,0.37367987632751465,0.7036608457565308,-0.058135323226451874,0.3868931233882904,0.5925688147544861,-0.0690111294388771,0.39392268657684326,0.5289419889450073,-0.07204414904117584,0.39737942814826965,0.4837735891342163,-0.07387915253639221,0.4053478538990021,0.7080848217010498,-0.0616949200630188,0.41254734992980957,0.622948169708252,-0.06852982193231583,0.41566693782806396,0.572675883769989,-0.06935539841651917,0.4185735285282135,0.5320284366607666,-0.06946969032287598
22,left,0,0,0,0,0,0,0,0,0,0,0,0,0,0,0,0,0,0,0,0,0,0,0,0,0,0,0,0,0,0,0,0,0,0,0,0,0,0,0,0,0,0,0,0,0,0,0,0,0,0,0,0,0,0,0,0,0,0,0,0,0,0,0
23,right,0.3521299362182617,0.7940073013305664,5.062710215497646e-07,0.3156300485134125,0.7398397922515869,-0.0031555057503283024,0.30882805585861206,0.6711006164550781,-0.015221131034195423,0.32934334874153137,0.6161168217658997,-0.025720139965415,0.35337042808532715,0.5843556523323059,-0.03732528164982796,0.31205564737319946,0.6618847846984863,-0.049234602600336075,0.3341861367225647,0.5524410605430603,-0.06817180663347244,0.34850120544433594,0.49694788455963135,-0.07359606772661209,0.3593621253967285,0.45627039670944214,-0.07474151253700256,0.34546998143196106,0.671598494052887,-0.0555230975151062,0.3641988933086395,0.5538327097892761,-0.0730341449379921,0.3754969537258148,0.49061039090156555,-0.07678105682134628,0.38336464762687683,0.44690847396850586,-0.07851283252239227,0.3782852292060852,0.6788586378097534,-0.05932649224996567,0.39104706048965454,0.5697816610336304,-0.07162176817655563,0.39966773986816406,0.5095244646072388,-0.07531328499317169,0.40490975975990295,0.46640604734420776,-0.07760339975357056,0.4072975814342499,0.6846692562103271,-0.06229696795344353,0.414156973361969,0.6019460558891296,-0.07146210968494415,0.41816046833992004,0.5545259118080139,-0.07381030172109604,0.42250609397888184,0.5148664116859436,-0.07483524084091187
23,left,0,0,0,0,0,0,0,0,0,0,0,0,0,0,0,0,0,0,0,0,0,0,0,0,0,0,0,0,0,0,0,0,0,0,0,0,0,0,0,0,0,0,0,0,0,0,0,0,0,0,0,0,0,0,0,0,0,0,0,0,0,0,0
24,right,0.35475024580955505,0.7950791716575623,4.4616507466344046e-07,0.3165985941886902,0.743046760559082,-0.003925804514437914,0.30785512924194336,0.6716821193695068,-0.015277942642569542,0.3274589478969574,0.6120316386222839,-0.024837935343384743,0.3505840599536896,0.5768072009086609,-0.03496909514069557,0.3125162720680237,0.6657513380050659,-0.048113852739334106,0.3341345489025116,0.5553158521652222,-0.06629929691553116,0.3482312262058258,0.49945253133773804,-0.07060358673334122,0.35944774746894836,0.4590599536895752,-0.07089998573064804,0.3458814024925232,0.6739785671234131,-0.0535147488117218,0.36343732476234436,0.553334653377533,-0.0702291876077652,0.3741711378097534,0.4914608597755432,-0.07252198457717896,0.3826864957809448,0.4487461447715759,-0.07287493348121643,0.3789447546005249,0.6796271204948425,-0.056579530239105225,0.39074450731277466,0.5673865079879761,-0.06782086938619614,0.3984110951423645,0.5087205767631531,-0.06982122361660004,0.4034181833267212,0.46729612350463867,-0.07069587707519531,0.40818357467651367,0.6839153170585632,-0.059042006731033325,0.4147273600101471,0.5989744067192078,-0.06680002063512802,0.4176881015300751,0.5522955060005188,-0.0681508406996727,0.420825332403183,0.5136027336120605,-0.06838562339544296
24,left,0,0,0,0,0,0,0,0,0,0,0,0,0,0,0,0,0,0,0,0,0,0,0,0,0,0,0,0,0,0,0,0,0,0,0,0,0,0,0,0,0,0,0,0,0,0,0,0,0,0,0,0,0,0,0,0,0,0,0,0,0,0,0
25,right,0.34981098771095276,0.8050454258918762,4.717460342362756e-07,0.31272226572036743,0.7504642009735107,-0.00441229110583663,0.3059295117855072,0.676702618598938,-0.016147388145327568,0.3260439336299896,0.6137446165084839,-0.025881826877593994,0.3479863703250885,0.5741915106773376,-0.036058224737644196,0.3063463270664215,0.673464834690094,-0.04933616891503334,0.3293674886226654,0.5631948709487915,-0.06854668259620667,0.34398162364959717,0.5055700540542603,-0.07358667999505997,0.3555385172367096,0.46382683515548706,-0.0741850957274437,0.3400751054286957,0.6839616298675537,-0.05488196760416031,0.35881108045578003,0.564241349697113,-0.07276507467031479,0.36992403864860535,0.49971920251846313,-0.07584434747695923,0.3787153959274292,0.45448219776153564,-0.07667238265275955,0.37418752908706665,0.6910360455513,-0.05811164155602455,0.3874487280845642,0.580172598361969,-0.07000117003917694,0.39576196670532227,0.5183979868888855,-0.07211983948945999,0.4011884033679962,0.47402265667915344,-0.07299304753541946,0.4045650064945221,0.6956173181533813,-0.06079527363181114,0.4120749831199646,0.6097506284713745,-0.06863360852003098,0.41528621315956116,0.5605700612068176,-0.06972475349903107,0.4185542166233063,0.5196276903152466,-0.06972023099660873
25,left,0,0,0,0,0,0,0,0,0,0,0,0,0,0,0,0,0,0,0,0,0,0,0,0,0,0,0,0,0,0,0,0,0,0,0,0,0,0,0,0,0,0,0,0,0,0,0,0,0,0,0,0,0,0,0,0,0,0,0,0,0,0,0
26,right,0.3492175042629242,0.8228660821914673,5.065538744020159e-07,0.31031912565231323,0.7693023085594177,-0.005243982654064894,0.301841139793396,0.6969753503799438,-0.01853627897799015,0.3215540647506714,0.6359714269638062,-0.029742518439888954,0.3448108434677124,0.5980148911476135,-0.041471682488918304,0.2998609244823456,0.6928066611289978,-0.0534895695745945,0.3231651484966278,0.5789922475814819,-0.07466389238834381,0.33820992708206177,0.5192850828170776,-0.08090171217918396,0.35008862614631653,0.476116806268692,-0.08225376158952713,0.3351215422153473,0.7035688161849976,-0.059789616614580154,0.3546748757362366,0.5811139345169067,-0.08009281754493713,0.36671721935272217,0.5142016410827637,-0.08435063064098358,0.3761752247810364,0.46702301502227783,-0.08581174165010452,0.3709571659564972,0.7110247611999512,-0.06364640593528748,0.3836684823036194,0.5969560742378235,-0.07723255455493927,0.39211443066596985,0.5329383611679077,-0.07980073988437653,0.3977351188659668,0.4869619607925415,-0.08082091808319092,0.40287861227989197,0.7155704498291016,-0.06698508560657501,0.410452276468277,0.6278822422027588,-0.07571733742952347,0.41302934288978577,0.577146589756012,-0.07677095383405685,0.415715754032135,0.5347325801849365,-0.0766989067196846
26,left,0,0,0,0,0,0,0,0,0,0,0,0,0,0,0,0,0,0,0,0,0,0,0,0,0,0,0,0,0,0,0,0,0,0,0,0,0,0,0,0,0,0,0,0,0,0,0,0,0,0,0,0,0,0,0,0,0,0,0,0,0,0,0
27,right,0.3504851162433624,0.8400201797485352,5.409854111348977e-07,0.311267614364624,0.787061870098114,-0.007114562205970287,0.30089494585990906,0.7139391303062439,-0.02180655114352703,0.3182644248008728,0.6492498517036438,-0.0338008776307106,0.34035012125968933,0.607430100440979,-0.04640812799334526,0.29960671067237854,0.7165716886520386,-0.05938476324081421,0.3219051957130432,0.5988461375236511,-0.08234763145446777,0.3364909589290619,0.5369014143943787,-0.08991182595491409,0.34767717123031616,0.4913432002067566,-0.09225612133741379,0.3354189693927765,0.7273574471473694,-0.06541897356510162,0.35485419631004333,0.6019607782363892,-0.08764569461345673,0.36572638154029846,0.5321643948554993,-0.09270384907722473,0.37346720695495605,0.48252272605895996,-0.09491434693336487,0.3716070055961609,0.7340614199638367,-0.06881006062030792,0.3851606845855713,0.6168416738510132,-0.08407243341207504,0.39272281527519226,0.5510654449462891,-0.08689094334840775,0.3965926170349121,0.5036381483078003,-0.08825013041496277,0.40341916680336,0.7374809384346008,-0.07174865156412125,0.41190972924232483,0.6485569477081299,-0.08238276839256287,0.41535571217536926,0.5979351997375488,-0.08376636356115341,0.4182077646255493,0.5560057759284973,-0.08394122123718262
27,left,0,0,0,0,0,0,0,0,0,0,0,0,0,0,0,0,0,0,0,0,0,0,0,0,0,0,0,0,0,0,0,0,0,0,0,0,0,0,0,0,0,0,0,0,0,0,0,0,0,0,0,0,0,0,0,0,0,0,0,0,0,0,0
28,right,0.3473363220691681,0.8556504249572754,5.661271984536143e-07,0.3087782561779022,0.8023948669433594,-0.007428437005728483,0.2997159957885742,0.7272753715515137,-0.022266892716288567,0.3179837167263031,0.6605762839317322,-0.034190282225608826,0.33980050683021545,0.6160292029380798,-0.04664392024278641,0.29738688468933105,0.7327089905738831,-0.06103713437914848,0.3218253254890442,0.6135640740394592,-0.08408203721046448,0.33659684658050537,0.5508949160575867,-0.09099241346120834,0.34786418080329895,0.5050399303436279,-0.09282015264034271,0.3339729607105255,0.7443091869354248,-0.06691592931747437,0.35498151183128357,0.6177406907081604,-0.08980754762887955,0.3660201132297516,0.5473482608795166,-0.09436429291963577,0.3739302158355713,0.49735236167907715,-0.09602700173854828,0.3707699179649353,0.7515162825584412,-0.07014622539281845,0.38607561588287354,0.6330147981643677,-0.08617191016674042,0.3937997817993164,0.5665488243103027,-0.08884203433990479,0.39744269847869873,0.5183018445968628,-0.08985374867916107,0.4032517075538635,0.7546181678771973,-0.07286269962787628,0.4126889109611511,0.6640012264251709,-0.08427994698286057,0.41652822494506836,0.6129845380783081,-0.08596689999103546,0.41924405097961426,0.5710482597351074,-0.08617936074733734
28,left,0,0,0,0,0,0,0,0,0,0,0,0,0,0,0,0,0,0,0,0,0,0,0,0,0,0,0,0,0,0,0,0,0,0,0,0,0,0,0,0,0,0,0,0,0,0,0,0,0,0,0,0,0,0,0,0,0,0,0,0,0,0,0
29,right,0.3478766679763794,0.8527429103851318,5.729327767767245e-07,0.3091164231300354,0.7995340824127197,-0.008250054903328419,0.2992998957633972,0.7218300104141235,-0.02289983443915844,0.3168605864048004,0.6535506248474121,-0.03446938097476959,0.3369251489639282,0.608068585395813,-0.04645505174994469,0.2993007004261017,0.7299365401268005,-0.06070397421717644,0.3222350776195526,0.6105028390884399,-0.08316893130540848,0.3359481990337372,0.5472520589828491,-0.08987847715616226,0.34683361649513245,0.5004103183746338,-0.09176994860172272,0.33521100878715515,0.7420550584793091,-0.06584922224283218,0.35438522696495056,0.6153571009635925,-0.08813050389289856,0.3647441864013672,0.5456533432006836,-0.092863067984581,0.3723163902759552,0.49644845724105835,-0.09496039897203445,0.3711090385913849,0.74866783618927,-0.06843947619199753,0.38419073820114136,0.6306845545768738,-0.08370683342218399,0.3913112282752991,0.5643340349197388,-0.0871741771697998,0.3950248956680298,0.5160768032073975,-0.08913321048021317,0.40239185094833374,0.7508041262626648,-0.07063142210245132,0.41030094027519226,0.6605235934257507,-0.08166955411434174,0.4141366481781006,0.6092369556427002,-0.08444181829690933,0.41768354177474976,0.5668637752532959,-0.08580315113067627
29,left,0,0,0,0,0,0,0,0,0,0,0,0,0,0,0,0,0,0,0,0,0,0,0,0,0,0,0,0,0,0,0,0,0,0,0,0,0,0,0,0,0,0,0,0,0,0,0,0,0,0,0,0,0,0,0,0,0,0,0,0,0,0,0
30,right,0.33998215198516846,0.8280038237571716,5.950242893959512e-07,0.3039151132106781,0.7735397815704346,-0.006625708192586899,0.2973140776157379,0.6970877647399902,-0.020257333293557167,0.31806203722953796,0.6321153044700623,-0.031309906393289566,0.3399741053581238,0.5921591520309448,-0.04296156018972397,0.294237345457077,0.6987447738647461,-0.05403953790664673,0.31704363226890564,0.586383581161499,-0.07452363520860672,0.3308870196342468,0.5259811878204346,-0.08125976473093033,0.34172356128692627,0.480258584022522,-0.08326496183872223,0.3299538195133209,0.7103256583213806,-0.05946391075849533,0.3486648201942444,0.5885427594184875,-0.0782560333609581,0.35941317677497864,0.5199121236801147,-0.0829005017876625,0.3675495982170105,0.47305455803871155,-0.08534960448741913,0.3657217025756836,0.7176094055175781,-0.06252645701169968,0.37782952189445496,0.6054199934005737,-0.07521028071641922,0.38527125120162964,0.539216160774231,-0.07931549847126007,0.38957905769348145,0.4922061562538147,-0.08203280717134476,0.3973740339279175,0.7212321758270264,-0.06506460160017014,0.40324723720550537,0.6341604590415955,-0.07401386648416519,0.40680891275405884,0.5834080576896667,-0.07624795287847519,0.41117048263549805,0.5420000553131104,-0.07737789303064346
30,left,0,0,0,0,0,0,0,0,0,0,0,0,0,0,0,0,0,0,0,0,0,0,0,0,0,0,0,0,0,0,0,0,0,0,0,0,0,0,0,0,0,0,0,0,0,0,0,0,0,0,0,0,0,0,0,0,0,0,0,0,0,0,0
31,right,0.34065040946006775,0.8018596768379211,5.395543780650769e-07,0.30285802483558655,0.7489468455314636,-0.004447990097105503,0.29472851753234863,0.6757568717002869,-0.016184916719794273,0.3134327530860901,0.612278163433075,-0.025771211832761765,0.3346058130264282,0.5732802748680115,-0.035958532243967056,0.29586634039878845,0.6718692183494568,-0.04904494062066078,0.31661248207092285,0.5613580942153931,-0.06804142147302628,0.32996806502342224,0.5030314326286316,-0.07364486157894135,0.34044861793518066,0.45963549613952637,-0.07473661005496979,0.3303554952144623,0.6807867288589478,-0.05435037985444069,0.3473106324672699,0.5610843300819397,-0.07151203602552414,0.3579016327857971,0.49532341957092285,-0.07499733567237854,0.3656311631202698,0.45110005140304565,-0.07647557556629181,0.3642347753047943,0.6866501569747925,-0.05733684077858925,0.375794917345047,0.5772793292999268,-0.06886900216341019,0.3828994035720825,0.5140576958656311,-0.07223282754421234,0.38657304644584656,0.46943023800849915,-0.07436834275722504,0.3939656913280487,0.6901932954788208,-0.059662751853466034,0.40023738145828247,0.605650007724762,-0.06790025532245636,0.40300822257995605,0.5565221905708313,-0.06987284868955612,0.4059803783893585,0.516187310218811,-0.07068098336458206
31,left,0,0,0,0,0,0,0,0,0,0,0,0,0,0,0,0,0,0,0,0,0,0,0,0,0,0,0,0,0,0,0,0,0,0,0,0,0,0,0,0,0,0,0,0,0,0,0,0,0,0,0,0,0,0,0,0,0,0,0,0,0,0,0
32,right,0.34370163083076477,0.7904132008552551,4.6993602609290974e-07,0.3057648837566376,0.7368717193603516,-0.0025420263409614563,0.29859286546707153,0.6676111817359924,-0.013289764523506165,0.3185989558696747,0.6102219820022583,-0.022561462596058846,0.34130382537841797,0.5754788517951965,-0.03266805410385132,0.30213040113449097,0.6595210433006287,-0.0459776408970356,0.3223082423210144,0.5497398972511292,-0.06333336979150772,0.33502501249313354,0.4938984513282776,-0.06776417791843414,0.345232218503952,0.4531446695327759,-0.06828151643276215,0.33507391810417175,0.6674105525016785,-0.05194690451025963,0.351455420255661,0.5502240657806396,-0.06772244721651077,0.36070019006729126,0.48859816789627075,-0.07062370330095291,0.367730975151062,0.4458993673324585,-0.07173845916986465,0.36782288551330566,0.6731558442115784,-0.05549515783786774,0.3781767189502716,0.5653184056282043,-0.0661313384771347,0.385082483291626,0.5061187744140625,-0.06929658353328705,0.38948744535446167,0.46392273902893066,-0.07131683081388474,0.39668765664100647,0.677914559841156,-0.058286868035793304,0.4022708833217621,0.5960195064544678,-0.06598937511444092,0.40535008907318115,0.54984450340271,-0.06793428957462311,0.40890032052993774,0.5113784074783325,-0.06872010976076126
32,left,0,0,0,0,0,0,0,0,0,0,0,0,0,0,0,0,0,0,0,0,0,0,0,0,0,0,0,0,0,0,0,0,0,0,0,0,0,0,0,0,0,0,0,0,0,0,0,0,0,0,0,0,0,0,0,0,0,0,0,0,0,0,0
33,right,0.34445998072624207,0.7933177351951599,4.39965617715643e-07,0.30645522475242615,0.7400804758071899,-0.0027570384554564953,0.2978074848651886,0.6700881719589233,-0.013677516020834446,0.3162883222103119,0.6103370785713196,-0.023076539859175682,0.3379848599433899,0.5737138986587524,-0.03307889401912689,0.3015935719013214,0.6630163192749023,-0.04673496261239052,0.32228055596351624,0.5531579256057739,-0.06490492075681686,0.33545300364494324,0.4971839189529419,-0.06921686977148056,0.345753014087677,0.4565421938896179,-0.06945621222257614,0.33477672934532166,0.6709293127059937,-0.05274985358119011,0.3507766127586365,0.5514776110649109,-0.0695321336388588,0.3607931435108185,0.4896422028541565,-0.07191281020641327,0.3686237931251526,0.4470646381378174,-0.07223459333181381,0.3680298328399658,0.6767881512641907,-0.05636758357286453,0.37856143712997437,0.5664024949073792,-0.06758653372526169,0.38592129945755005,0.507786214351654,-0.0693536102771759,0.39044541120529175,0.46643102169036865,-0.06995567679405212,0.3977716267108917,0.6815100908279419,-0.059306107461452484,0.4034425616264343,0.5971137881278992,-0.06681599467992783,0.4052996039390564,0.5501575469970703,-0.0677708312869072,0.4071143865585327,0.5114315152168274,-0.0676092728972435
33,left,0,0,0,0,0,0,0,0,0,0,0,0,0,0,0,0,0,0,0,0,0,0,0,0,0,0,0,0,0,0,0,0,0,0,0,0,0,0,0,0,0,0,0,0,0,0,0,0,0,0,0,0,0,0,0,0,0,0,0,0,0,0,0
34,right,0.3437016010284424,0.8093147277832031,4.644930982067308e-07,0.3063815236091614,0.7556543946266174,-0.0035616836976259947,0.2983607053756714,0.6844918131828308,-0.015416541136801243,0.31749293208122253,0.6246169209480286,-0.025765879079699516,0.339801549911499,0.5872255563735962,-0.036837138235569,0.2982979118824005,0.6781070232391357,-0.04896727204322815,0.31974804401397705,0.5663844347000122,-0.06868615746498108,0.33371609449386597,0.5078744888305664,-0.07410324364900589,0.34435024857521057,0.4650799036026001,-0.07508189976215363,0.33187466859817505,0.6876415610313416,-0.05574779212474823,0.3499890863895416,0.5676364898681641,-0.07443638890981674,0.3606507182121277,0.5024185180664062,-0.07844944298267365,0.3682590425014496,0.4562520980834961,-0.07990678399801254,0.3663206696510315,0.6953808665275574,-0.06015625223517418,0.37913021445274353,0.5841240286827087,-0.07313402742147446,0.3870508670806885,0.5215383768081665,-0.07626549154520035,0.3914223909378052,0.4767116904258728,-0.07768421620130539,0.3976009488105774,0.701499342918396,-0.06388823688030243,0.40515372157096863,0.6143990159034729,-0.07297822833061218,0.4077723026275635,0.5642423629760742,-0.0748012438416481,0.40978795289993286,0.5223134756088257,-0.07518330961465836
34,left,0,0,0,0,0,0,0,0,0,0,0,0,0,0,0,0,0,0,0,0,0,0,0,0,0,0,0,0,0,0,0,0,0,0,0,0,0,0,0,0,0,0,0,0,0,0,0,0,0,0,0,0,0,0,0,0,0,0,0,0,0,0,0
35,right,0.34403958916664124,0.841352641582489,4.987450665794313e-07,0.3065565526485443,0.7876108288764954,-0.00676866015419364,0.2986717224121094,0.7120108604431152,-0.0207349956035614,0.3186913728713989,0.6478577852249146,-0.03265666589140892,0.34147560596466064,0.6075527667999268,-0.04528014734387398,0.29450151324272156,0.7109130620956421,-0.054957520216703415,0.3167934715747833,0.5940566062927246,-0.07741168141365051,0.3310689926147461,0.5319833159446716,-0.08507661521434784,0.34171348810195923,0.4855952858924866,-0.08753639459609985,0.32971832156181335,0.7208608984947205,-0.061518579721450806,0.3489534258842468,0.5964697003364563,-0.08275354653596878,0.3594633936882019,0.526751697063446,-0.08872155845165253,0.36672723293304443,0.47615116834640503,-0.09152664989233017,0.3659570515155792,0.7277711033821106,-0.06578145176172256,0.37802547216415405,0.6121914982795715,-0.08044835180044174,0.3855985105037689,0.546059787273407,-0.08476956188678741,0.38986971974372864,0.49819397926330566,-0.08706559240818024,0.3987026512622833,0.7317624092102051,-0.06964610517024994,0.4051834046840668,0.6425909996032715,-0.07948228716850281,0.4078894257545471,0.5916503667831421,-0.08154471218585968,0.410863995552063,0.549355685710907,-0.08228092640638351
35,left,0,0,0,0,0,0,0,0,0,0,0,0,0,0,0,0,0,0,0,0,0,0,0,0,0,0,0,0,0,0,0,0,0,0,0,0,0,0,0,0,0,0,0,0,0,0,0,0,0,0,0,0,0,0,0,0,0,0,0,0,0,0,0
36,right,0.3445047438144684,0.8627427816390991,5.340292545952252e-07,0.30614545941352844,0.8085869550704956,-0.0069318232126533985,0.29751384258270264,0.7331954836845398,-0.021668313071131706,0.31753525137901306,0.6690812706947327,-0.03402743861079216,0.34120020270347595,0.6277108192443848,-0.04708973690867424,0.2923295199871063,0.7359709739685059,-0.05970476195216179,0.31494230031967163,0.6173920631408691,-0.08386070281267166,0.3298931419849396,0.5545641779899597,-0.09259138256311417,0.3409755229949951,0.5076881647109985,-0.09590236842632294,0.327823281288147,0.7472946047782898,-0.06653038412332535,0.34804975986480713,0.62163245677948,-0.0898316279053688,0.359367698431015,0.5509217977523804,-0.09605550765991211,0.366990327835083,0.4998469352722168,-0.09920841455459595,0.3646651804447174,0.7550923228263855,-0.07081468403339386,0.3788314759731293,0.6373224854469299,-0.08727166801691055,0.38630059361457825,0.5702884793281555,-0.09137899428606033,0.3894720673561096,0.5215266346931458,-0.09362035244703293,0.39808374643325806,0.759334146976471,-0.07464703172445297,0.40680402517318726,0.6694051027297974,-0.08660442382097244,0.40924644470214844,0.6179347038269043,-0.08928461372852325,0.41084426641464233,0.5751050710678101,-0.09042759984731674
36,left,0,0,0,0,0,0,0,0,0,0,0,0,0,0,0,0,0,0,0,0,0,0,0,0,0,0,0,0,0,0,0,0,0,0,0,0,0,0,0,0,0,0,0,0,0,0,0,0,0,0,0,0,0,0,0,0,0,0,0,0,0,0,0
