1,right,0,0,0,0,0,0,0,0,0,0,0,0,0,0,0,0,0,0,0,0,0,0,0,0,0,0,0,0,0,0,0,0,0,0,0,0,0,0,0,0,0,0,0,0,0,0,0,0,0,0,0,0,0,0,0,0,0,0,0,0,0,0,0
1,left,0,0,0,0,0,0,0,0,0,0,0,0,0,0,0,0,0,0,0,0,0,0,0,0,0,0,0,0,0,0,0,0,0,0,0,0,0,0,0,0,0,0,0,0,0,0,0,0,0,0,0,0,0,0,0,0,0,0,0,0,0,0,0
2,right,0,0,0,0,0,0,0,0,0,0,0,0,0,0,0,0,0,0,0,0,0,0,0,0,0,0,0,0,0,0,0,0,0,0,0,0,0,0,0,0,0,0,0,0,0,0,0,0,0,0,0,0,0,0,0,0,0,0,0,0,0,0,0
2,left,0,0,0,0,0,0,0,0,0,0,0,0,0,0,0,0,0,0,0,0,0,0,0,0,0,0,0,0,0,0,0,0,0,0,0,0,0,0,0,0,0,0,0,0,0,0,0,0,0,0,0,0,0,0,0,0,0,0,0,0,0,0,0
3,right,0,0,0,0,0,0,0,0,0,0,0,0,0,0,0,0,0,0,0,0,0,0,0,0,0,0,0,0,0,0,0,0,0,0,0,0,0,0,0,0,0,0,0,0,0,0,0,0,0,0,0,0,0,0,0,0,0,0,0,0,0,0,0
3,left,0,0,0,0,0,0,0,0,0,0,0,0,0,0,0,0,0,0,0,0,0,0,0,0,0,0,0,0,0,0,0,0,0,0,0,0,0,0,0,0,0,0,0,0,0,0,0,0,0,0,0,0,0,0,0,0,0,0,0,0,0,0,0
4,right,0.32137438654899597,0.8674390316009521,3.333626068524609e-07,0.29386675357818604,0.806304931640625,-0.0056055630557239056,0.2916106581687927,0.7299191951751709,-0.019255012273788452,0.31414994597435,0.6681889295578003,-0.03173106908798218,0.3389825224876404,0.6312559843063354,-0.04506538435816765,0.2805742919445038,0.7292286157608032,-0.05345114693045616,0.3157651722431183,0.618022620677948,-0.07684214413166046,0.33638104796409607,0.5636676549911499,-0.08568433672189713,0.350153386592865,0.5211651921272278,-0.0895209088921547,0.3109305799007416,0.7521888613700867,-0.06180131435394287,0.3446606695652008,0.6310282349586487,-0.0842149630188942,0.36092516779899597,0.5658575892448425,-0.09096776694059372,0.3693903088569641,0.5172845125198364,-0.09532006829977036,0.34547775983810425,0.7725403308868408,-0.06811851263046265,0.3730999231338501,0.656574547290802,-0.0850127637386322,0.38703644275665283,0.5929229855537415,-0.08959043771028519,0.39306357502937317,0.5457125306129456,-0.0923909842967987,0.37912577390670776,0.7879799604415894,-0.07401855289936066,0.3975019156932831,0.6965961456298828,-0.08670443296432495,0.406711220741272,0.6455233097076416,-0.08997856080532074,0.4126136302947998,0.6034021973609924,-0.09184862673282623
4,left,0,0,0,0,0,0,0,0,0,0,0,0,0,0,0,0,0,0,0,0,0,0,0,0,0,0,0,0,0,0,0,0,0,0,0,0,0,0,0,0,0,0,0,0,0,0,0,0,0,0,0,0,0,0,0,0,0,0,0,0,0,0,0
5,right,0.34069374203681946,0.8221439719200134,2.4437557044620917e-07,0.3104729950428009,0.7616742253303528,-0.004479403607547283,0.30491694808006287,0.6903834939002991,-0.016640104353427887,0.3228951096534729,0.6329893469810486,-0.028444690629839897,0.34734785556793213,0.6012632846832275,-0.04024992138147354,0.29643532633781433,0.6839588284492493,-0.043885815888643265,0.32397857308387756,0.5713410377502441,-0.06371723860502243,0.34187260270118713,0.52084881067276,-0.06991039961576462,0.3544875681400299,0.4814990162849426,-0.07183756679296494,0.3281933069229126,0.7014831304550171,-0.051427144557237625,0.35128387808799744,0.5804983377456665,-0.07002898305654526,0.36544185876846313,0.5192362070083618,-0.07410970330238342,0.37487560510635376,0.4733864665031433,-0.07638176530599594,0.36290112137794495,0.7143713235855103,-0.057423997670412064,0.3784058094024658,0.6000457406044006,-0.07125502824783325,0.3884533643722534,0.5385743379592896,-0.07331129163503647,0.39353665709495544,0.49225324392318726,-0.07429744303226471,0.3964358866214752,0.722236692905426,-0.06326854974031448,0.4038287401199341,0.6344060897827148,-0.07200506329536438,0.40855056047439575,0.585681140422821,-0.07234498858451843,0.41338837146759033,0.5442872643470764,-0.07230901718139648
5,left,0,0,0,0,0,0,0,0,0,0,0,0,0,0,0,0,0,0,0,0,0,0,0,0,0,0,0,0,0,0,0,0,0,0,0,0,0,0,0,0,0,0,0,0,0,0,0,0,0,0,0,0,0,0,0,0,0,0,0,0,0,0,0
6,right,0.35312479734420776,0.8021179437637329,4.336337156018999e-07,0.3199944794178009,0.7460287809371948,-0.00034384604077786207,0.3154336214065552,0.6748980283737183,-0.009925451129674911,0.33599796891212463,0.6195569634437561,-0.01875809021294117,0.35825613141059875,0.5872513651847839,-0.02843102440237999,0.3118235468864441,0.6686820387840271,-0.04150025174021721,0.33526790142059326,0.5626571178436279,-0.05733843520283699,0.34982746839523315,0.5088257789611816,-0.06148549169301987,0.3602975904941559,0.4688969850540161,-0.06211267039179802,0.3449358344078064,0.6812589168548584,-0.048740893602371216,0.3641301989555359,0.5671071410179138,-0.06320670992136002,0.37518972158432007,0.5061283111572266,-0.06583977490663528,0.3823980689048767,0.4624711573123932,-0.06697580963373184,0.37836772203445435,0.6906847357749939,-0.0534893274307251,0.3903196454048157,0.5836077928543091,-0.06271838396787643,0.3980468809604645,0.5238367915153503,-0.06470445543527603,0.40197327733039856,0.48036032915115356,-0.06603705137968063,0.4091835618019104,0.6974567770957947,-0.05748782679438591,0.41544973850250244,0.6149033308029175,-0.06319038569927216,0.41935014724731445,0.5678689479827881,-0.0632980540394783,0.4230315685272217,0.5294182300567627,-0.06307365000247955
6,left,0,0,0,0,0,0,0,0,0,0,0,0,0,0,0,0,0,0,0,0,0,0,0,0,0,0,0,0,0,0,0,0,0,0,0,0,0,0,0,0,0,0,0,0,0,0,0,0,0,0,0,0,0,0,0,0,0,0,0,0,0,0,0
7,right,0.35961130261421204,0.7989480495452881,4.202521495244582e-07,0.32331228256225586,0.7473524212837219,-0.0035105745773762465,0.31513094902038574,0.6751747131347656,-0.014115939848124981,0.3331511616706848,0.6144934892654419,-0.023074908182024956,0.3541381359100342,0.5779929161071777,-0.03259046748280525,0.3166526257991791,0.6728640198707581,-0.04677225276827812,0.33725807070732117,0.5652549862861633,-0.06437613070011139,0.3503665030002594,0.5097745656967163,-0.06894395500421524,0.36031997203826904,0.46894776821136475,-0.0697365254163742,0.3494493067264557,0.6826639175415039,-0.05250367149710655,0.36567381024360657,0.565918505191803,-0.06891060620546341,0.37527090311050415,0.5039879083633423,-0.07197950780391693,0.3822369873523712,0.46018776297569275,-0.07331244647502899,0.3824765086174011,0.6890828609466553,-0.05589234456419945,0.3935382068157196,0.5801642537117004,-0.06732147932052612,0.40104126930236816,0.5210802555084229,-0.07022782415151596,0.4051350951194763,0.47853127121925354,-0.07199768722057343,0.4118153154850006,0.6932473182678223,-0.058635417371988297,0.41830626130104065,0.6106110215187073,-0.06700846552848816,0.4213537573814392,0.564213752746582,-0.06915270537137985,0.4242761731147766,0.525704562664032,-0.07017555832862854
7,left,0,0,0,0,0,0,0,0,0,0,0,0,0,0,0,0,0,0,0,0,0,0,0,0,0,0,0,0,0,0,0,0,0,0,0,0,0,0,0,0,0,0,0,0,0,0,0,0,0,0,0,0,0,0,0,0,0,0,0,0,0,0,0
8,right,0.35586461424827576,0.8023753762245178,4.5830122985535127e-07,0.3203675150871277,0.7486537098884583,-0.004775485955178738,0.31364211440086365,0.6761922836303711,-0.016155758872628212,0.33225029706954956,0.6146747469902039,-0.025755321606993675,0.3524627387523651,0.5754004716873169,-0.03561762347817421,0.3111127018928528,0.6770163178443909,-0.046236246824264526,0.3319063186645508,0.5706748962402344,-0.06509101390838623,0.34583228826522827,0.5141249299049377,-0.07055778056383133,0.357110857963562,0.4726213812828064,-0.07162503898143768,0.34396490454673767,0.6871005892753601,-0.05179596692323685,0.3606104254722595,0.5716791749000549,-0.06911569833755493,0.3714222013950348,0.5083059072494507,-0.07277344912290573,0.38022950291633606,0.4632173478603363,-0.07423815131187439,0.37765783071517944,0.6934839487075806,-0.055344823747873306,0.3891247510910034,0.5861085057258606,-0.06708843261003494,0.39751777052879333,0.525496244430542,-0.0696796104311943,0.4033173620700836,0.4816575050354004,-0.07100991159677505,0.40841397643089294,0.6968576312065125,-0.05850307643413544,0.41444462537765503,0.6139209866523743,-0.06622067838907242,0.4176684617996216,0.5664638876914978,-0.06751871854066849,0.4212026596069336,0.5273325443267822,-0.06785444170236588
8,left,0,0,0,0,0,0,0,0,0,0,0,0,0,0,0,0,0,0,0,0,0,0,0,0,0,0,0,0,0,0,0,0,0,0,0,0,0,0,0,0,0,0,0,0,0,0,0,0,0,0,0,0,0,0,0,0,0,0,0,0,0,0,0
9,right,0.34319740533828735,0.819092333316803,4.7679085923846287e-07,0.3064306974411011,0.7660819888114929,-0.005402288865298033,0.2965291738510132,0.6941201686859131,-0.017809493467211723,0.3142414093017578,0.6330710053443909,-0.028408421203494072,0.3360021114349365,0.5951094627380371,-0.039561253041028976,0.2932865619659424,0.6951768398284912,-0.05016525089740753,0.3116365075111389,0.5858482122421265,-0.07047317177057266,0.32514697313308716,0.5278992056846619,-0.07725322246551514,0.3360341191291809,0.4854838252067566,-0.0794762447476387,0.3271327018737793,0.7061840295791626,-0.0567467138171196,0.3436773419380188,0.5892962217330933,-0.07630567252635956,0.3539293706417084,0.5225365161895752,-0.08232765644788742,0.3610052168369293,0.473985493183136,-0.0856376364827156,0.3629593551158905,0.712990939617157,-0.061161600053310394,0.3742561638355255,0.6040026545524597,-0.07486344128847122,0.3815441131591797,0.5381823182106018,-0.08002162724733353,0.385379433631897,0.4893419146537781,-0.08326239883899689,0.3954129219055176,0.7156293392181396,-0.0650743693113327,0.4000820517539978,0.6296048760414124,-0.0743047222495079,0.40197405219078064,0.5795095562934875,-0.07694858312606812,0.4046291410923004,0.5372326374053955,-0.07849611341953278
9,left,0,0,0,0,0,0,0,0,0,0,0,0,0,0,0,0,0,0,0,0,0,0,0,0,0,0,0,0,0,0,0,0,0,0,0,0,0,0,0,0,0,0,0,0,0,0,0,0,0,0,0,0,0,0,0,0,0,0,0,0,0,0,0
10,right,0.3367103934288025,0.8422579765319824,5.340291977518064e-07,0.29872196912765503,0.7924057841300964,-0.00684417225420475,0.2877519428730011,0.7188063859939575,-0.02127903141081333,0.30407577753067017,0.6546199321746826,-0.03332304209470749,0.32502156496047974,0.6123605966567993,-0.04600205272436142,0.2838789224624634,0.7233374714851379,-0.0574377067387104,0.3044406771659851,0.6061989665031433,-0.07988625019788742,0.318136066198349,0.5451763868331909,-0.08723823726177216,0.3288055658340454,0.500251054763794,-0.08956623077392578,0.31924936175346375,0.7347059845924377,-0.0638040229678154,0.33631062507629395,0.6102231740951538,-0.08587178587913513,0.34586355090141296,0.5406246185302734,-0.09171993285417557,0.35244253277778625,0.49044740200042725,-0.09455141425132751,0.35557037591934204,0.7409590482711792,-0.06766162067651749,0.3667643666267395,0.6246579885482788,-0.0832533910870552,0.37399765849113464,0.5583803653717041,-0.08750119805335999,0.37765488028526306,0.5104602575302124,-0.08970358222723007,0.38825473189353943,0.7423845529556274,-0.07096745073795319,0.39477163553237915,0.6526852250099182,-0.08168455213308334,0.397144615650177,0.6022591590881348,-0.08390821516513824,0.3988354802131653,0.5600992441177368,-0.08479467779397964
10,left,0,0,0,0,0,0,0,0,0,0,0,0,0,0,0,0,0,0,0,0,0,0,0,0,0,0,0,0,0,0,0,0,0,0,0,0,0,0,0,0,0,0,0,0,0,0,0,0,0,0,0,0,0,0,0,0,0,0,0,0,0,0,0
11,right,0.3358106315135956,0.8562173843383789,5.442447559289576e-07,0.29780635237693787,0.8032698035240173,-0.0071782320737838745,0.2880401909351349,0.7301032543182373,-0.021286616101861,0.3051636815071106,0.6653909087181091,-0.03284711390733719,0.32555091381073,0.6219853162765503,-0.044953182339668274,0.2833154797554016,0.7380668520927429,-0.05793995037674904,0.3045496642589569,0.623537003993988,-0.08079240471124649,0.3170987367630005,0.5620017647743225,-0.0885038748383522,0.3261566758155823,0.5157763957977295,-0.0911291316151619,0.31943559646606445,0.7501137256622314,-0.0641503632068634,0.33722376823425293,0.6274063587188721,-0.0866539254784584,0.3459875285625458,0.5572087168693542,-0.09234435111284256,0.3513144254684448,0.5061172842979431,-0.09511588513851166,0.3557283580303192,0.7568601965904236,-0.0679146870970726,0.369247704744339,0.6420843601226807,-0.08423510193824768,0.3751530945301056,0.5757992267608643,-0.08815347403287888,0.3764670193195343,0.5275060534477234,-0.08998508751392365,0.3877870738506317,0.7586974501609802,-0.07120034843683243,0.39648276567459106,0.6695317625999451,-0.0829225555062294,0.3994167149066925,0.61916583776474,-0.08525107800960541,0.4008365869522095,0.5781714916229248,-0.0860038474202156
11,left,0,0,0,0,0,0,0,0,0,0,0,0,0,0,0,0,0,0,0,0,0,0,0,0,0,0,0,0,0,0,0,0,0,0,0,0,0,0,0,0,0,0,0,0,0,0,0,0,0,0,0,0,0,0,0,0,0,0,0,0,0,0,0
12,right,0.3380904495716095,0.8438181281089783,5.936886395829788e-07,0.29960349202156067,0.7938675284385681,-0.00824904814362526,0.2882751226425171,0.7188446521759033,-0.022928759455680847,0.30490991473197937,0.6519291400909424,-0.0345444530248642,0.32433053851127625,0.6074041724205017,-0.04670879244804382,0.2845662236213684,0.72661954164505,-0.059670377522706985,0.3046119213104248,0.6108883023262024,-0.0819801613688469,0.3170442283153534,0.5483310222625732,-0.08916958421468735,0.32706132531166077,0.5018187761306763,-0.09127887338399887,0.3209080696105957,0.7382858395576477,-0.06472527980804443,0.3370226323604584,0.6136220097541809,-0.0856945589184761,0.3458825647830963,0.5431907176971436,-0.09064098447561264,0.3525893986225128,0.49391186237335205,-0.09315840154886246,0.357477068901062,0.7440493106842041,-0.06731179356575012,0.36688339710235596,0.6288360953330994,-0.08165960013866425,0.37235021591186523,0.5612365007400513,-0.08578727394342422,0.37503582239151,0.5128093957901001,-0.08829864859580994,0.3898470103740692,0.7449250221252441,-0.06945088505744934,0.3935081958770752,0.655418872833252,-0.07971417158842087,0.3957212567329407,0.604522168636322,-0.08226490020751953,0.39837050437927246,0.5636424422264099,-0.08353384584188461
12,left,0,0,0,0,0,0,0,0,0,0,0,0,0,0,0,0,0,0,0,0,0,0,0,0,0,0,0,0,0,0,0,0,0,0,0,0,0,0,0,0,0,0,0,0,0,0,0,0,0,0,0,0,0,0,0,0,0,0,0,0,0,0,0
13,right,0.3359910845756531,0.8159022331237793,5.887259817427548e-07,0.29849809408187866,0.762050986289978,-0.006110540125519037,0.2911117970943451,0.6888114213943481,-0.019055884331464767,0.3109091818332672,0.6266688704490662,-0.0299196969717741,0.3313669264316559,0.5878502726554871,-0.04120653122663498,0.2890606224536896,0.6910576820373535,-0.04963326454162598,0.3100818395614624,0.5813800096511841,-0.06838017702102661,0.3232535719871521,0.5232735872268677,-0.07436686009168625,0.3336239159107208,0.48026609420776367,-0.0759073868393898,0.3251858353614807,0.701847493648529,-0.055135007947683334,0.34209686517715454,0.5832993388175964,-0.07186315208673477,0.3517402410507202,0.5165213942527771,-0.07570759952068329,0.35879063606262207,0.47030532360076904,-0.07766805589199066,0.3605513572692871,0.7083747386932373,-0.05852321535348892,0.3710475564002991,0.5995763540267944,-0.06954243034124374,0.3775867819786072,0.5357142686843872,-0.07276508212089539,0.3813047409057617,0.49093008041381836,-0.07483658939599991,0.3917750418186188,0.7111201882362366,-0.0615246556699276,0.3968105614185333,0.6271666288375854,-0.06856507807970047,0.3995629847049713,0.5784980058670044,-0.06952301412820816,0.4023407995700836,0.5401100516319275,-0.0698392316699028
13,left,0,0,0,0,0,0,0,0,0,0,0,0,0,0,0,0,0,0,0,0,0,0,0,0,0,0,0,0,0,0,0,0,0,0,0,0,0,0,0,0,0,0,0,0,0,0,0,0,0,0,0,0,0,0,0,0,0,0,0,0,0,0,0
14,right,0.34629306197166443,0.7973300218582153,4.844880550081143e-07,0.3107825517654419,0.7437417507171631,-0.003120852168649435,0.3059041202068329,0.6737236976623535,-0.013923241756856441,0.326882541179657,0.6174054741859436,-0.023534193634986877,0.34985998272895813,0.5842652320861816,-0.03389554098248482,0.3051493763923645,0.6710255742073059,-0.04340171441435814,0.32601064443588257,0.5643215179443359,-0.06032203510403633,0.33927589654922485,0.5086625814437866,-0.06538935750722885,0.349859356880188,0.46765345335006714,-0.06625440716743469,0.33848264813423157,0.6812216639518738,-0.04949803650379181,0.35640949010849,0.5668776035308838,-0.06410311907529831,0.36568790674209595,0.5032686591148376,-0.06753049790859222,0.3723384141921997,0.45827704668045044,-0.06906640529632568,0.3719291090965271,0.6884394884109497,-0.05331117659807205,0.3830105662345886,0.5831733345985413,-0.06229408457875252,0.38970115780830383,0.5232558250427246,-0.06484603881835938,0.39362573623657227,0.4805700182914734,-0.06650960445404053,0.40181440114974976,0.6931523084640503,-0.05663439631462097,0.4073704481124878,0.612903356552124,-0.06192930042743683,0.4108351469039917,0.5673664212226868,-0.061954617500305176,0.4144692122936249,0.5307931303977966,-0.061545480042696
14,left,0,0,0,0,0,0,0,0,0,0,0,0,0,0,0,0,0,0,0,0,0,0,0,0,0,0,0,0,0,0,0,0,0,0,0,0,0,0,0,0,0,0,0,0,0,0,0,0,0,0,0,0,0,0,0,0,0,0,0,0,0,0,0
15,right,0.34956493973731995,0.7951804995536804,4.478132495933096e-07,0.31183409690856934,0.7423279285430908,-0.004947451874613762,0.304129958152771,0.6708158850669861,-0.01595376618206501,0.32384833693504333,0.6104652285575867,-0.025053011253476143,0.3457566499710083,0.5750672817230225,-0.034804753959178925,0.3095156252384186,0.667850911617279,-0.0468064583837986,0.3292146325111389,0.5624103546142578,-0.064870186150074,0.341535359621048,0.507031261920929,-0.07030792534351349,0.35130050778388977,0.4658433794975281,-0.07175537198781967,0.3428214192390442,0.6767913699150085,-0.05215640738606453,0.3590647578239441,0.5614147186279297,-0.06893816590309143,0.3678392767906189,0.49922889471054077,-0.07309001684188843,0.3744586110115051,0.4550881087779999,-0.0750918984413147,0.37548214197158813,0.6830409169197083,-0.0553399920463562,0.3859751224517822,0.5768735408782959,-0.06691838800907135,0.3929760754108429,0.5176477432250977,-0.07105158269405365,0.3973958492279053,0.47476089000701904,-0.07365771383047104,0.4039399027824402,0.6877696514129639,-0.05799950659275055,0.41028136014938354,0.6070868968963623,-0.06628835946321487,0.41336947679519653,0.5616814494132996,-0.06876372545957565,0.41699323058128357,0.5239971280097961,-0.070025235414505
15,left,0,0,0,0,0,0,0,0,0,0,0,0,0,0,0,0,0,0,0,0,0,0,0,0,0,0,0,0,0,0,0,0,0,0,0,0,0,0,0,0,0,0,0,0,0,0,0,0,0,0,0,0,0,0,0,0,0,0,0,0,0,0,0
16,right,0.3421148955821991,0.7967445850372314,4.739014229926397e-07,0.305375874042511,0.7424049377441406,-0.00395581778138876,0.2998974323272705,0.6717430353164673,-0.015060091391205788,0.3215496242046356,0.6147494316101074,-0.024473145604133606,0.3447136878967285,0.5820412039756775,-0.0346028096973896,0.2985615134239197,0.6675608158111572,-0.046721722930669785,0.3187411427497864,0.5607173442840576,-0.06523127108812332,0.33181264996528625,0.5041840076446533,-0.07071086764335632,0.34204334020614624,0.4628990590572357,-0.07190517336130142,0.332014799118042,0.6776713132858276,-0.052568137645721436,0.34792324900627136,0.5621337890625,-0.06957153230905533,0.35730689764022827,0.4966236352920532,-0.07406114786863327,0.3643260598182678,0.4489278793334961,-0.07621270418167114,0.3658808171749115,0.6852242946624756,-0.0560920350253582,0.37595903873443604,0.5773580074310303,-0.06781145185232162,0.3832041621208191,0.5170833468437195,-0.07157532125711441,0.3881389796733856,0.47318798303604126,-0.0736970379948616,0.39623668789863586,0.6907086372375488,-0.05899646878242493,0.4015868306159973,0.6089797616004944,-0.06684886664152145,0.40463972091674805,0.5629163980484009,-0.0684332326054573,0.4089161157608032,0.5243678092956543,-0.06884587556123734
16,left,0,0,0,0,0,0,0,0,0,0,0,0,0,0,0,0,0,0,0,0,0,0,0,0,0,0,0,0,0,0,0,0,0,0,0,0,0,0,0,0,0,0,0,0,0,0,0,0,0,0,0,0,0,0,0,0,0,0,0,0,0,0,0
17,right,0.3316744267940521,0.81083083152771,4.795761014975142e-07,0.29543399810791016,0.7557743787765503,-0.0039003535639494658,0.28936851024627686,0.6841799020767212,-0.01524285227060318,0.31136301159858704,0.6262720823287964,-0.025180760771036148,0.33594733476638794,0.5933437943458557,-0.036069564521312714,0.2855508327484131,0.6790542602539062,-0.04728967323899269,0.30654996633529663,0.5699930787086487,-0.06673508137464523,0.31990349292755127,0.5117623805999756,-0.07353386282920837,0.3298244774341583,0.468960702419281,-0.07593634724617004,0.3202015161514282,0.6899883151054382,-0.05420923978090286,0.33730438351631165,0.573245644569397,-0.07292354106903076,0.34672173857688904,0.5067998766899109,-0.07933461666107178,0.3526524603366852,0.4580364227294922,-0.08295345306396484,0.3557409644126892,0.6982056498527527,-0.058815453201532364,0.36706316471099854,0.5888804197311401,-0.07195897400379181,0.3744184076786041,0.5250281095504761,-0.07738286256790161,0.3781251013278961,0.47802287340164185,-0.08075330406427383,0.3870861232280731,0.7034485340118408,-0.06279920786619186,0.39366430044174194,0.6195391416549683,-0.07194321602582932,0.3959893584251404,0.5705264210700989,-0.07468976825475693,0.39869406819343567,0.528844952583313,-0.0761423334479332
17,left,0,0,0,0,0,0,0,0,0,0,0,0,0,0,0,0,0,0,0,0,0,0,0,0,0,0,0,0,0,0,0,0,0,0,0,0,0,0,0,0,0,0,0,0,0,0,0,0,0,0,0,0,0,0,0,0,0,0,0,0,0,0,0
18,right,0.32944634556770325,0.8289004564285278,5.032845820096554e-07,0.29221731424331665,0.7747198343276978,-0.0040924809873104095,0.28411149978637695,0.7021430134773254,-0.016525860875844955,0.30354198813438416,0.641413688659668,-0.02744361199438572,0.3260980248451233,0.6033984422683716,-0.03910090774297714,0.27725571393966675,0.6962870359420776,-0.050438642501831055,0.3000354766845703,0.5842326283454895,-0.07180431485176086,0.31414198875427246,0.524475634098053,-0.07937996089458466,0.3243485987186432,0.4805392026901245,-0.0820317342877388,0.3118809163570404,0.7090800404548645,-0.057925570756196976,0.3311404287815094,0.5879337191581726,-0.07900406420230865,0.3415939509868622,0.5194462537765503,-0.08596199005842209,0.3483169376850128,0.468517541885376,-0.08962106704711914,0.3482265770435333,0.7179696559906006,-0.06293027848005295,0.36172422766685486,0.605033278465271,-0.0777818113565445,0.3699604570865631,0.5403023958206177,-0.08259280025959015,0.3740103244781494,0.4924001097679138,-0.08517919480800629,0.381222665309906,0.7230453491210938,-0.06726975739002228,0.389179527759552,0.6359694004058838,-0.07710517942905426,0.3915419280529022,0.5860846638679504,-0.07914643734693527,0.3933205008506775,0.5435271263122559,-0.0798446387052536
18,left,0,0,0,0,0,0,0,0,0,0,0,0,0,0,0,0,0,0,0,0,0,0,0,0,0,0,0,0,0,0,0,0,0,0,0,0,0,0,0,0,0,0,0,0,0,0,0,0,0,0,0,0,0,0,0,0,0,0,0,0,0,0,0
19,right,0.33115464448928833,0.8386406302452087,5.370373514779203e-07,0.2927810251712799,0.7829741835594177,-0.005286067258566618,0.2824860215187073,0.7099053263664246,-0.01847689226269722,0.29897862672805786,0.6455423831939697,-0.029864918440580368,0.3191511631011963,0.602501392364502,-0.04187357425689697,0.28114253282546997,0.7093405723571777,-0.05269556865096092,0.3027447462081909,0.5956209301948547,-0.07445196062326431,0.3159811198711395,0.5341930389404297,-0.08183949440717697,0.3251768946647644,0.4884181022644043,-0.08432982861995697,0.3163769543170929,0.7214565873146057,-0.05992331728339195,0.3345019221305847,0.5997510552406311,-0.08121810108423233,0.3444899022579193,0.5303281545639038,-0.08676189184188843,0.3507263958454132,0.48002973198890686,-0.0894339308142662,0.3520103693008423,0.7295538187026978,-0.0648217499256134,0.3660062253475189,0.6149497032165527,-0.08013330399990082,0.37345564365386963,0.5490155220031738,-0.08372726291418076,0.3761973977088928,0.500942051410675,-0.08538591861724854,0.38387787342071533,0.7344869375228882,-0.06918922066688538,0.39281851053237915,0.6459325551986694,-0.07980814576148987,0.3961481750011444,0.5952677130699158,-0.08139452338218689,0.39816439151763916,0.5537309646606445,-0.08161140233278275
19,left,0,0,0,0,0,0,0,0,0,0,0,0,0,0,0,0,0,0,0,0,0,0,0,0,0,0,0,0,0,0,0,0,0,0,0,0,0,0,0,0,0,0,0,0,0,0,0,0,0,0,0,0,0,0,0,0,0,0,0,0,0,0,0
20,right,0.33160507678985596,0.8159107565879822,5.55563701709616e-07,0.29265984892845154,0.7620363235473633,-0.005173204932361841,0.2830383777618408,0.6876107454299927,-0.017583569511771202,0.29977816343307495,0.6230405569076538,-0.02791273221373558,0.3186301290988922,0.5815814733505249,-0.0388818122446537,0.28481706976890564,0.68753582239151,-0.05117505416274071,0.304688960313797,0.5746750831604004,-0.07085181772708893,0.3171063959598541,0.514234185218811,-0.07687152922153473,0.3266142010688782,0.4691227078437805,-0.07834668457508087,0.31972384452819824,0.6977009177207947,-0.05721370503306389,0.3375347852706909,0.5762537121772766,-0.07506316155195236,0.3467928171157837,0.5088320374488831,-0.07902573049068451,0.35351401567459106,0.462592214345932,-0.08104071021080017,0.3542833924293518,0.704729437828064,-0.06094979867339134,0.3662145137786865,0.5933108925819397,-0.07331323623657227,0.3726922571659088,0.5286897420883179,-0.07726036757230759,0.3762267231941223,0.4829859137535095,-0.0798998475074768,0.3849061131477356,0.7094109058380127,-0.06407210230827332,0.39129889011383057,0.6234405636787415,-0.07329252362251282,0.39472854137420654,0.573846697807312,-0.07568350434303284,0.39849600195884705,0.5337886810302734,-0.07687903195619583
20,left,0,0,0,0,0,0,0,0,0,0,0,0,0,0,0,0,0,0,0,0,0,0,0,0,0,0,0,0,0,0,0,0,0,0,0,0,0,0,0,0,0,0,0,0,0,0,0,0,0,0,0,0,0,0,0,0,0,0,0,0,0,0,0
21,right,0.33872395753860474,0.7877101302146912,1.9366108006124705e-07,0.30361947417259216,0.731226921081543,-0.0032351077534258366,0.29877734184265137,0.6623820066452026,-0.01356074120849371,0.31811273097991943,0.607520580291748,-0.02364882454276085,0.3432004153728485,0.5818681120872498,-0.03413598611950874,0.300139456987381,0.6534485816955566,-0.040674664080142975,0.3209976553916931,0.5386356711387634,-0.058266617357730865,0.3359066843986511,0.48931121826171875,-0.06328576803207397,0.3465920686721802,0.4520969092845917,-0.06444500386714935,0.3316381275653839,0.6654210686683655,-0.04739789664745331,0.3492322564125061,0.5439285635948181,-0.06386411935091019,0.35954445600509644,0.4857364296913147,-0.06684966385364532,0.36596235632896423,0.44408267736434937,-0.06827245652675629,0.3643520772457123,0.6749054789543152,-0.05232975259423256,0.3761270344257355,0.562896192073822,-0.0638703852891922,0.38251352310180664,0.5055828094482422,-0.06574752926826477,0.38551613688468933,0.464569628238678,-0.06686925888061523,0.39486682415008545,0.6828749775886536,-0.05702865123748779,0.4029560983181,0.6005700826644897,-0.0638829693198204,0.4064062237739563,0.5545411705970764,-0.06383617222309113,0.40982407331466675,0.5163405537605286,-0.0636080875992775
21,left,0,0,0,0,0,0,0,0,0,0,0,0,0,0,0,0,0,0,0,0,0,0,0,0,0,0,0,0,0,0,0,0,0,0,0,0,0,0,0,0,0,0,0,0,0,0,0,0,0,0,0,0,0,0,0,0,0,0,0,0,0,0,0
22,right,0.3513663411140442,0.7856629490852356,4.169828571320977e-07,0.3144034147262573,0.7291276454925537,-0.0017969534965232015,0.30976781249046326,0.6598614454269409,-0.01213118527084589,0.3336353003978729,0.6067286729812622,-0.021361790597438812,0.35948142409324646,0.5778458714485168,-0.03166203573346138,0.3120335638523102,0.6509720683097839,-0.04619075357913971,0.3332679569721222,0.5424825549125671,-0.06349723786115646,0.3468059003353119,0.4873868227005005,-0.06819510459899902,0.3564591705799103,0.44688981771469116,-0.06903010606765747,0.3465019464492798,0.661271870136261,-0.05256091430783272,0.36309003829956055,0.546367883682251,-0.06852921098470688,0.37294891476631165,0.48447170853614807,-0.07229296863079071,0.3788682222366333,0.43881893157958984,-0.07405468821525574,0.3800868093967438,0.6684191226959229,-0.0561966635286808,0.3917056918144226,0.5615828037261963,-0.06687573343515396,0.39950117468833923,0.5024510622024536,-0.07020548731088638,0.40322205424308777,0.45939409732818604,-0.07214623689651489,0.4089965522289276,0.674153208732605,-0.05904146656394005,0.41622021794319153,0.59156733751297,-0.06589344143867493,0.4197029769420624,0.5457687377929688,-0.06684011965990067,0.4229341149330139,0.5079849362373352,-0.06693549454212189
22,left,0,0,0,0,0,0,0,0,0,0,0,0,0,0,0,0,0,0,0,0,0,0,0,0,0,0,0,0,0,0,0,0,0,0,0,0,0,0,0,0,0,0,0,0,0,0,0,0,0,0,0,0,0,0,0,0,0,0,0,0,0,0,0
23,right,0.35258224606513977,0.7844213247299194,4.317509478823922e-07,0.3133191466331482,0.7287511229515076,-0.00418685469776392,0.3054084777832031,0.6583830118179321,-0.015085766091942787,0.3249320387840271,0.5994329452514648,-0.02410408854484558,0.3480079174041748,0.5655916929244995,-0.033793725073337555,0.31300342082977295,0.6529029607772827,-0.04712435603141785,0.3335128128528595,0.5446634292602539,-0.06500431895256042,0.346515029668808,0.4893854260444641,-0.06959093362092972,0.3564547002315521,0.44895192980766296,-0.07020071148872375,0.3467119336128235,0.6614601612091064,-0.0523199699819088,0.36363521218299866,0.5433361530303955,-0.06877884268760681,0.37310484051704407,0.4818825423717499,-0.0715528205037117,0.3800883889198303,0.4399973154067993,-0.07227838784456253,0.3794076442718506,0.6681002974510193,-0.05514761060476303,0.39058494567871094,0.5592554807662964,-0.0659504309296608,0.39767634868621826,0.501029372215271,-0.06803261488676071,0.4022669196128845,0.4597128629684448,-0.06905349344015121,0.40752512216567993,0.6738669276237488,-0.05744169279932976,0.4138321876525879,0.591302216053009,-0.06464496999979019,0.4164215624332428,0.5451383590698242,-0.0654871016740799,0.41970396041870117,0.5070239901542664,-0.06536738574504852
23,left,0,0,0,0,0,0,0,0,0,0,0,0,0,0,0,0,0,0,0,0,0,0,0,0,0,0,0,0,0,0,0,0,0,0,0,0,0,0,0,0,0,0,0,0,0,0,0,0,0,0,0,0,0,0,0,0,0,0,0,0,0,0,0
24,right,0.34095901250839233,0.7946147918701172,4.318708874961885e-07,0.3050349950790405,0.7378212809562683,-0.0031289986800402403,0.30061912536621094,0.6671688556671143,-0.013233768753707409,0.32312846183776855,0.6109170317649841,-0.022295696660876274,0.34806305170059204,0.580128014087677,-0.03180281072854996,0.29637759923934937,0.6608020067214966,-0.0416707806289196,0.3165598213672638,0.5529831647872925,-0.0592622384428978,0.33036911487579346,0.49728506803512573,-0.06475485116243362,0.341439813375473,0.4570588171482086,-0.06609930843114853,0.3305259943008423,0.6709480881690979,-0.048260439187288284,0.34700101613998413,0.5558961033821106,-0.06441619247198105,0.3561348617076874,0.4928016662597656,-0.06917150318622589,0.3626630902290344,0.44764190912246704,-0.07146865129470825,0.3655661642551422,0.6791131496429443,-0.05280054360628128,0.3767094016075134,0.5715072154998779,-0.06350594758987427,0.383853018283844,0.5111113786697388,-0.0669463723897934,0.3884109854698181,0.4672923982143402,-0.06893684715032578,0.396713525056839,0.6852440237998962,-0.056908056139945984,0.4034726023674011,0.6035221815109253,-0.0635685920715332,0.40565192699432373,0.5567001700401306,-0.06446316838264465,0.40860462188720703,0.517694890499115,-0.06449393182992935
24,left,0,0,0,0,0,0,0,0,0,0,0,0,0,0,0,0,0,0,0,0,0,0,0,0,0,0,0,0,0,0,0,0,0,0,0,0,0,0,0,0,0,0,0,0,0,0,0,0,0,0,0,0,0,0,0,0,0,0,0,0,0,0,0
25,right,0.3336275517940521,0.8189682960510254,4.890311515737267e-07,0.29710254073143005,0.7637487053871155,-0.0038403267972171307,0.28966644406318665,0.691161572933197,-0.016214702278375626,0.30980005860328674,0.6308801770210266,-0.027279220521450043,0.33384910225868225,0.5951806306838989,-0.03914937749505043,0.28567737340927124,0.6855536699295044,-0.04920755326747894,0.3081919252872467,0.5725078582763672,-0.06977187097072601,0.3223828673362732,0.5130771994590759,-0.07654203474521637,0.333158940076828,0.46947234869003296,-0.07863250374794006,0.32011350989341736,0.6977671384811401,-0.05693168193101883,0.33931049704551697,0.5768262147903442,-0.07674935460090637,0.3499532639980316,0.5086561441421509,-0.08260330557823181,0.3573625385761261,0.4589661955833435,-0.08539260923862457,0.3554953932762146,0.7072845697402954,-0.0622863844037056,0.36854901909828186,0.5945593118667603,-0.07594474405050278,0.37629690766334534,0.5293154716491699,-0.08036718517541885,0.3803257942199707,0.4809895157814026,-0.08286286145448685,0.387611985206604,0.714034378528595,-0.06702067703008652,0.3952794671058655,0.6278544664382935,-0.07590033113956451,0.39758050441741943,0.5783852934837341,-0.07749494910240173,0.3996758759021759,0.5363227128982544,-0.07802518457174301
25,left,0,0,0,0,0,0,0,0,0,0,0,0,0,0,0,0,0,0,0,0,0,0,0,0,0,0,0,0,0,0,0,0,0,0,0,0,0,0,0,0,0,0,0,0,0,0,0,0,0,0,0,0,0,0,0,0,0,0,0,0,0,0,0
26,right,0.33554553985595703,0.8483444452285767,5.009702022107376e-07,0.29990920424461365,0.7929360270500183,-0.006787866819649935,0.29356953501701355,0.7158680558204651,-0.02056840807199478,0.3151376247406006,0.6524648666381836,-0.03264486789703369,0.33777597546577454,0.6118496656417847,-0.045334868133068085,0.2861873507499695,0.7160210013389587,-0.05256923660635948,0.3083527088165283,0.5999952554702759,-0.07505293190479279,0.32214656472206116,0.538509726524353,-0.08338938653469086,0.33233317732810974,0.4911751449108124,-0.08663138002157211,0.32112208008766174,0.7283332347869873,-0.05988090857863426,0.3408450782299042,0.6031104326248169,-0.08109964430332184,0.3517591953277588,0.5337114930152893,-0.08747927844524384,0.3597129285335541,0.48355361819267273,-0.09076854586601257,0.35730817914009094,0.7374660968780518,-0.06520189344882965,0.37140092253685,0.6205178499221802,-0.08020257204771042,0.37875112891197205,0.5540469884872437,-0.08485661447048187,0.38213711977005005,0.5061154961585999,-0.08747637271881104,0.39065858721733093,0.7430030703544617,-0.07025478780269623,0.39814311265945435,0.6532183289527893,-0.08059156686067581,0.40082478523254395,0.6024040579795837,-0.08283882588148117,0.40294086933135986,0.5608546137809753,-0.08385340124368668
26,left,0,0,0,0,0,0,0,0,0,0,0,0,0,0,0,0,0,0,0,0,0,0,0,0,0,0,0,0,0,0,0,0,0,0,0,0,0,0,0,0,0,0,0,0,0,0,0,0,0,0,0,0,0,0,0,0,0,0,0,0,0,0,0
27,right,0.33823296427726746,0.8595468997955322,5.346233820091584e-07,0.2999538481235504,0.8016036152839661,-0.0062218657694756985,0.2919405996799469,0.7256281971931458,-0.01968071237206459,0.3108556270599365,0.6599060893058777,-0.03092348389327526,0.332028865814209,0.6156256794929504,-0.042524177581071854,0.2899784445762634,0.7297104597091675,-0.05501868203282356,0.31358084082603455,0.6134846806526184,-0.0772184357047081,0.32812172174453735,0.551546037197113,-0.08413174003362656,0.33865922689437866,0.5055963397026062,-0.08609465509653091,0.32542216777801514,0.7427814602851868,-0.0616665743291378,0.34560781717300415,0.6179794073104858,-0.08347561210393906,0.356840580701828,0.5476418137550354,-0.08823755383491516,0.364363431930542,0.4967714548110962,-0.09013393521308899,0.36139723658561707,0.7515453100204468,-0.06595722585916519,0.37659165263175964,0.6350935697555542,-0.08145774900913239,0.38467854261398315,0.5695907473564148,-0.08412489295005798,0.3881727159023285,0.5221109390258789,-0.08506717532873154,0.39387911558151245,0.7568371891975403,-0.06979729235172272,0.40307578444480896,0.6678110361099243,-0.08056404441595078,0.4069404602050781,0.6178408861160278,-0.08173024654388428,0.40964922308921814,0.5773090124130249,-0.08158119767904282
27,left,0,0,0,0,0,0,0,0,0,0,0,0,0,0,0,0,0,0,0,0,0,0,0,0,0,0,0,0,0,0,0,0,0,0,0,0,0,0,0,0,0,0,0,0,0,0,0,0,0,0,0,0,0,0,0,0,0,0,0,0,0,0,0
28,right,0.33979475498199463,0.8500497341156006,5.514203849088517e-07,0.3029259145259857,0.7941851019859314,-0.006242775823920965,0.2951749265193939,0.7167486548423767,-0.019507337361574173,0.3144286572933197,0.6513223052024841,-0.030689412727952003,0.33603134751319885,0.6093134880065918,-0.04244533181190491,0.29125896096229553,0.7208150029182434,-0.0532144196331501,0.3137999176979065,0.6042252779006958,-0.07436744123697281,0.3268243074417114,0.5418765544891357,-0.08134285360574722,0.33658722043037415,0.49480944871902466,-0.0836535394191742,0.32630905508995056,0.7342199683189392,-0.05972426384687424,0.34507256746292114,0.609278678894043,-0.08007287234067917,0.3554631173610687,0.5402780771255493,-0.08552911877632141,0.36285099387168884,0.49086326360702515,-0.08840885013341904,0.3624783456325531,0.7430996298789978,-0.06395500153303146,0.37500929832458496,0.6262896656990051,-0.07838017493486404,0.3827093243598938,0.560011088848114,-0.08286892622709274,0.38639748096466064,0.511945366859436,-0.08556567877531052,0.3954845666885376,0.7477079629898071,-0.06770170480012894,0.4018499553203583,0.657539427280426,-0.07815877348184586,0.40555959939956665,0.6065253615379333,-0.08090100437402725,0.4090137481689453,0.5648562908172607,-0.08229818940162659
28,left,0,0,0,0,0,0,0,0,0,0,0,0,0,0,0,0,0,0,0,0,0,0,0,0,0,0,0,0,0,0,0,0,0,0,0,0,0,0,0,0,0,0,0,0,0,0,0,0,0,0,0,0,0,0,0,0,0,0,0,0,0,0,0
29,right,0.33615052700042725,0.828055202960968,5.668499625244294e-07,0.29937365651130676,0.7727165818214417,-0.00401647575199604,0.2916978597640991,0.6974039077758789,-0.016174817457795143,0.30977895855903625,0.6326920986175537,-0.026499295607209206,0.3306185007095337,0.5915569067001343,-0.03752724081277847,0.28896504640579224,0.6956518888473511,-0.049223169684410095,0.31102609634399414,0.5824909210205078,-0.06880582869052887,0.3240455985069275,0.5217880606651306,-0.07504020631313324,0.33401861786842346,0.4762609601020813,-0.07672197371721268,0.32366687059402466,0.7069993019104004,-0.055794309824705124,0.3422723412513733,0.5849433541297913,-0.0736522451043129,0.35259494185447693,0.5167575478553772,-0.07817108184099197,0.3601531684398651,0.46996963024139404,-0.08054088801145554,0.35891881585121155,0.7151860594749451,-0.05996385216712952,0.3713832199573517,0.6024271249771118,-0.07227441668510437,0.37874552607536316,0.5371896624565125,-0.0762815922498703,0.3825836181640625,0.49083060026168823,-0.0789315328001976,0.39091312885284424,0.7203784584999084,-0.06339923292398453,0.39754679799079895,0.6335780620574951,-0.07237579673528671,0.40127527713775635,0.5837217569351196,-0.07438020408153534,0.4051476716995239,0.5431923866271973,-0.07522802799940109
29,left,0,0,0,0,0,0,0,0,0,0,0,0,0,0,0,0,0,0,0,0,0,0,0,0,0,0,0,0,0,0,0,0,0,0,0,0,0,0,0,0,0,0,0,0,0,0,0,0,0,0,0,0,0,0,0,0,0,0,0,0,0,0,0
30,right,0.3388228714466095,0.8029594421386719,5.330892918209429e-07,0.3024961054325104,0.7471054196357727,-0.003007101360708475,0.29629310965538025,0.6759761571884155,-0.014734264463186264,0.31704455614089966,0.6192492246627808,-0.025318944826722145,0.34017327427864075,0.5859053730964661,-0.03683013468980789,0.2963612377643585,0.6709638833999634,-0.04689764231443405,0.31740403175354004,0.5599328279495239,-0.06564086675643921,0.33076050877571106,0.5027762055397034,-0.07141854614019394,0.3409247100353241,0.4604787230491638,-0.07275571674108505,0.3301664888858795,0.6818581819534302,-0.05384369194507599,0.3473595678806305,0.5629719495773315,-0.07062739878892899,0.35701948404312134,0.498067706823349,-0.07461012154817581,0.36414170265197754,0.4532625079154968,-0.07660306245088577,0.3638843297958374,0.6896517276763916,-0.05851573124527931,0.3749040365219116,0.5806454420089722,-0.06993693113327026,0.3817639946937561,0.5187467336654663,-0.07383599132299423,0.38590747117996216,0.4748494625091553,-0.07641063630580902,0.39404428005218506,0.6950308680534363,-0.06252018362283707,0.3996347188949585,0.6123535633087158,-0.0707172304391861,0.4028785526752472,0.5645514130592346,-0.07266999036073685,0.4068233370780945,0.5253385305404663,-0.07357273995876312
30,left,0,0,0,0,0,0,0,0,0,0,0,0,0,0,0,0,0,0,0,0,0,0,0,0,0,0,0,0,0,0,0,0,0,0,0,0,0,0,0,0,0,0,0,0,0,0,0,0,0,0,0,0,0,0,0,0,0,0,0,0,0,0,0
31,right,0.344497948884964,0.7906157970428467,4.5515878355217865e-07,0.307236909866333,0.7358708381652832,-0.0014890608144924045,0.3010031580924988,0.6677942872047424,-0.011883058585226536,0.3222544491291046,0.6128054261207581,-0.021183133125305176,0.3465588390827179,0.5813899636268616,-0.0315142385661602,0.30430740118026733,0.6590189933776855,-0.044741787016391754,0.3248908817768097,0.5495808124542236,-0.06186404079198837,0.33777186274528503,0.49441421031951904,-0.06622504442930222,0.3477446138858795,0.45363306999206543,-0.06675370782613754,0.3372516632080078,0.667506217956543,-0.051326170563697815,0.3536025881767273,0.5500819087028503,-0.06698393076658249,0.36266136169433594,0.48836275935173035,-0.07006131857633591,0.369019091129303,0.4447515904903412,-0.07122229039669037,0.3702538013458252,0.6739813685417175,-0.05537751317024231,0.3800705671310425,0.566600501537323,-0.06599732488393784,0.38706666231155396,0.5077142715454102,-0.06911211460828781,0.3913842737674713,0.465293288230896,-0.07097919285297394,0.3996475636959076,0.6794033050537109,-0.058605633676052094,0.40431225299835205,0.5972590446472168,-0.06613714247941971,0.40740323066711426,0.551681637763977,-0.06763570755720139,0.41110554337501526,0.5134457945823669,-0.06803199648857117
31,left,0,0,0,0,0,0,0,0,0,0,0,0,0,0,0,0,0,0,0,0,0,0,0,0,0,0,0,0,0,0,0,0,0,0,0,0,0,0,0,0,0,0,0,0,0,0,0,0,0,0,0,0,0,0,0,0,0,0,0,0,0,0,0
32,right,0.3462596833705902,0.7900038957595825,4.417076979734702e-07,0.30814626812934875,0.7366449236869812,-0.0037644929252564907,0.3004545569419861,0.6663232445716858,-0.014517310075461864,0.3200814425945282,0.6085267066955566,-0.023792892694473267,0.34266921877861023,0.5747422575950623,-0.03358122706413269,0.30509379506111145,0.6603274345397949,-0.04508388042449951,0.32526639103889465,0.5514618158340454,-0.06310570240020752,0.33824214339256287,0.4952314794063568,-0.06796086579561234,0.34864065051078796,0.45408564805984497,-0.0686873346567154,0.33796533942222595,0.6681320667266846,-0.05079163238406181,0.3539329469203949,0.5494948625564575,-0.06733494251966476,0.36331820487976074,0.48727667331695557,-0.07046486437320709,0.37075698375701904,0.44401463866233826,-0.07134354114532471,0.37064608931541443,0.6739681363105774,-0.054327260702848434,0.3808991611003876,0.565024733543396,-0.06532498449087143,0.38779813051223755,0.5061320662498474,-0.06786772608757019,0.3924782872200012,0.4641464948654175,-0.06906996667385101,0.39969009160995483,0.678806483745575,-0.05737469717860222,0.4057191014289856,0.5963935852050781,-0.0646185353398323,0.4080166816711426,0.5502861738204956,-0.06577708572149277,0.41064295172691345,0.5123344659805298,-0.06588638573884964
32,left,0,0,0,0,0,0,0,0,0,0,0,0,0,0,0,0,0,0,0,0,0,0,0,0,0,0,0,0,0,0,0,0,0,0,0,0,0,0,0,0,0,0,0,0,0,0,0,0,0,0,0,0,0,0,0,0,0,0,0,0,0,0,0
33,right,0.3394426107406616,0.8011024594306946,4.5460501496563666e-07,0.3033945560455322,0.7462467551231384,-0.0031279667746275663,0.2979097068309784,0.6752543449401855,-0.013662124052643776,0.31989210844039917,0.6174524426460266,-0.022927874699234962,0.3440459370613098,0.5842506885528564,-0.03293927013874054,0.29369229078292847,0.6680704355239868,-0.04425330460071564,0.3153019845485687,0.5597935318946838,-0.06269631534814835,0.3290777802467346,0.5026631355285645,-0.068464495241642,0.33978191018104553,0.4602868854999542,-0.06997528672218323,0.32808953523635864,0.6783432960510254,-0.05082129314541817,0.34474316239356995,0.5614859461784363,-0.06783682107925415,0.354470431804657,0.49698424339294434,-0.07271700352430344,0.3616481125354767,0.4500160217285156,-0.07510674744844437,0.36302995681762695,0.686301052570343,-0.05515716224908829,0.3738362789154053,0.5777976512908936,-0.06679481267929077,0.3814496695995331,0.5159825682640076,-0.07048055529594421,0.38625144958496094,0.4708769917488098,-0.07252135872840881,0.39412450790405273,0.6917125582695007,-0.05891787260770798,0.3998945355415344,0.6080881953239441,-0.06668706238269806,0.4024868607521057,0.5597695112228394,-0.0681900680065155,0.405673086643219,0.5191400051116943,-0.06855662167072296
33,left,0,0,0,0,0,0,0,0,0,0,0,0,0,0,0,0,0,0,0,0,0,0,0,0,0,0,0,0,0,0,0,0,0,0,0,0,0,0,0,0,0,0,0,0,0,0,0,0,0,0,0,0,0,0,0,0,0,0,0,0,0,0,0
34,right,0.3355260193347931,0.823348879814148,4.930661816615611e-07,0.2988520562648773,0.7694576978683472,-0.004237941466271877,0.2911936640739441,0.6977489590644836,-0.01677124947309494,0.3104601800441742,0.6372213959693909,-0.027798285707831383,0.3335966467857361,0.6004082560539246,-0.03950003534555435,0.28591519594192505,0.6914570331573486,-0.050329238176345825,0.3085682988166809,0.5781786441802979,-0.07118911296129227,0.3227108120918274,0.5186063051223755,-0.07796977460384369,0.3334495723247528,0.47476649284362793,-0.07991819083690643,0.3209715187549591,0.7031351327896118,-0.05761537700891495,0.3396981656551361,0.5806117653846741,-0.07775367796421051,0.3501676917076111,0.512351393699646,-0.08346148580312729,0.35755693912506104,0.46229708194732666,-0.08602217584848404,0.35710033774375916,0.7113938927650452,-0.06246978044509888,0.3692890703678131,0.5978983640670776,-0.07644430547952652,0.37691324949264526,0.5330929160118103,-0.0804763212800026,0.38110435009002686,0.4856615960597992,-0.08244030177593231,0.3897826075553894,0.7164784073829651,-0.0667140781879425,0.3964732587337494,0.6292216181755066,-0.07565559446811676,0.3984133303165436,0.57960444688797,-0.07705102115869522,0.4003477990627289,0.5376013517379761,-0.07724310457706451
34,left,0,0,0,0,0,0,0,0,0,0,0,0,0,0,0,0,0,0,0,0,0,0,0,0,0,0,0,0,0,0,0,0,0,0,0,0,0,0,0,0,0,0,0,0,0,0,0,0,0,0,0,0,0,0,0,0,0,0,0,0,0,0,0
35,right,0.3391823172569275,0.8469429016113281,5.200083137424372e-07,0.30128180980682373,0.7923948764801025,-0.006483998149633408,0.2926831543445587,0.7172659635543823,-0.0202326662838459,0.3122924566268921,0.6527361869812012,-0.03202441707253456,0.3345111906528473,0.6109076738357544,-0.044403716921806335,0.2875033915042877,0.7189562916755676,-0.05416766554117203,0.3095231354236603,0.6010767817497253,-0.07662781327962875,0.32290586829185486,0.5390499830245972,-0.08456629514694214,0.3329232335090637,0.4919961094856262,-0.08736733347177505,0.323747456073761,0.7307305932044983,-0.061189621686935425,0.34263867139816284,0.6042247414588928,-0.08274637162685394,0.35237225890159607,0.5343528985977173,-0.0886007696390152,0.3593655824661255,0.48414182662963867,-0.09138607233762741,0.3604384660720825,0.7385303974151611,-0.06594420969486237,0.373749315738678,0.6209606528282166,-0.08092411607503891,0.3802633583545685,0.5548020601272583,-0.08466804027557373,0.3829706311225891,0.5069235563278198,-0.08659316599369049,0.3931295871734619,0.7423835396766663,-0.07032682746648788,0.4003230631351471,0.6525325775146484,-0.08059882372617722,0.40295183658599854,0.6019841432571411,-0.08212315291166306,0.40496304631233215,0.560421347618103,-0.08243876695632935
35,left,0,0,0,0,0,0,0,0,0,0,0,0,0,0,0,0,0,0,0,0,0,0,0,0,0,0,0,0,0,0,0,0,0,0,0,0,0,0,0,0,0,0,0,0,0,0,0,0,0,0,0,0,0,0,0,0,0,0,0,0,0,0,0
36,right,0.34022659063339233,0.8500926494598389,5.484347980200255e-07,0.30225053429603577,0.7938263416290283,-0.006556256674230099,0.2938576936721802,0.7171594500541687,-0.019627662375569344,0.31302040815353394,0.6511673331260681,-0.03052908554673195,0.33469775319099426,0.6086198091506958,-0.041952844709157944,0.29284998774528503,0.7218436002731323,-0.05354693531990051,0.3151730000972748,0.6043154001235962,-0.07471852749586105,0.32966169714927673,0.5424591302871704,-0.08142150193452835,0.34061357378959656,0.4967229664325714,-0.08349516987800598,0.32914549112319946,0.7341632843017578,-0.05998644605278969,0.346126526594162,0.6102555990219116,-0.08134781569242477,0.35580337047576904,0.5402845144271851,-0.08694415539503098,0.36215025186538696,0.48933887481689453,-0.08954303711652756,0.3656291961669922,0.7420914769172668,-0.0640692412853241,0.3767651319503784,0.6256361603736877,-0.0793738067150116,0.3840537667274475,0.5595534443855286,-0.0830373540520668,0.38723015785217285,0.5111088156700134,-0.084715336561203,0.3976633846759796,0.7463587522506714,-0.0677310973405838,0.40373504161834717,0.6576142311096191,-0.07850088179111481,0.4068932831287384,0.6068102717399597,-0.08022911101579666,0.4099120795726776,0.5647796988487244,-0.08056458085775375
36,left,0,0,0,0,0,0,0,0,0,0,0,0,0,0,0,0,0,0,0,0,0,0,0,0,0,0,0,0,0,0,0,0,0,0,0,0,0,0,0,0,0,0,0,0,0,0,0,0,0,0,0,0,0,0,0,0,0,0,0,0,0,0,0
