1,right,0,0,0,0,0,0,0,0,0,0,0,0,0,0,0,0,0,0,0,0,0,0,0,0,0,0,0,0,0,0,0,0,0,0,0,0,0,0,0,0,0,0,0,0,0,0,0,0,0,0,0,0,0,0,0,0,0,0,0,0,0,0,0
1,left,0,0,0,0,0,0,0,0,0,0,0,0,0,0,0,0,0,0,0,0,0,0,0,0,0,0,0,0,0,0,0,0,0,0,0,0,0,0,0,0,0,0,0,0,0,0,0,0,0,0,0,0,0,0,0,0,0,0,0,0,0,0,0
2,right,0,0,0,0,0,0,0,0,0,0,0,0,0,0,0,0,0,0,0,0,0,0,0,0,0,0,0,0,0,0,0,0,0,0,0,0,0,0,0,0,0,0,0,0,0,0,0,0,0,0,0,0,0,0,0,0,0,0,0,0,0,0,0
2,left,0,0,0,0,0,0,0,0,0,0,0,0,0,0,0,0,0,0,0,0,0,0,0,0,0,0,0,0,0,0,0,0,0,0,0,0,0,0,0,0,0,0,0,0,0,0,0,0,0,0,0,0,0,0,0,0,0,0,0,0,0,0,0
3,right,0,0,0,0,0,0,0,0,0,0,0,0,0,0,0,0,0,0,0,0,0,0,0,0,0,0,0,0,0,0,0,0,0,0,0,0,0,0,0,0,0,0,0,0,0,0,0,0,0,0,0,0,0,0,0,0,0,0,0,0,0,0,0
3,left,0,0,0,0,0,0,0,0,0,0,0,0,0,0,0,0,0,0,0,0,0,0,0,0,0,0,0,0,0,0,0,0,0,0,0,0,0,0,0,0,0,0,0,0,0,0,0,0,0,0,0,0,0,0,0,0,0,0,0,0,0,0,0
4,right,0.14568135142326355,0.7555132508277893,8.993912814503346e-08,0.2074568271636963,0.7282793521881104,-0.05389535054564476,0.2527432441711426,0.6981252431869507,-0.08879289031028748,0.29377007484436035,0.6894760727882385,-0.11899842321872711,0.3306107223033905,0.6873764991760254,-0.1509592980146408,0.20316791534423828,0.5751311182975769,-0.07942766696214676,0.19918963313102722,0.4925893247127533,-0.1163630485534668,0.19451366364955902,0.45061734318733215,-0.14501546323299408,0.19071738421916962,0.40723294019699097,-0.16630668938159943,0.14671237766742706,0.5751227736473083,-0.0749826431274414,0.11915163695812225,0.4944010376930237,-0.11113561689853668,0.10767880082130432,0.4423140585422516,-0.13796992599964142,0.09991868585348129,0.39293372631073,-0.16021357476711273,0.10094825178384781,0.5944308042526245,-0.07420779764652252,0.0648074746131897,0.5263053774833679,-0.10748457163572311,0.05130000412464142,0.47826623916625977,-0.1274850219488144,0.043147385120391846,0.43228304386138916,-0.1427806317806244,0.06763254106044769,0.6229650974273682,-0.07812773436307907,0.03118649125099182,0.5655807852745056,-0.10572167485952377,0.01198682188987732,0.5271056890487671,-0.11880654096603394,-0.00026702880859375,0.48882895708084106,-0.12917560338974
4,left,0.6732396483421326,0.7091078162193298,3.383245541499491e-07,0.6267033219337463,0.6771987080574036,-0.03724455088376999,0.5963535308837891,0.6398610472679138,-0.06772135943174362,0.5740265846252441,0.6180712580680847,-0.09563983231782913,0.5483426451683044,0.5963720083236694,-0.1243613138794899,0.6515412926673889,0.49872907996177673,-0.04837824031710625,0.662160336971283,0.4153880774974823,-0.07679397612810135,0.667133629322052,0.37130552530288696,-0.10088236629962921,0.6679986119270325,0.3303236961364746,-0.11902910470962524,0.6958343982696533,0.5018401145935059,-0.05130508169531822,0.7113685607910156,0.42470166087150574,-0.08283541351556778,0.7096163034439087,0.38594359159469604,-0.10536640882492065,0.7019476294517517,0.35594674944877625,-0.12092933058738708,0.7334272861480713,0.5188965201377869,-0.05794711783528328,0.7549863457679749,0.4371047616004944,-0.0848909541964531,0.7586216926574707,0.3828253746032715,-0.09640628099441528,0.7561960816383362,0.33516064286231995,-0.10405685007572174,0.7652127146720886,0.5476599931716919,-0.06808901578187943,0.7937401533126831,0.47868478298187256,-0.08827333897352219,0.8054015636444092,0.4296606183052063,-0.09375104308128357,0.8108647465705872,0.3812689781188965,-0.09740044176578522
5,right,0.1796989142894745,0.6967180967330933,3.7640410255335155e-07,0.2252434641122818,0.6708714962005615,-0.04213646799325943,0.26462647318840027,0.6365319490432739,-0.07027638703584671,0.30771902203559875,0.636558473110199,-0.09600593894720078,0.34634461998939514,0.6507518291473389,-0.12432022392749786,0.21837815642356873,0.4987010359764099,-0.0625024139881134,0.21849575638771057,0.406372994184494,-0.09235674142837524,0.2179253101348877,0.35493382811546326,-0.11425916850566864,0.21771186590194702,0.3063761293888092,-0.13126641511917114,0.1719641536474228,0.4987347424030304,-0.06472337990999222,0.14779970049858093,0.39758360385894775,-0.09249904751777649,0.1328938603401184,0.3342529833316803,-0.11606357991695404,0.11818544566631317,0.28073447942733765,-0.13447599112987518,0.13431480526924133,0.5280177593231201,-0.06956728547811508,0.09506459534168243,0.44553497433662415,-0.09979210048913956,0.06702078878879547,0.3927289843559265,-0.1238240972161293,0.04210078716278076,0.34784388542175293,-0.14061230421066284,0.10661626607179642,0.5743069052696228,-0.0775902271270752,0.06665003299713135,0.5383186936378479,-0.10570166260004044,0.039644211530685425,0.5233348608016968,-0.12003129720687866,0.01492290198802948,0.5100176334381104,-0.1295935958623886
5,left,0.6502073407173157,0.630935788154602,4.891046501143137e-07,0.606827974319458,0.6036840677261353,-0.028199663385748863,0.5730910897254944,0.5644038915634155,-0.05078374594449997,0.5438929796218872,0.5403063297271729,-0.07103447616100311,0.5102195143699646,0.5364925265312195,-0.09321482479572296,0.6194900870323181,0.436592161655426,-0.0450877882540226,0.6172186732292175,0.3477303385734558,-0.06767750531435013,0.6175829172134399,0.2926267385482788,-0.08580896258354187,0.6182032823562622,0.24401715397834778,-0.099617600440979,0.6613373160362244,0.43459635972976685,-0.049290403723716736,0.6795601844787598,0.34345558285713196,-0.06730107218027115,0.6924868822097778,0.28696390986442566,-0.08361352980136871,0.7032372951507568,0.23843197524547577,-0.09675607085227966,0.6952698826789856,0.4550766050815582,-0.05570642650127411,0.7280137538909912,0.3728504180908203,-0.0761917233467102,0.7502415180206299,0.3215406835079193,-0.09358754754066467,0.7679858803749084,0.27682173252105713,-0.10636107623577118,0.7217715978622437,0.49212896823883057,-0.06397632509469986,0.7622638940811157,0.4418272078037262,-0.08427277952432632,0.7895585298538208,0.41063180565834045,-0.09404090791940689,0.8120468258857727,0.381497323513031,-0.10069796442985535
6,right,0.18535946309566498,0.6837660670280457,6.498467541860009e-07,0.22478634119033813,0.6538273692131042,-0.03451735898852348,0.25888511538505554,0.6140709519386292,-0.06409928947687149,0.29586172103881836,0.6140070557594299,-0.09339062124490738,0.33639800548553467,0.6378220319747925,-0.12484044581651688,0.2321801781654358,0.48108503222465515,-0.05322062596678734,0.2399795651435852,0.3994443118572235,-0.08740397542715073,0.24484536051750183,0.3501909673213959,-0.11217056214809418,0.24929216504096985,0.30296123027801514,-0.12992620468139648,0.18896520137786865,0.4790968894958496,-0.059262629598379135,0.1702418327331543,0.3822948932647705,-0.09029610455036163,0.16077934205532074,0.32075703144073486,-0.11209443211555481,0.15229029953479767,0.26333943009376526,-0.126898854970932,0.15253044664859772,0.505931556224823,-0.06832689046859741,0.11911696195602417,0.42651739716529846,-0.0982910618185997,0.09833794087171555,0.37695109844207764,-0.11854426562786102,0.08186686784029007,0.3270450234413147,-0.13070274889469147,0.12449783831834793,0.5509504675865173,-0.0802859216928482,0.08731541037559509,0.5012484192848206,-0.10641730576753616,0.062241896986961365,0.4777819514274597,-0.11789924651384354,0.03993487358093262,0.4499485194683075,-0.12440630793571472
6,left,0.6473590135574341,0.6210504770278931,4.5975659190844453e-07,0.6057505011558533,0.5938582420349121,-0.024562986567616463,0.5744587182998657,0.553791344165802,-0.044449713081121445,0.5470259189605713,0.5307058095932007,-0.06282010674476624,0.5120752453804016,0.5311717391014099,-0.08302610367536545,0.6047517657279968,0.4248029291629791,-0.036813341081142426,0.596856415271759,0.3374243676662445,-0.05692785605788231,0.592492401599884,0.2852631211280823,-0.07350384443998337,0.588633120059967,0.23735806345939636,-0.08659282326698303,0.6440303325653076,0.4190174639225006,-0.04200334474444389,0.6537927985191345,0.32745474576950073,-0.0590287409722805,0.6609839200973511,0.2702919840812683,-0.07528652250766754,0.6669954657554626,0.2200862318277359,-0.08843795210123062,0.6771888732910156,0.4365428686141968,-0.049227025359869,0.7023915648460388,0.35620754957199097,-0.0680641308426857,0.7188209891319275,0.30420467257499695,-0.0839068815112114,0.7314663529396057,0.2579699158668518,-0.09582987427711487,0.703254759311676,0.47011083364486694,-0.0581948459148407,0.7324005365371704,0.41811898350715637,-0.07552789151668549,0.7522385120391846,0.3850807249546051,-0.08333027362823486,0.7687090039253235,0.35321754217147827,-0.08921729028224945
7,right,0.18860986828804016,0.6807351112365723,6.631569249293534e-07,0.2238815575838089,0.6505815386772156,-0.03372883424162865,0.24782425165176392,0.6100906133651733,-0.05970077961683273,0.26283517479896545,0.5894443988800049,-0.08494647592306137,0.28331559896469116,0.5942145586013794,-0.11105657368898392,0.24210390448570251,0.47602471709251404,-0.041328493505716324,0.26514920592308044,0.3924678862094879,-0.0713697299361229,0.28278765082359314,0.34187859296798706,-0.09546869248151779,0.2996596693992615,0.29438653588294983,-0.11294156312942505,0.20124609768390656,0.4764612913131714,-0.044163402169942856,0.19310298562049866,0.40097761154174805,-0.07194385677576065,0.18456900119781494,0.35196900367736816,-0.09375542402267456,0.17730113863945007,0.3056298494338989,-0.10950080305337906,0.16737161576747894,0.5014891624450684,-0.05036498233675957,0.15155790746212006,0.44187721610069275,-0.07688753306865692,0.1406823843717575,0.40858542919158936,-0.09072733670473099,0.13257040083408356,0.375641793012619,-0.0993259847164154,0.1391884982585907,0.5429882407188416,-0.059962574392557144,0.13257449865341187,0.5031082630157471,-0.08179914206266403,0.1338271200656891,0.48639214038848877,-0.08833899348974228,0.13677796721458435,0.4683283567428589,-0.09165596216917038
7,left,0.641117513179779,0.6260459423065186,2.8517823125184805e-07,0.6091266870498657,0.5971582531929016,-0.02024259604513645,0.5887267589569092,0.5487251281738281,-0.03540545329451561,0.577256441116333,0.5159813165664673,-0.04970073699951172,0.5526329874992371,0.5122659802436829,-0.06437916308641434,0.6004443764686584,0.44052809476852417,-0.021706214174628258,0.5919039845466614,0.3636605441570282,-0.03942881152033806,0.5864140391349792,0.3183513283729553,-0.055000562220811844,0.5812609791755676,0.27686601877212524,-0.06774862855672836,0.6310548186302185,0.44457828998565674,-0.02751636877655983,0.6349677443504333,0.37620624899864197,-0.043529171496629715,0.6396352648735046,0.3377673029899597,-0.05708932504057884,0.6422798037528992,0.30313989520072937,-0.06801343709230423,0.6594665050506592,0.4664110839366913,-0.036120347678661346,0.6645033359527588,0.4062139689922333,-0.05315178260207176,0.6700702905654907,0.3698248565196991,-0.06144541874527931,0.6737000942230225,0.3364368677139282,-0.06759949773550034,0.6862980723381042,0.49859753251075745,-0.04687606170773506,0.6864722371101379,0.4513782858848572,-0.06125408411026001,0.6848034858703613,0.42314383387565613,-0.0647132471203804,0.6818639039993286,0.3949417471885681,-0.06749502569437027
8,right,0.18659774959087372,0.7058131694793701,-2.1661298887920566e-07,0.23009060323238373,0.6616464853286743,-0.01245756633579731,0.2523471415042877,0.6206895709037781,-0.028344551101326942,0.2546294927597046,0.5926071405410767,-0.047520484775304794,0.24286454916000366,0.5697981119155884,-0.06416530907154083,0.23161748051643372,0.4844852387905121,-0.009030679240822792,0.2500423192977905,0.4522433578968048,-0.040908243507146835,0.2649240791797638,0.48994410037994385,-0.06604442000389099,0.2692638635635376,0.5325431823730469,-0.07797864079475403,0.1967511624097824,0.4870832860469818,-0.0168911125510931,0.2090979516506195,0.45781588554382324,-0.044268157333135605,0.23219160735607147,0.4997939467430115,-0.05854584649205208,0.24367676675319672,0.5444080233573914,-0.06352268904447556,0.16487276554107666,0.5090742707252502,-0.028351766988635063,0.17587488889694214,0.4873093068599701,-0.05014796555042267,0.20520813763141632,0.5241045951843262,-0.05322993919253349,0.221997931599617,0.5631579756736755,-0.05022267624735832,0.1390814185142517,0.5461781024932861,-0.04190171882510185,0.15468409657478333,0.533642590045929,-0.05518292635679245,0.18090347945690155,0.5532188415527344,-0.05429545044898987,0.19999997317790985,0.5748966932296753,-0.049587007611989975
8,left,0.6557775139808655,0.6501685380935669,-4.333321328431339e-07,0.6156193614006042,0.6115678548812866,-0.011454448103904724,0.6003130674362183,0.5675286650657654,-0.023410428315401077,0.6079359650611877,0.5344513058662415,-0.03797703981399536,0.6094840168952942,0.503685712814331,-0.05086037889122963,0.6127244234085083,0.4733935594558716,-0.0035261777229607105,0.6043643951416016,0.4140078127384186,-0.030700521543622017,0.5911317467689514,0.4405515193939209,-0.05194612592458725,0.5857681632041931,0.47734376788139343,-0.06272955983877182,0.644061267375946,0.4768756628036499,-0.010993572883307934,0.6336326003074646,0.41110754013061523,-0.036214232444763184,0.6152821183204651,0.44090980291366577,-0.05165024846792221,0.6080663800239563,0.47551053762435913,-0.05789872631430626,0.6734115481376648,0.49156564474105835,-0.02207963727414608,0.6753703355789185,0.4256402552127838,-0.04417844116687775,0.6526447534561157,0.45546507835388184,-0.04954896494746208,0.639977753162384,0.49092385172843933,-0.04900680482387543,0.7007816433906555,0.5178714990615845,-0.034431394189596176,0.6889867782592773,0.48900753259658813,-0.048043545335531235,0.6705272197723389,0.5021800994873047,-0.04880019649863243,0.661513090133667,0.5171304941177368,-0.04665347561240196
9,right,0.18961872160434723,0.6974855661392212,-1.6417537551660644e-07,0.23666347563266754,0.657238781452179,-0.01602127216756344,0.2583698630332947,0.6068552732467651,-0.028465796262025833,0.2517029047012329,0.5751149654388428,-0.041816260665655136,0.23271262645721436,0.5534406900405884,-0.05254380404949188,0.23174838721752167,0.4632710814476013,-0.007203958462923765,0.255065381526947,0.47366711497306824,-0.03548451513051987,0.2654173970222473,0.5165798664093018,-0.05801147222518921,0.267117440700531,0.5518321394920349,-0.06938236951828003,0.1929631531238556,0.4670789837837219,-0.011114395223557949,0.21309009194374084,0.48535269498825073,-0.03633110597729683,0.22918787598609924,0.5293067097663879,-0.04947608709335327,0.23818548023700714,0.5661275386810303,-0.053449034690856934,0.15936064720153809,0.49329787492752075,-0.01883131079375744,0.18278807401657104,0.5231707096099854,-0.041316431015729904,0.2060084193944931,0.5624563097953796,-0.04599659889936447,0.22070665657520294,0.5914678573608398,-0.043499305844306946,0.13565944135189056,0.5341657400131226,-0.028832023963332176,0.16087615489959717,0.5598771572113037,-0.04346376284956932,0.18405742943286896,0.5879650712013245,-0.04451523348689079,0.2015337347984314,0.6053066253662109,-0.04055177792906761
9,left,0.6537317633628845,0.6523078680038452,-3.741766079201625e-07,0.618503749370575,0.6213027238845825,-0.011644228361546993,0.6036184430122375,0.5766757130622864,-0.02223113924264908,0.6119791865348816,0.5494160652160645,-0.03547978773713112,0.6166932582855225,0.52568519115448,-0.047083817422389984,0.6191877126693726,0.4872841536998749,-0.0051887440495193005,0.6110156178474426,0.43271932005882263,-0.03053140826523304,0.6003285646438599,0.46398553252220154,-0.04913129284977913,0.5986714363098145,0.5005407929420471,-0.05781760439276695,0.6486552357673645,0.49365726113319397,-0.011969620361924171,0.6445509195327759,0.4318963587284088,-0.037046607583761215,0.6274499297142029,0.4713182747364044,-0.050180163234472275,0.6217081546783447,0.5089204907417297,-0.053719084709882736,0.6761354207992554,0.5087095499038696,-0.022143669426441193,0.6824125647544861,0.44407349824905396,-0.0444796197116375,0.6610055565834045,0.4791477620601654,-0.04870913550257683,0.649693489074707,0.5166941285133362,-0.04589153081178665,0.7019159197807312,0.532591700553894,-0.03338383883237839,0.7000936269760132,0.4876852035522461,-0.04617373272776604,0.6850093007087708,0.49896422028541565,-0.04526501148939133,0.6774327754974365,0.5167798399925232,-0.04118762165307999
10,right,0.18531087040901184,0.7026937007904053,-1.9497737469009735e-07,0.23076748847961426,0.6743013262748718,-0.026572944596409798,0.25365129113197327,0.6303816437721252,-0.044169917702674866,0.248429536819458,0.598080039024353,-0.06027218699455261,0.22742454707622528,0.5716702938079834,-0.07200992107391357,0.22905577719211578,0.4781830310821533,-0.014657381922006607,0.2481156587600708,0.47955456376075745,-0.04917025566101074,0.2552848160266876,0.5309650301933289,-0.07357063889503479,0.25546175241470337,0.5718504190444946,-0.08487197011709213,0.19008684158325195,0.4783685505390167,-0.014666697941720486,0.20556119084358215,0.49534130096435547,-0.045361220836639404,0.21820217370986938,0.5496827960014343,-0.05806690454483032,0.22542989253997803,0.5828380584716797,-0.06002479046583176,0.155781090259552,0.5028658509254456,-0.020248111337423325,0.17683768272399902,0.5359474420547485,-0.0471879243850708,0.19585782289505005,0.5773272514343262,-0.0500805526971817,0.20739728212356567,0.5969091653823853,-0.04546792432665825,0.13120080530643463,0.5426461100578308,-0.029118724167346954,0.15570417046546936,0.5752003192901611,-0.04697157070040703,0.17796118557453156,0.6049007773399353,-0.04840942099690437,0.19349290430545807,0.6148078441619873,-0.04403078556060791
10,left,0.6633015275001526,0.6601120233535767,-3.2913371228460164e-07,0.6297073364257812,0.6396132111549377,-0.015211733989417553,0.6140154004096985,0.6004591584205627,-0.02765917405486107,0.6259196996688843,0.5767244100570679,-0.0416548065841198,0.6289443373680115,0.5581052899360657,-0.053488969802856445,0.623333752155304,0.49519094824790955,-0.007687777280807495,0.621200680732727,0.44642582535743713,-0.03397110849618912,0.6175976991653442,0.48475268483161926,-0.05212848633527756,0.6204424500465393,0.5179445147514343,-0.06050564721226692,0.654175877571106,0.49917060136795044,-0.01374904066324234,0.6568499803543091,0.4433630108833313,-0.0400400310754776,0.6454793214797974,0.48733970522880554,-0.05212882161140442,0.6417876482009888,0.5213962197303772,-0.054029181599617004,0.6823580861091614,0.5128097534179688,-0.023731622844934464,0.6896460056304932,0.4627860188484192,-0.048298127949237823,0.6722737550735474,0.5047662854194641,-0.05083500221371651,0.6648033857345581,0.5390069484710693,-0.04594813659787178,0.7091699242591858,0.5352976322174072,-0.035031478852033615,0.7024044990539551,0.4975831210613251,-0.049627840518951416,0.6848761439323425,0.5247093439102173,-0.04698880761861801,0.6781378984451294,0.5520082116127014,-0.04088013246655464
11,right,0.18501029908657074,0.7031341791152954,1.592848875020536e-08,0.21502207219600677,0.6863450407981873,-0.037978027015924454,0.23756249248981476,0.6460134983062744,-0.06680139154195786,0.2567863464355469,0.6240077018737793,-0.09413948655128479,0.2683417797088623,0.6289639472961426,-0.11588920652866364,0.23250249028205872,0.5110366344451904,-0.030639342963695526,0.2298336625099182,0.4636867642402649,-0.07370202243328094,0.23569485545158386,0.519123911857605,-0.09520162642002106,0.2380094826221466,0.5589587688446045,-0.1025025025010109,0.19041988253593445,0.516365647315979,-0.029466141015291214,0.18126557767391205,0.45819318294525146,-0.07166536152362823,0.19470790028572083,0.5272617936134338,-0.07876567542552948,0.20209766924381256,0.5565252900123596,-0.07257405668497086,0.15328851342201233,0.5367866158485413,-0.03544492647051811,0.14321377873420715,0.4991213381290436,-0.07379622757434845,0.16353316605091095,0.5571991205215454,-0.06726057827472687,0.17396235466003418,0.582729160785675,-0.052097707986831665,0.12140249460935593,0.5699767470359802,-0.045155346393585205,0.11879044771194458,0.5507416129112244,-0.06762804836034775,0.13891373574733734,0.5848872661590576,-0.06239258870482445,0.1520337164402008,0.5985895395278931,-0.05184008553624153
11,left,0.6651100516319275,0.6550518274307251,1.8934773038381536e-07,0.6409114599227905,0.6360552906990051,-0.020862529054284096,0.6239373683929443,0.6054397821426392,-0.03970279544591904,0.6255947351455688,0.6013322472572327,-0.057464517652988434,0.6194631457328796,0.6137105226516724,-0.07485611736774445,0.6352522969245911,0.49045202136039734,-0.021259048953652382,0.6493316888809204,0.4430202543735504,-0.04386976361274719,0.6524459719657898,0.4512905776500702,-0.062493931502103806,0.6567680835723877,0.46930965781211853,-0.07375121861696243,0.6714717149734497,0.499118447303772,-0.026183953508734703,0.6947183012962341,0.44139236211776733,-0.04607947915792465,0.6966570019721985,0.44430410861968994,-0.06017973646521568,0.7011083364486694,0.4593336880207062,-0.06688083708286285,0.6999115347862244,0.5243171453475952,-0.03446215018630028,0.7266428470611572,0.4693078398704529,-0.05164729803800583,0.7337939143180847,0.4597663879394531,-0.061670079827308655,0.7413294911384583,0.45701223611831665,-0.06700435280799866,0.7218835353851318,0.5636884570121765,-0.044663719832897186,0.74376380443573,0.5442230105400085,-0.059876084327697754,0.7547860145568848,0.5382416844367981,-0.06453089416027069,0.7630422711372375,0.5315632820129395,-0.06618848443031311
12,right,0.17476235330104828,0.6987302899360657,6.739509785802511e-07,0.20882859826087952,0.6829281449317932,-0.0415833555161953,0.23703838884830475,0.6487856507301331,-0.06939344108104706,0.2702423930168152,0.6427232027053833,-0.09414487332105637,0.31036728620529175,0.6607332229614258,-0.11939037591218948,0.22631478309631348,0.5128659009933472,-0.048889338970184326,0.23334424197673798,0.4461040198802948,-0.07553375512361526,0.23691654205322266,0.4064640700817108,-0.0960693433880806,0.23727399110794067,0.3714279532432556,-0.11141925305128098,0.18131765723228455,0.5075324177742004,-0.04763558879494667,0.16868893802165985,0.43404608964920044,-0.07210400700569153,0.15863104164600372,0.3913421332836151,-0.0900556817650795,0.14820800721645355,0.3546803891658783,-0.10192844271659851,0.14155793190002441,0.5304036736488342,-0.050299838185310364,0.11454679071903229,0.47104600071907043,-0.07604629546403885,0.09187692403793335,0.43911075592041016,-0.09401700645685196,0.07281670719385147,0.40965336561203003,-0.10436704754829407,0.10896213352680206,0.5734216570854187,-0.05636179447174072,0.07455451041460037,0.5435080528259277,-0.07961566001176834,0.047068431973457336,0.5352203845977783,-0.0906372144818306,0.02327403426170349,0.5227670073509216,-0.09632757306098938
12,left,0.6812249422073364,0.6477952003479004,8.966449058789294e-07,0.644071638584137,0.6354963779449463,-0.03165796026587486,0.6179617047309875,0.6081984639167786,-0.05674571171402931,0.5873596668243408,0.5957555770874023,-0.07869772613048553,0.5504357218742371,0.6028714179992676,-0.1024622991681099,0.6498854756355286,0.47209402918815613,-0.045223817229270935,0.6502006649971008,0.3964318335056305,-0.06435702741146088,0.656164288520813,0.3453992009162903,-0.08143438398838043,0.6623033285140991,0.3018932342529297,-0.09431879222393036,0.6902180314064026,0.4699563682079315,-0.04619221016764641,0.706605076789856,0.3898351490497589,-0.06124895438551903,0.7255752086639404,0.34158000349998474,-0.07633356004953384,0.7424025535583496,0.30338001251220703,-0.087290458381176,0.7246033549308777,0.491148442029953,-0.04899182915687561,0.7546374201774597,0.41781216859817505,-0.0666501596570015,0.778469443321228,0.3776588439941406,-0.08299269527196884,0.7992197871208191,0.34353044629096985,-0.09435423463582993,0.7495787739753723,0.5292697548866272,-0.05381589010357857,0.7919865846633911,0.49194154143333435,-0.07310904562473297,0.8212822675704956,0.4713219404220581,-0.08211000263690948,0.8449352979660034,0.4526897072792053,-0.08700049668550491
13,right,0.1790124475955963,0.6943413019180298,7.575369522783149e-07,0.22033382952213287,0.6744301319122314,-0.04011956974864006,0.2545730471611023,0.6401256918907166,-0.0681731253862381,0.29184049367904663,0.6381240487098694,-0.09382881224155426,0.33168238401412964,0.6604915261268616,-0.12045546621084213,0.22805540263652802,0.4982764720916748,-0.05151506885886192,0.23647062480449677,0.42563825845718384,-0.08084388077259064,0.24098309874534607,0.3804730772972107,-0.1026894748210907,0.2434527426958084,0.33899781107902527,-0.11885084211826324,0.18066641688346863,0.4914085865020752,-0.05370877683162689,0.16381551325321198,0.40380701422691345,-0.08019465953111649,0.15386472642421722,0.3471185863018036,-0.10057070106267929,0.14451506733894348,0.2982449531555176,-0.11414365470409393,0.1395541876554489,0.5171136856079102,-0.05952497199177742,0.10608766973018646,0.44362297654151917,-0.0883018746972084,0.08138343691825867,0.39452141523361206,-0.11163294315338135,0.06089918315410614,0.3495334982872009,-0.12593939900398254,0.10684958845376968,0.5658086538314819,-0.06824090331792831,0.07045107334852219,0.530957818031311,-0.094488225877285,0.04265691339969635,0.5163551568984985,-0.10794895142316818,0.01809847354888916,0.4977545142173767,-0.11560529470443726
13,left,0.6749997138977051,0.6566718816757202,8.249101597357367e-07,0.6281715035438538,0.6314728856086731,-0.02815784513950348,0.5894660949707031,0.6013457179069519,-0.05258456617593765,0.5487246513366699,0.5920760631561279,-0.07456941157579422,0.508818507194519,0.5967963933944702,-0.0995560735464096,0.6391308903694153,0.4623646140098572,-0.04715545102953911,0.6368021965026855,0.37277674674987793,-0.0651514008641243,0.6378648281097412,0.31431686878204346,-0.08077798038721085,0.6403490304946899,0.26438379287719727,-0.09356509894132614,0.6819194555282593,0.45889344811439514,-0.050031233578920364,0.7010284662246704,0.36863476037979126,-0.06347037106752396,0.7174755334854126,0.31279802322387695,-0.0786963552236557,0.7327373623847961,0.2668211758136749,-0.09208893030881882,0.7152519226074219,0.47964757680892944,-0.05436410382390022,0.7496926188468933,0.4027937054634094,-0.06998254358768463,0.7743508219718933,0.3515242338180542,-0.08963866531848907,0.7946487069129944,0.30734121799468994,-0.10605381429195404,0.7390162944793701,0.5169432759284973,-0.060369327664375305,0.784954845905304,0.4783245921134949,-0.07922924309968948,0.8161916732788086,0.453654021024704,-0.09125032275915146,0.842186450958252,0.42982858419418335,-0.1002369076013565
14,right,0.18051031231880188,0.690359890460968,5.721860816265689e-07,0.21910181641578674,0.664847731590271,-0.03435409069061279,0.2510874271392822,0.6277386546134949,-0.06224050745368004,0.2824093699455261,0.6230365633964539,-0.08969831466674805,0.31852442026138306,0.6408861875534058,-0.11858204752206802,0.2308100461959839,0.4924643635749817,-0.04544662684202194,0.24384766817092896,0.42400407791137695,-0.0779942125082016,0.2548469603061676,0.3901982009410858,-0.10345622897148132,0.2650776505470276,0.3567364811897278,-0.12135745584964752,0.18795055150985718,0.4884496033191681,-0.0504239983856678,0.1758439987897873,0.40284329652786255,-0.0778287798166275,0.16946375370025635,0.350894033908844,-0.09882435202598572,0.16431856155395508,0.30168837308883667,-0.11370706558227539,0.150081604719162,0.5132766366004944,-0.05913856625556946,0.1267477422952652,0.43979090452194214,-0.08648853003978729,0.11058977246284485,0.39681756496429443,-0.10588204115629196,0.09770724922418594,0.35347938537597656,-0.11797835677862167,0.11962808668613434,0.556875467300415,-0.07086233794689178,0.09294215589761734,0.5097888112068176,-0.09497649222612381,0.07409335672855377,0.49180909991264343,-0.10528869926929474,0.056324973702430725,0.47077444195747375,-0.11119601875543594
14,left,0.6682990193367004,0.6634817123413086,5.808221317238349e-07,0.6238712072372437,0.6341977119445801,-0.0260306466370821,0.5821871757507324,0.5970539450645447,-0.045751966536045074,0.5442657470703125,0.5888561606407166,-0.0638415515422821,0.506321907043457,0.598910927772522,-0.08423741906881332,0.619147002696991,0.4614938497543335,-0.03247978910803795,0.6110387444496155,0.37512052059173584,-0.0496678426861763,0.6086183190345764,0.3228389024734497,-0.064550019800663,0.6082476377487183,0.27662789821624756,-0.0765092745423317,0.6613426804542542,0.4543318450450897,-0.0361052006483078,0.6722121834754944,0.3657396137714386,-0.048939049243927,0.6814719438552856,0.3128047585487366,-0.0633949488401413,0.6912502646446228,0.2676820755004883,-0.07616820931434631,0.6959779858589172,0.47052937746047974,-0.042490750551223755,0.7200613617897034,0.39415156841278076,-0.0580689013004303,0.7380689382553101,0.34646546840667725,-0.0742153599858284,0.7526767253875732,0.30576613545417786,-0.08714935183525085,0.723069429397583,0.5013799667358398,-0.05089276283979416,0.7509584426879883,0.4511412978172302,-0.06526082009077072,0.7717616558074951,0.4243467152118683,-0.0722779929637909,0.7886923551559448,0.3995427191257477,-0.07830721139907837
15,right,0.1840459406375885,0.7017632722854614,-1.2195096132927574e-07,0.22107383608818054,0.6712421774864197,-0.021159106865525246,0.24824625253677368,0.631451427936554,-0.042363107204437256,0.2631658613681793,0.6062329411506653,-0.06544996052980423,0.26353806257247925,0.5901072025299072,-0.08533749729394913,0.23910817503929138,0.4957202970981598,-0.020366450771689415,0.2448013722896576,0.4314207434654236,-0.05505277216434479,0.25538185238838196,0.4704696536064148,-0.07929761707782745,0.256562739610672,0.5153354406356812,-0.09090716391801834,0.20009133219718933,0.5027936100959778,-0.026580167934298515,0.1932319849729538,0.4279550313949585,-0.05884077027440071,0.21488365530967712,0.47432953119277954,-0.07418424636125565,0.22544072568416595,0.5146945714950562,-0.07904095947742462,0.16392773389816284,0.5237363576889038,-0.036820512264966965,0.1580943465232849,0.46584632992744446,-0.0645831897854805,0.18701158463954926,0.5062141418457031,-0.06698788702487946,0.19988496601581573,0.5415569543838501,-0.06306174397468567,0.1320997178554535,0.5587703585624695,-0.049350980669260025,0.13848771154880524,0.5219598412513733,-0.0675259605050087,0.16400904953479767,0.5456317067146301,-0.06602717190980911,0.17810018360614777,0.5670032501220703,-0.061145562678575516
15,left,0.660678505897522,0.6640604138374329,2.3544748728454579e-07,0.627319872379303,0.6363294124603271,-0.015487277880311012,0.6053457260131836,0.58616042137146,-0.029419492930173874,0.5914866328239441,0.5616070032119751,-0.04465837404131889,0.5650230646133423,0.5662357807159424,-0.0620238296687603,0.615402340888977,0.47761252522468567,-0.02034340798854828,0.6111173033714294,0.40333229303359985,-0.03832079470157623,0.6091680526733398,0.3592545986175537,-0.05320705845952034,0.6063674092292786,0.32294678688049316,-0.06478893011808395,0.6501759886741638,0.485353022813797,-0.029757076874375343,0.6606965661048889,0.40594175457954407,-0.052340228110551834,0.6577146053314209,0.3829349875450134,-0.06779472529888153,0.651852548122406,0.37463659048080444,-0.07660767436027527,0.6813879609107971,0.50994473695755,-0.04096497595310211,0.6892065405845642,0.4434202015399933,-0.06658488512039185,0.6776676774024963,0.4478839933872223,-0.07780895382165909,0.6671935319900513,0.4596981406211853,-0.08190815150737762,0.7095381617546082,0.5456152558326721,-0.05288629233837128,0.7106680870056152,0.5086453557014465,-0.07379424571990967,0.7016181945800781,0.5057075619697571,-0.07908464223146439,0.6937167644500732,0.5065848231315613,-0.08077552914619446
16,right,0.17882929742336273,0.7292436957359314,-2.99767464184697e-07,0.2260759472846985,0.6936624050140381,-0.018751271069049835,0.2525566816329956,0.6359783411026001,-0.031918756663799286,0.24896498024463654,0.5925193428993225,-0.046202972531318665,0.2263432741165161,0.567853569984436,-0.05688093230128288,0.23767778277397156,0.5053887963294983,-0.007454244419932365,0.2511027455329895,0.48953452706336975,-0.03947649151086807,0.26079094409942627,0.5463702082633972,-0.06332127004861832,0.2634288966655731,0.5962662100791931,-0.07452508807182312,0.1972097009420395,0.5058799386024475,-0.011665008962154388,0.2031962275505066,0.4854951500892639,-0.04290394112467766,0.22318117320537567,0.5440341830253601,-0.05549265071749687,0.2356417030096054,0.596034586429596,-0.056975577026605606,0.15956592559814453,0.527145266532898,-0.020794792100787163,0.16998831927776337,0.5147183537483215,-0.0505349338054657,0.19815781712532043,0.5694260001182556,-0.053417615592479706,0.2149311602115631,0.6145792603492737,-0.04734069108963013,0.12988275289535522,0.5651925206184387,-0.03220805525779724,0.15040093660354614,0.5710899233818054,-0.05334717407822609,0.17531849443912506,0.608589231967926,-0.0550631582736969,0.19120411574840546,0.6378346085548401,-0.05031628534197807
16,left,0.6751403212547302,0.6941083073616028,-5.307026071932341e-07,0.6314448118209839,0.6646891832351685,-0.013378482311964035,0.6102784276008606,0.6195145845413208,-0.02679319493472576,0.620275616645813,0.5887718200683594,-0.043353162705898285,0.633665144443512,0.5671696066856384,-0.05806510150432587,0.6283891797065735,0.5115170478820801,-0.006813925225287676,0.6206533908843994,0.4640924036502838,-0.03565065562725067,0.6146056652069092,0.5136328339576721,-0.0563640333712101,0.616111695766449,0.5570018291473389,-0.06617919355630875,0.6614768505096436,0.5185337662696838,-0.014956195838749409,0.6560652852058411,0.4586516320705414,-0.04365662857890129,0.6435354351997375,0.5085089206695557,-0.057575710117816925,0.6377140283584595,0.5507303476333618,-0.0607212670147419,0.6912425756454468,0.5349588394165039,-0.02688578888773918,0.6902037858963013,0.48372820019721985,-0.054071441292762756,0.6716284155845642,0.5337960124015808,-0.05757394805550575,0.6598852872848511,0.5769147276878357,-0.05316920205950737,0.7185962200164795,0.5600546002388,-0.03992803767323494,0.7060422301292419,0.525364875793457,-0.05643527954816818,0.6852661967277527,0.5615651607513428,-0.053590115159749985,0.6730613112449646,0.5979997515678406,-0.047290340065956116
17,right,0.17708195745944977,0.733119547367096,-2.0397716582465364e-07,0.22380974888801575,0.7044862508773804,-0.01776212826371193,0.25084447860717773,0.6637495756149292,-0.03424318879842758,0.2540407180786133,0.6386369466781616,-0.05177363008260727,0.23810771107673645,0.6225695013999939,-0.06594116240739822,0.2308424711227417,0.5029786825180054,-0.009628630243241787,0.2530035078525543,0.5100239515304565,-0.04339668154716492,0.26118898391723633,0.565073549747467,-0.06857764720916748,0.26154038310050964,0.6109896302223206,-0.07987652719020844,0.19143368303775787,0.5037820339202881,-0.014433454722166061,0.21031692624092102,0.5212751030921936,-0.04392821341753006,0.22568409144878387,0.5786581039428711,-0.05740593746304512,0.23347680270671844,0.6241344809532166,-0.05988052487373352,0.1561368703842163,0.5282939672470093,-0.02357567846775055,0.1786167323589325,0.5583065748214722,-0.049796752631664276,0.2026272416114807,0.6121767163276672,-0.052214622497558594,0.21698462963104248,0.652518093585968,-0.04613462835550308,0.13083171844482422,0.5687271356582642,-0.0351998507976532,0.1559542864561081,0.5982717275619507,-0.05141262710094452,0.1792762130498886,0.6350433826446533,-0.05090189352631569,0.1955057680606842,0.6595399379730225,-0.044525519013404846
17,left,0.6814072728157043,0.692712128162384,-4.353925362465816e-07,0.6356276273727417,0.6652130484580994,-0.020609334111213684,0.6120781898498535,0.6311600804328918,-0.038325123488903046,0.6163840889930725,0.6091582775115967,-0.05608523264527321,0.6260327100753784,0.5893344283103943,-0.07146579027175903,0.6389045715332031,0.48903608322143555,-0.017774144187569618,0.6314298510551453,0.485824853181839,-0.04977668821811676,0.6249499320983887,0.5353666543960571,-0.07460717111825943,0.6220132112503052,0.5761407017707825,-0.08741497993469238,0.6749905347824097,0.496662974357605,-0.022674065083265305,0.668427050113678,0.492710679769516,-0.053824398666620255,0.6528687477111816,0.5476962327957153,-0.06997931748628616,0.6412946581840515,0.5921000242233276,-0.07420064508914948,0.705364465713501,0.5223805904388428,-0.031237954273819923,0.7059020400047302,0.5261341333389282,-0.058900538831949234,0.6831619739532471,0.5776075720787048,-0.06391658633947372,0.6640353798866272,0.6179122924804688,-0.06058008223772049,0.7308230400085449,0.5618542432785034,-0.04178917780518532,0.7220945358276367,0.5888932943344116,-0.06065083295106888,0.6997310519218445,0.6251416802406311,-0.0616779699921608,0.6817081570625305,0.6495427489280701,-0.05694543942809105
18,right,0.17714281380176544,0.7287054061889648,-2.0162194402928435e-07,0.22519952058792114,0.701934814453125,-0.01870519481599331,0.2512442171573639,0.6624535918235779,-0.03536232188344002,0.2557019889354706,0.6390923261642456,-0.05271215736865997,0.2458912879228592,0.6249935030937195,-0.0667698085308075,0.23170220851898193,0.5037912726402283,-0.01014712080359459,0.25269657373428345,0.5177868008613586,-0.043971091508865356,0.2604949474334717,0.5728506445884705,-0.06936153769493103,0.2608751654624939,0.6197253465652466,-0.08081769943237305,0.19258175790309906,0.5053954124450684,-0.01392191369086504,0.21103720366954803,0.5348353981971741,-0.04354787990450859,0.22630491852760315,0.5915660858154297,-0.05747855454683304,0.23468440771102905,0.6353824138641357,-0.060318347066640854,0.15779626369476318,0.5307551026344299,-0.02210851013660431,0.17934057116508484,0.5698719620704651,-0.04819471761584282,0.20201343297958374,0.6210387349128723,-0.051653556525707245,0.21606047451496124,0.6585001945495605,-0.04647042974829674,0.1331688016653061,0.5710101127624512,-0.03284534811973572,0.15750724077224731,0.6067983508110046,-0.04944330081343651,0.18034356832504272,0.643730103969574,-0.050096482038497925,0.19672787189483643,0.6673677563667297,-0.04443639516830444
18,left,0.6823155283927917,0.6844236254692078,-4.2553043044790684e-07,0.640156626701355,0.6630375385284424,-0.02254502661526203,0.6133992671966553,0.6361082196235657,-0.04111642763018608,0.6122763156890869,0.6153004765510559,-0.05849812179803848,0.6270498633384705,0.5986282229423523,-0.07326379418373108,0.6377424597740173,0.4849163889884949,-0.021735496819019318,0.6292830109596252,0.5053285360336304,-0.05223235860466957,0.6247623562812805,0.5578911304473877,-0.07643312215805054,0.6218257546424866,0.6004458069801331,-0.08886433392763138,0.6755680441856384,0.48778098821640015,-0.024122636765241623,0.6650630831718445,0.5244537591934204,-0.05111980810761452,0.653657078742981,0.581722617149353,-0.06595402210950851,0.646209716796875,0.6247009038925171,-0.07070756703615189,0.7065718770027161,0.5125867128372192,-0.02972063422203064,0.6996334195137024,0.549997091293335,-0.05328693613409996,0.6818474531173706,0.5985887050628662,-0.05633755028247833,0.6680452227592468,0.6360877752304077,-0.052860625088214874,0.7309556007385254,0.5510627627372742,-0.03770497813820839,0.718849778175354,0.5935667753219604,-0.0537763312458992,0.7009931802749634,0.6263625025749207,-0.05327735096216202,0.6875446438789368,0.6481016278266907,-0.047453444451093674
19,right,0.1771513670682907,0.7248033881187439,-1.7336709845494624e-07,0.22412534058094025,0.6994825601577759,-0.02128250151872635,0.25258874893188477,0.6545479893684387,-0.03612906485795975,0.25154638290405273,0.6209232807159424,-0.05059659853577614,0.23015230894088745,0.5998489856719971,-0.06144168972969055,0.23053620755672455,0.51125168800354,-0.011295858770608902,0.250153124332428,0.5151059627532959,-0.04366777092218399,0.2584466338157654,0.5683982372283936,-0.06624334305524826,0.2601740062236786,0.6118917465209961,-0.0757688656449318,0.19114121794700623,0.5110544562339783,-0.012683450244367123,0.20501235127449036,0.5219340324401855,-0.04300554096698761,0.22023707628250122,0.5798233151435852,-0.05476396158337593,0.2301798164844513,0.6250871419906616,-0.05520614609122276,0.15565942227840424,0.5323225259780884,-0.018802018836140633,0.17293918132781982,0.5545409321784973,-0.0473511666059494,0.19611573219299316,0.6074390411376953,-0.05054116249084473,0.2119939923286438,0.6463110446929932,-0.04411535710096359,0.1297067105770111,0.5690507292747498,-0.0273043941706419,0.15299099683761597,0.5976998209953308,-0.04651610553264618,0.17592185735702515,0.6361668705940247,-0.04855969175696373,0.1928909569978714,0.6612607836723328,-0.04338366538286209
19,left,0.6822041869163513,0.6830860376358032,-3.3629009976721136e-07,0.6413707137107849,0.6614118814468384,-0.019927330315113068,0.614493727684021,0.6358007192611694,-0.03850197046995163,0.6215135455131531,0.6163203716278076,-0.056847620755434036,0.6458344459533691,0.6044013500213623,-0.07339486479759216,0.6377226710319519,0.498737096786499,-0.02267523854970932,0.6371944546699524,0.49741268157958984,-0.052612487226724625,0.6382308006286621,0.5290883183479309,-0.07629216462373734,0.6370356678962708,0.5610445141792297,-0.08892416954040527,0.676372230052948,0.49558696150779724,-0.025633400306105614,0.674260139465332,0.5319132804870605,-0.05566360056400299,0.6661525964736938,0.5866504311561584,-0.07013438642024994,0.6575763821601868,0.6311898827552795,-0.07357479631900787,0.7080087065696716,0.5144883394241333,-0.03148485720157623,0.707270622253418,0.568690299987793,-0.057830166071653366,0.6903170943260193,0.6196982860565186,-0.060115158557891846,0.6736231446266174,0.6593716144561768,-0.054646655917167664,0.7322027087211609,0.5468950271606445,-0.03953919559717178,0.7260037660598755,0.5964494347572327,-0.056494634598493576,0.7083019614219666,0.6335142254829407,-0.054995764046907425,0.6908586621284485,0.6599242687225342,-0.04794083163142204
20,right,0.1791187822818756,0.701628565788269,-1.0174132647478018e-09,0.21145659685134888,0.6851184368133545,-0.03442922607064247,0.24144352972507477,0.6450122594833374,-0.05885599926114082,0.2633253037929535,0.6208640933036804,-0.08191134035587311,0.26028531789779663,0.6130991578102112,-0.09884293377399445,0.23462504148483276,0.505761444568634,-0.02274436503648758,0.23837856948375702,0.4733147919178009,-0.06254170089960098,0.2452201247215271,0.5318647027015686,-0.08168072998523712,0.2435486614704132,0.5644594430923462,-0.08766051381826401,0.1956738531589508,0.5060879588127136,-0.02183164469897747,0.1930035799741745,0.46857503056526184,-0.061749543994665146,0.20654143393039703,0.5435230731964111,-0.06716546416282654,0.21062800288200378,0.5670393705368042,-0.05976445972919464,0.1593995988368988,0.5225547552108765,-0.028009574860334396,0.16105905175209045,0.510402262210846,-0.06392722576856613,0.18134649097919464,0.5732961893081665,-0.055966466665267944,0.1873997151851654,0.5907299518585205,-0.04044162109494209,0.12792736291885376,0.5528473854064941,-0.0378955639898777,0.138626366853714,0.5640453696250916,-0.05790426954627037,0.15764178335666656,0.6032080054283142,-0.05250508338212967,0.1656176596879959,0.6099144816398621,-0.04212352633476257
20,left,0.6763893961906433,0.6591233015060425,1.8120513800568006e-07,0.6492763161659241,0.6503406763076782,-0.027159955352544785,0.6297137141227722,0.628239631652832,-0.05065523833036423,0.6372769474983215,0.6329007148742676,-0.07187829911708832,0.6522100567817688,0.6491314172744751,-0.09243115782737732,0.6537928581237793,0.516079306602478,-0.037203483283519745,0.666503369808197,0.4732118844985962,-0.06262621283531189,0.6662505865097046,0.48968443274497986,-0.08033228665590286,0.6654112935066223,0.5082660913467407,-0.09054744988679886,0.6898494362831116,0.5302106738090515,-0.03911171108484268,0.7101540565490723,0.4836757779121399,-0.0643090233206749,0.7080346345901489,0.4968140125274658,-0.07662070542573929,0.7058061361312866,0.5114123225212097,-0.0812227874994278,0.7194483280181885,0.5571451783180237,-0.044326309114694595,0.7426981329917908,0.5167303085327148,-0.06590372323989868,0.7505061626434326,0.5139760971069336,-0.07226459681987762,0.7569646239280701,0.511340320110321,-0.07308575510978699,0.7426787614822388,0.5932391285896301,-0.051567282527685165,0.7662447690963745,0.5591396689414978,-0.06625764071941376,0.7816908955574036,0.544601559638977,-0.06771616637706757,0.7933140993118286,0.5273973345756531,-0.06643244624137878
21,right,0.1816605180501938,0.6795151829719543,5.61674312393734e-07,0.21314381062984467,0.659750759601593,-0.03816497325897217,0.23754823207855225,0.6220380067825317,-0.06423316895961761,0.2593096196651459,0.5972959399223328,-0.08800066262483597,0.2885696291923523,0.5952333807945251,-0.11239565163850784,0.22860518097877502,0.49315154552459717,-0.039427030831575394,0.2351721078157425,0.4415321350097656,-0.07171858847141266,0.23792922496795654,0.41269707679748535,-0.09837035834789276,0.24019967019557953,0.39785075187683105,-0.11561520397663116,0.19067071378231049,0.49428099393844604,-0.03942583501338959,0.1823355257511139,0.4337384104728699,-0.0672115832567215,0.17923381924629211,0.4013054370880127,-0.08802345395088196,0.18121525645256042,0.38351917266845703,-0.10172440111637115,0.15585395693778992,0.5195513367652893,-0.04426967725157738,0.13936734199523926,0.46744340658187866,-0.07098373770713806,0.13459649682044983,0.4425855278968811,-0.08584945648908615,0.1375730186700821,0.42588478326797485,-0.09456393867731094,0.1239796057343483,0.5627670288085938,-0.052618060261011124,0.10816562175750732,0.5263915657997131,-0.07518027722835541,0.10514413565397263,0.5106824040412903,-0.08423864841461182,0.10785287618637085,0.4975021481513977,-0.08913581073284149
21,left,0.6810598373413086,0.642547070980072,6.980737907724688e-07,0.6546611785888672,0.6283281445503235,-0.031933173537254333,0.6370449066162109,0.6011403203010559,-0.05301380902528763,0.6436432600021362,0.5961217284202576,-0.07000032812356949,0.6521226763725281,0.6112931966781616,-0.08752285689115524,0.6707634925842285,0.48181116580963135,-0.03480470925569534,0.6822638511657715,0.43436282873153687,-0.04970168694853783,0.6978611946105957,0.40138816833496094,-0.06489698588848114,0.714853823184967,0.3756943345069885,-0.07625085115432739,0.7064152359962463,0.48673221468925476,-0.030556797981262207,0.7255637645721436,0.4365093410015106,-0.03965788334608078,0.742576003074646,0.4045329988002777,-0.05060052126646042,0.7590835690498352,0.38127338886260986,-0.05917540192604065,0.735645055770874,0.5086837410926819,-0.029031651094555855,0.7640035152435303,0.462453156709671,-0.038851913064718246,0.7806055545806885,0.4350259602069855,-0.04891805350780487,0.7959638833999634,0.41466987133026123,-0.05630148947238922,0.7561109662055969,0.5458329916000366,-0.030336791649460793,0.7900151014328003,0.5181262493133545,-0.04213094338774681,0.8119317293167114,0.4990122616291046,-0.04819318279623985,0.8313177227973938,0.4814644455909729,-0.05137304961681366
22,right,0.1684942990541458,0.6706382036209106,7.029532298474805e-07,0.20999610424041748,0.6516729593276978,-0.03554884344339371,0.2419186681509018,0.6134563684463501,-0.06057001277804375,0.2726937532424927,0.5939934253692627,-0.08348558843135834,0.3098779022693634,0.6035686731338501,-0.10670231282711029,0.22508469223976135,0.4798513948917389,-0.03835611790418625,0.2402009218931198,0.4171906113624573,-0.06635228544473648,0.25070127844810486,0.3803117871284485,-0.08864419162273407,0.2611851692199707,0.34937584400177,-0.10450465977191925,0.1822076290845871,0.4711073040962219,-0.03994613140821457,0.17546379566192627,0.393979012966156,-0.06327815353870392,0.17445501685142517,0.3486027717590332,-0.0815543681383133,0.17806270718574524,0.31042882800102234,-0.09361103177070618,0.14331284165382385,0.49304142594337463,-0.045469075441360474,0.12537303566932678,0.42845386266708374,-0.06946797668933868,0.11608712375164032,0.38682329654693604,-0.08714030683040619,0.11452033370733261,0.3473435938358307,-0.09806235879659653,0.11100521683692932,0.538069486618042,-0.053930219262838364,0.08771806210279465,0.5052802562713623,-0.07555466890335083,0.07369742542505264,0.48699748516082764,-0.08544282615184784,0.06466908752918243,0.46583396196365356,-0.09078792482614517
22,left,0.6836245059967041,0.6363773345947266,9.126668487624556e-07,0.6509794592857361,0.6188161373138428,-0.03463735803961754,0.6331926584243774,0.5930973291397095,-0.06110932305455208,0.6149374842643738,0.5762400031089783,-0.0835874006152153,0.5823395252227783,0.5760509371757507,-0.10723266750574112,0.6651298999786377,0.45065605640411377,-0.044818125665187836,0.6733076572418213,0.37989187240600586,-0.06375283747911453,0.6817114353179932,0.3302868604660034,-0.08152737468481064,0.6904860138893127,0.2882893681526184,-0.09500473737716675,0.7050555944442749,0.4550575613975525,-0.04390092194080353,0.7282921075820923,0.38354599475860596,-0.05743540823459625,0.7495719790458679,0.3351685404777527,-0.07199617475271225,0.7675677537918091,0.2955925762653351,-0.0831645056605339,0.7361512780189514,0.4823363423347473,-0.04521886259317398,0.7713335156440735,0.4162014126777649,-0.061844293028116226,0.7954127788543701,0.3765837252140045,-0.07796168327331543,0.8162668347358704,0.3425251245498657,-0.08951257169246674,0.7563585638999939,0.5263348817825317,-0.04888171702623367,0.7962841391563416,0.49784088134765625,-0.067973293364048,0.8226649761199951,0.4816197156906128,-0.07684046030044556,0.844672679901123,0.46563753485679626,-0.08156760036945343
23,right,0.17005674540996552,0.6755553483963013,6.255746143324359e-07,0.20857736468315125,0.6524601578712463,-0.0360119491815567,0.2408178150653839,0.6161713004112244,-0.0624716579914093,0.2727962136268616,0.604028582572937,-0.08743222057819366,0.3099837899208069,0.6094990968704224,-0.1132400631904602,0.22512492537498474,0.4789377450942993,-0.04368530958890915,0.245099276304245,0.4143298864364624,-0.07467499375343323,0.2616703510284424,0.3770879805088043,-0.09933225810527802,0.27987220883369446,0.342109739780426,-0.11724952608346939,0.18294550478458405,0.47325369715690613,-0.04708140715956688,0.17434482276439667,0.39425933361053467,-0.0742846429347992,0.17426912486553192,0.3476477861404419,-0.09445527195930481,0.17973631620407104,0.30410444736480713,-0.10844863951206207,0.14572598040103912,0.4979386031627655,-0.054469555616378784,0.1278010606765747,0.4336017668247223,-0.08255564421415329,0.12048964202404022,0.3923686742782593,-0.10048669576644897,0.1190449595451355,0.350189208984375,-0.11164401471614838,0.11572381854057312,0.5435601472854614,-0.0649724155664444,0.0950845405459404,0.5058104991912842,-0.0906388983130455,0.08483963459730148,0.48838233947753906,-0.10099722445011139,0.07754986733198166,0.4666179418563843,-0.10669467598199844
23,left,0.6783359050750732,0.6488407850265503,6.926836704224115e-07,0.6450362801551819,0.623955249786377,-0.029032686725258827,0.6243076920509338,0.5938358306884766,-0.05197509005665779,0.6074650287628174,0.5785036087036133,-0.07197986543178558,0.5760709047317505,0.5769500732421875,-0.09355282038450241,0.6504815816879272,0.44987988471984863,-0.038026001304388046,0.652519941329956,0.36907556653022766,-0.05604727566242218,0.657566249370575,0.3181493580341339,-0.07213271409273148,0.6642212867736816,0.27453678846359253,-0.08488123118877411,0.6933859586715698,0.45220503211021423,-0.03968747332692146,0.7127927541732788,0.37121087312698364,-0.052937448024749756,0.7290834188461304,0.32413604855537415,-0.06798303872346878,0.7448973059654236,0.28699737787246704,-0.08078266680240631,0.7252907156944275,0.47763967514038086,-0.043648410588502884,0.7567213177680969,0.4069773852825165,-0.05884722247719765,0.777804434299469,0.36861446499824524,-0.07408305257558823,0.7965534329414368,0.3371649384498596,-0.08635598421096802,0.7481166124343872,0.5170573592185974,-0.04965536296367645,0.7805430293083191,0.47990575432777405,-0.06531504541635513,0.8016294240951538,0.4591234028339386,-0.07332117855548859,0.8192609548568726,0.43822145462036133,-0.07933778315782547
24,right,0.17086470127105713,0.6929479241371155,4.244010654019803e-07,0.2067372351884842,0.669397234916687,-0.031203603371977806,0.23266151547431946,0.6295279264450073,-0.05595570430159569,0.2528071999549866,0.6103042960166931,-0.08113192021846771,0.27184683084487915,0.6031584143638611,-0.10584744811058044,0.23743048310279846,0.4949825704097748,-0.034024327993392944,0.2517452538013458,0.4398610591888428,-0.06598738580942154,0.26958540081977844,0.41754817962646484,-0.09087321907281876,0.2863593101501465,0.4014310836791992,-0.1078605055809021,0.1974838674068451,0.4881080090999603,-0.038641273975372314,0.1904873251914978,0.41065311431884766,-0.06934937089681625,0.19733776152133942,0.3812078535556793,-0.08995585888624191,0.2029028981924057,0.3538054823875427,-0.10411560535430908,0.15882384777069092,0.50919109582901,-0.04710422828793526,0.15030546486377716,0.4398266673088074,-0.08589429408311844,0.17853476107120514,0.48000335693359375,-0.09647922962903976,0.20072989165782928,0.5207580327987671,-0.0972076952457428,0.12512163817882538,0.5505863428115845,-0.058046191930770874,0.12805238366127014,0.5173526406288147,-0.09399057924747467,0.15218183398246765,0.53333580493927,-0.104207344353199,0.1720549315214157,0.5500600934028625,-0.10650266706943512
24,left,0.6734328269958496,0.663640022277832,-6.304551902758249e-08,0.6347869038581848,0.6327322721481323,-0.022199450060725212,0.6102244257926941,0.5859625935554504,-0.041067421436309814,0.6101701259613037,0.5631197094917297,-0.06107180193066597,0.6282954216003418,0.5627750158309937,-0.08106371015310287,0.6375335454940796,0.4647126793861389,-0.016712209209799767,0.6421682238578796,0.39407485723495483,-0.0430886372923851,0.6368532180786133,0.37624847888946533,-0.060842834413051605,0.6395140886306763,0.36515533924102783,-0.0721210241317749,0.6730654239654541,0.4769705533981323,-0.024260468780994415,0.691040575504303,0.39169740676879883,-0.060699570924043655,0.6664872765541077,0.4310210645198822,-0.0740441381931305,0.654090404510498,0.46798911690711975,-0.07336627691984177,0.7036501169204712,0.5030093789100647,-0.035532742738723755,0.7214311361312866,0.42816591262817383,-0.06924346834421158,0.690641462802887,0.470951110124588,-0.07134833186864853,0.6748977303504944,0.509966254234314,-0.0637112408876419,0.7311919331550598,0.5421371459960938,-0.04868078604340553,0.7228184938430786,0.5135945677757263,-0.07157724350690842,0.696286141872406,0.5462655425071716,-0.07129813730716705,0.6847886443138123,0.5760626792907715,-0.06576840579509735
25,right,0.17171305418014526,0.7134465575218201,-1.642253550926398e-07,0.21722619235515594,0.6733132600784302,-0.01277229655534029,0.24370872974395752,0.6272595524787903,-0.02747482992708683,0.25814568996429443,0.5959450602531433,-0.04477275162935257,0.2678292393684387,0.5686513781547546,-0.06001167371869087,0.22966215014457703,0.4811064302921295,-0.012111649848520756,0.2603520154953003,0.47953668236732483,-0.04494849964976311,0.27401334047317505,0.523783802986145,-0.07045761495828629,0.27892184257507324,0.5690552592277527,-0.08278065174818039,0.19024230539798737,0.4787244200706482,-0.019362028688192368,0.21458275616168976,0.4837208092212677,-0.04861282557249069,0.23435547947883606,0.5322704315185547,-0.06281601637601852,0.2465219795703888,0.5807121396064758,-0.06728213280439377,0.15400801599025726,0.4999415874481201,-0.03004295378923416,0.1780594438314438,0.5142841339111328,-0.05645686760544777,0.2044469565153122,0.5619552731513977,-0.06071016192436218,0.2225571870803833,0.6052140593528748,-0.05718859285116196,0.12548121809959412,0.538263738155365,-0.04262661933898926,0.15200871229171753,0.5547487735748291,-0.06054909899830818,0.1777697652578354,0.5900311470031738,-0.061047036200761795,0.19705060124397278,0.6198098063468933,-0.0559910349547863
25,left,0.6800048351287842,0.688645601272583,-5.43581791134784e-07,0.6368441581726074,0.6527062654495239,-0.015511970967054367,0.6163868308067322,0.6080782413482666,-0.03155199810862541,0.6237632632255554,0.5828874707221985,-0.05058041587471962,0.635549008846283,0.5598189234733582,-0.06740617007017136,0.6399276256561279,0.4930139183998108,-0.010109342634677887,0.6318140029907227,0.4529726505279541,-0.04277520626783371,0.6166653633117676,0.5022448301315308,-0.06655893474817276,0.610215425491333,0.5484150052070618,-0.07764028012752533,0.6732715368270874,0.5029389262199402,-0.017330529168248177,0.6686639785766602,0.45788171887397766,-0.04924832656979561,0.6455087661743164,0.5093425512313843,-0.06524103134870529,0.6310983300209045,0.5550929307937622,-0.06920184940099716,0.7027645707130432,0.5240210890769958,-0.02860361337661743,0.7023277878761292,0.48869162797927856,-0.056930605322122574,0.6743868589401245,0.5357502102851868,-0.0611811988055706,0.6541024446487427,0.5777745246887207,-0.056615252047777176,0.7275646328926086,0.5545961260795593,-0.04128420725464821,0.7184410691261292,0.5287976861000061,-0.05662751942873001,0.7006829977035522,0.5501444339752197,-0.05435636639595032,0.6894056797027588,0.5725100636482239,-0.04802655428647995
26,right,0.16564558446407318,0.6987086534500122,-1.0012753648425132e-07,0.22140619158744812,0.6680187582969666,-0.0183781236410141,0.25288379192352295,0.6232829689979553,-0.03499894589185715,0.2604300379753113,0.5946491956710815,-0.052451130002737045,0.2543456554412842,0.5815620422363281,-0.06754987686872482,0.22695022821426392,0.47478926181793213,-0.01512141153216362,0.2597726583480835,0.49054014682769775,-0.04941863939166069,0.27252015471458435,0.5399746894836426,-0.07510977983474731,0.2766788899898529,0.584976851940155,-0.08737689256668091,0.1880323588848114,0.4745975434780121,-0.019279975444078445,0.21650999784469604,0.5045299530029297,-0.05061911419034004,0.23449945449829102,0.5566218495368958,-0.06558581441640854,0.24535790085792542,0.6016017198562622,-0.06976759433746338,0.15335798263549805,0.4994535446166992,-0.02734946645796299,0.18075381219387054,0.5331592559814453,-0.056782543659210205,0.2059812992811203,0.581951916217804,-0.0627879872918129,0.22350268065929413,0.6207301020622253,-0.059337012469768524,0.12734320759773254,0.5396934747695923,-0.037543654441833496,0.15724259614944458,0.5706756711006165,-0.05810632184147835,0.18287792801856995,0.6072108149528503,-0.0608784481883049,0.2021491378545761,0.6334578394889832,-0.05670700967311859
26,left,0.6853188276290894,0.6813783049583435,-5.178495712243603e-07,0.639856219291687,0.6520395874977112,-0.021316366270184517,0.6161200404167175,0.6118001341819763,-0.03795346990227699,0.6224273443222046,0.5890107750892639,-0.054381612688302994,0.6341664791107178,0.5717107057571411,-0.06823120266199112,0.6482944488525391,0.4658143222332001,-0.018472585827112198,0.6341782212257385,0.4783902168273926,-0.04863828420639038,0.6219593286514282,0.5330560803413391,-0.07250101864337921,0.6170573234558105,0.5759093761444092,-0.08501117676496506,0.6852822303771973,0.47260698676109314,-0.02197028137743473,0.6694703102111816,0.4982174336910248,-0.050268568098545074,0.6501826047897339,0.5544586181640625,-0.06643427908420563,0.6387569904327393,0.596484363079071,-0.07154109328985214,0.7153470516204834,0.500982940196991,-0.02884831093251705,0.704590916633606,0.5249078869819641,-0.054062556475400925,0.6794326901435852,0.5747005343437195,-0.05933184549212456,0.6610861420631409,0.6116752624511719,-0.0565815344452858,0.7378278374671936,0.542341411113739,-0.03786680847406387,0.7223759293556213,0.5787093043327332,-0.05565595254302025,0.7032074332237244,0.6089558601379395,-0.05711999163031578,0.690764307975769,0.626448929309845,-0.05226125940680504
27,right,0.16847792267799377,0.6916146874427795,9.482024942997214e-09,0.21968863904476166,0.6637957096099854,-0.024510489776730537,0.24909287691116333,0.6204215884208679,-0.044009700417518616,0.25300851464271545,0.5904735326766968,-0.06289628148078918,0.24183392524719238,0.5761607885360718,-0.07929427921772003,0.22217194736003876,0.4712551236152649,-0.02052239328622818,0.2552897036075592,0.49069249629974365,-0.05688733607530594,0.26914262771606445,0.5367163419723511,-0.08400069177150726,0.27459341287612915,0.5777660012245178,-0.09701575338840485,0.18375909328460693,0.47063109278678894,-0.02230503410100937,0.2134585976600647,0.4991380572319031,-0.05618331953883171,0.23107723891735077,0.5478025078773499,-0.07211330533027649,0.241908460855484,0.5894206762313843,-0.07606560736894608,0.14916905760765076,0.4943525493144989,-0.028460243716835976,0.17842650413513184,0.531442403793335,-0.06004674732685089,0.20167148113250732,0.5796010494232178,-0.0661097839474678,0.2178289145231247,0.6166231036186218,-0.06167282909154892,0.12373089790344238,0.5334333181381226,-0.03722049295902252,0.15320521593093872,0.5650272965431213,-0.05832906812429428,0.17711374163627625,0.6022235751152039,-0.06053240969777107,0.1947939246892929,0.628106415271759,-0.05544465780258179
27,left,0.6868240237236023,0.6795467734336853,-4.892204401585332e-07,0.6419023275375366,0.6518092751502991,-0.018797852098941803,0.6179350018501282,0.6119817495346069,-0.035016950219869614,0.6236275434494019,0.5934339761734009,-0.05112018436193466,0.6392878293991089,0.5889327526092529,-0.06547816842794418,0.6518608331680298,0.46879059076309204,-0.018430789932608604,0.6362955570220947,0.48661568760871887,-0.04773372411727905,0.6267741918563843,0.5436601638793945,-0.07108034193515778,0.6216950416564941,0.587775468826294,-0.08342213928699493,0.6901821494102478,0.4751737713813782,-0.023657087236642838,0.6737827062606812,0.5056265592575073,-0.05084124952554703,0.6561902165412903,0.5658014416694641,-0.06499332934617996,0.6449156999588013,0.6105673313140869,-0.0687478557229042,0.7206012606620789,0.5044527053833008,-0.03189855441451073,0.7092344760894775,0.5364508628845215,-0.054916560649871826,0.6843340396881104,0.5888052582740784,-0.05763561651110649,0.6665194034576416,0.6269697546958923,-0.05385671183466911,0.7434796094894409,0.5470978021621704,-0.04231686517596245,0.7249255180358887,0.5939976572990417,-0.057690881192684174,0.7005698680877686,0.6288303732872009,-0.05700649321079254,0.6843692660331726,0.6485128402709961,-0.05122096464037895
28,right,0.16172263026237488,0.6966896653175354,-1.053215967772303e-07,0.20871397852897644,0.6698108315467834,-0.01943090930581093,0.2367408573627472,0.6228678822517395,-0.03410262614488602,0.2440253496170044,0.5908107161521912,-0.04888477176427841,0.24265456199645996,0.5680734515190125,-0.06125282123684883,0.2152477353811264,0.4799041748046875,-0.012253105640411377,0.24355241656303406,0.4865354001522064,-0.044425833970308304,0.2557235062122345,0.5302647352218628,-0.06852716207504272,0.25974544882774353,0.5709242224693298,-0.0797668993473053,0.177888885140419,0.4794761836528778,-0.014945955947041512,0.20111437141895294,0.4922153949737549,-0.044503722339868546,0.215973362326622,0.5440391302108765,-0.05779409036040306,0.22428208589553833,0.588630199432373,-0.06046053022146225,0.14344273507595062,0.5020471811294556,-0.02183620072901249,0.1647987961769104,0.5240180492401123,-0.04973834380507469,0.1853291094303131,0.5729630589485168,-0.0536031536757946,0.1988150030374527,0.6115983128547668,-0.048595935106277466,0.11707619577646255,0.5408195853233337,-0.030915768817067146,0.13999000191688538,0.5600922107696533,-0.05021342635154724,0.1646663397550583,0.5943509340286255,-0.051460009068250656,0.18300724029541016,0.6187965869903564,-0.04618014767765999
28,left,0.7039011716842651,0.6694684624671936,1.5541721243295115e-09,0.6579940319061279,0.6583071947097778,-0.028978053480386734,0.6312402486801147,0.6400141716003418,-0.05450990051031113,0.649762749671936,0.6406475901603699,-0.0776137039065361,0.6755654215812683,0.6393520832061768,-0.099079430103302,0.6459777355194092,0.5053495168685913,-0.04129403457045555,0.6473709344863892,0.4791976809501648,-0.07569978386163712,0.6559443473815918,0.48354750871658325,-0.1015200987458229,0.6642737984657288,0.498759388923645,-0.11661258339881897,0.6864941120147705,0.497380793094635,-0.04281270131468773,0.6907193064689636,0.5022755861282349,-0.0750519186258316,0.6893668174743652,0.5302833914756775,-0.09051651507616043,0.6866830587387085,0.5510150790214539,-0.09646254032850266,0.7201532125473022,0.5169802904129028,-0.04736951366066933,0.7221499681472778,0.562855064868927,-0.07357880473136902,0.7057175636291504,0.603213906288147,-0.07483977824449539,0.6907997727394104,0.6205323934555054,-0.07097378373146057,0.7468921542167664,0.5516645908355713,-0.05523684620857239,0.7384350299835205,0.6054366230964661,-0.07272634655237198,0.72133469581604,0.6357605457305908,-0.07149428129196167,0.706829845905304,0.6447255611419678,-0.06637123972177505
29,right,0.1539667546749115,0.6943178176879883,3.4918134161898706e-08,0.18504714965820312,0.6842208504676819,-0.03680803254246712,0.21274536848068237,0.6543631553649902,-0.06566353142261505,0.2358904927968979,0.6411730647087097,-0.0932944118976593,0.23754273355007172,0.6329488754272461,-0.11610911041498184,0.2158651351928711,0.5159995555877686,-0.03665751591324806,0.2212693691253662,0.46962201595306396,-0.07960917800664902,0.2314317673444748,0.5228797197341919,-0.10053350031375885,0.23033426702022552,0.5594232082366943,-0.10758260637521744,0.17365248501300812,0.5166445374488831,-0.03697675094008446,0.17331203818321228,0.4572078287601471,-0.07910113781690598,0.19059686362743378,0.5320539474487305,-0.08590314537286758,0.19452881813049316,0.5631369352340698,-0.08032546937465668,0.13442766666412354,0.5329749584197998,-0.043638572096824646,0.13246731460094452,0.4856153428554535,-0.08346519619226456,0.15514715015888214,0.5542945861816406,-0.0760742723941803,0.1607021689414978,0.5855512619018555,-0.06068968027830124,0.09857341647148132,0.5635979175567627,-0.053531792014837265,0.1019686684012413,0.5433103442192078,-0.0805344432592392,0.1251451075077057,0.5852519869804382,-0.07561977207660675,0.13587938249111176,0.6041268110275269,-0.06473492830991745
29,left,0.7209410071372986,0.6401050686836243,-1.5484449988889537e-07,0.6905680894851685,0.6412907838821411,-0.0331149622797966,0.6528347134590149,0.628797173500061,-0.05673987790942192,0.6457819938659668,0.6453762650489807,-0.07688168436288834,0.6581049561500549,0.6697031259536743,-0.09531614929437637,0.6755252480506897,0.4802977740764618,-0.0389474518597126,0.6775586009025574,0.5008115768432617,-0.06629805266857147,0.6815087795257568,0.5342787504196167,-0.08628891408443451,0.686397135257721,0.54960036277771,-0.09870892763137817,0.7233673930168152,0.4860803782939911,-0.03728272765874863,0.7243437170982361,0.5295786261558533,-0.06095663458108902,0.7197163105010986,0.5670261979103088,-0.07082799077033997,0.7182537317276001,0.5732900500297546,-0.07567866146564484,0.7632167339324951,0.513862669467926,-0.039256878197193146,0.7612900137901306,0.5677950382232666,-0.05706476792693138,0.7469542622566223,0.6033105850219727,-0.053919099271297455,0.737697958946228,0.6082390546798706,-0.049436911940574646,0.793355405330658,0.5520991086959839,-0.04525052756071091,0.7922115325927734,0.5908589959144592,-0.05626927688717842,0.7844589948654175,0.6079543232917786,-0.05162489414215088,0.781341016292572,0.603400707244873,-0.045416977256536484
30,right,0.14447355270385742,0.673577606678009,7.180677243923128e-07,0.18681715428829193,0.6726068258285522,-0.07079780846834183,0.21174481511116028,0.6491250395774841,-0.12156938016414642,0.22842445969581604,0.6379528641700745,-0.16520163416862488,0.2502460181713104,0.637620210647583,-0.21189910173416138,0.2066737860441208,0.5061719417572021,-0.10204282402992249,0.2121639847755432,0.4533426761627197,-0.15806293487548828,0.21445953845977783,0.4257492423057556,-0.20246097445487976,0.21375328302383423,0.41672083735466003,-0.2319328486919403,0.16320468485355377,0.5069478154182434,-0.09641061723232269,0.15282848477363586,0.43848544359207153,-0.15036356449127197,0.14679092168807983,0.40932977199554443,-0.19197805225849152,0.14303073287010193,0.40008896589279175,-0.22068800032138824,0.12383712083101273,0.5332053899765015,-0.09616483002901077,0.10704188048839569,0.4752667248249054,-0.14783965051174164,0.09790200740098953,0.45420506596565247,-0.18437251448631287,0.0930294543504715,0.4491865336894989,-0.20769621431827545,0.08884653449058533,0.57435542345047,-0.10030234605073929,0.07243494689464569,0.5380386710166931,-0.14549334347248077,0.06430051475763321,0.531272828578949,-0.1710984706878662,0.05795937031507492,0.5332202315330505,-0.18837691843509674
30,left,0.6979277729988098,0.6432314515113831,7.866420332902635e-07,0.6768237948417664,0.6331275105476379,-0.030069399625062943,0.6609252691268921,0.6096402406692505,-0.04995705187320709,0.6479260325431824,0.6092976331710815,-0.06707090884447098,0.6247405409812927,0.6272891163825989,-0.08622054010629654,0.6858247518539429,0.4824269413948059,-0.033532824367284775,0.6951861381530762,0.4274163246154785,-0.0487200953066349,0.7069659233093262,0.38645002245903015,-0.0637211799621582,0.7198271751403809,0.3535761833190918,-0.07499926537275314,0.7267731428146362,0.48469239473342896,-0.0330062098801136,0.7492331862449646,0.4260222911834717,-0.04181860387325287,0.7661417722702026,0.3868481516838074,-0.05379680171608925,0.7822390794754028,0.3564014136791229,-0.06322978436946869,0.7592398524284363,0.5085375905036926,-0.03510778769850731,0.7918887734413147,0.45770376920700073,-0.04791191220283508,0.8136583566665649,0.427604615688324,-0.06172527000308037,0.8334370851516724,0.4026709794998169,-0.07138453423976898,0.780897319316864,0.5504664778709412,-0.03965573385357857,0.8180345296859741,0.5296460390090942,-0.055991217494010925,0.8441272974014282,0.515660285949707,-0.06384820491075516,0.8662174940109253,0.5032634735107422,-0.06771969050168991
31,right,0.1419072449207306,0.6687934994697571,7.641880870323803e-07,0.17923304438591003,0.6577368378639221,-0.04831119626760483,0.20163695514202118,0.6277515888214111,-0.08221898227930069,0.22283080220222473,0.6154381632804871,-0.11275070160627365,0.2563454806804657,0.6198559403419495,-0.14447201788425446,0.1960025578737259,0.4823443591594696,-0.05123782157897949,0.20773908495903015,0.42662981152534485,-0.08148864656686783,0.21610186994075775,0.3939724564552307,-0.10656903684139252,0.22266176342964172,0.37046724557876587,-0.12509332597255707,0.1551685631275177,0.48229676485061646,-0.04952487349510193,0.14251144230365753,0.41254115104675293,-0.07629494369029999,0.1375598907470703,0.36899977922439575,-0.09931578487157822,0.13674910366535187,0.3374030590057373,-0.11578942835330963,0.11860450357198715,0.5115575790405273,-0.052747029811143875,0.09483369439840317,0.45355939865112305,-0.08216818422079086,0.0830254778265953,0.4197927713394165,-0.10424475371837616,0.07727164030075073,0.3903208374977112,-0.11865963786840439,0.08859394490718842,0.561385989189148,-0.05974588170647621,0.06936579197645187,0.5299597382545471,-0.08806496113538742,0.056945331394672394,0.5213026404380798,-0.10218691825866699,0.04627697914838791,0.5109996795654297,-0.11094480752944946
31,left,0.6948107481002808,0.6369088292121887,9.833468084252672e-07,0.6605917811393738,0.6155916452407837,-0.03747760131955147,0.6413141489028931,0.591060996055603,-0.06765971332788467,0.6219278573989868,0.5751854777336121,-0.09328190982341766,0.587522029876709,0.5763498544692993,-0.12071698904037476,0.6801667809486389,0.4458814263343811,-0.054793283343315125,0.6958249807357788,0.3700501322746277,-0.07795175164937973,0.7101407051086426,0.31896376609802246,-0.09850159287452698,0.7249066233634949,0.2750728130340576,-0.11339307576417923,0.7227897047996521,0.4527704119682312,-0.053425759077072144,0.7515127062797546,0.37526312470436096,-0.07099246233701706,0.7749955058097839,0.3210185766220093,-0.0887082889676094,0.7958197593688965,0.27639710903167725,-0.10238654166460037,0.755846381187439,0.4818865954875946,-0.05384437367320061,0.7933136224746704,0.4119012951850891,-0.07223278284072876,0.8188847303390503,0.3685179352760315,-0.08922086656093597,0.8410912752151489,0.3320246934890747,-0.10144776105880737,0.7779474854469299,0.5261372923851013,-0.056746091693639755,0.8184313774108887,0.48761510848999023,-0.07505083084106445,0.8456103801727295,0.46368157863616943,-0.08318684250116348,0.8690197467803955,0.4406394958496094,-0.08776509761810303
32,right,0.15080992877483368,0.6738384366035461,6.277832085288537e-07,0.18327435851097107,0.6527332663536072,-0.04497719556093216,0.20459763705730438,0.6208351850509644,-0.07650328427553177,0.22025731205940247,0.6005266904830933,-0.104878269135952,0.2434958517551422,0.5932779908180237,-0.13348111510276794,0.20190870761871338,0.47389379143714905,-0.04620034992694855,0.2143382579088211,0.4248632788658142,-0.07779941707849503,0.22386011481285095,0.39452385902404785,-0.10431120544672012,0.23331451416015625,0.37175124883651733,-0.12332460284233093,0.1602172702550888,0.4743227958679199,-0.04575663059949875,0.1457887589931488,0.40483948588371277,-0.07305172085762024,0.14179231226444244,0.3630443811416626,-0.0947989821434021,0.14456802606582642,0.3290347456932068,-0.1102449968457222,0.12473739683628082,0.5048456788063049,-0.05040411278605461,0.10171233117580414,0.45251771807670593,-0.07973991334438324,0.09486597776412964,0.42081475257873535,-0.09784481674432755,0.0957963615655899,0.39076513051986694,-0.10913700610399246,0.0969720408320427,0.555242121219635,-0.05897412821650505,0.07885704934597015,0.5228209495544434,-0.08655989170074463,0.07564771920442581,0.5074664950370789,-0.09862664341926575,0.07781258225440979,0.48870164155960083,-0.10568898171186447
32,left,0.6880881786346436,0.6470905542373657,6.326197876660444e-07,0.6559302806854248,0.6165844202041626,-0.032743796706199646,0.6345919370651245,0.5830398201942444,-0.05664658546447754,0.6197479367256165,0.5637148022651672,-0.07703251391649246,0.5928371548652649,0.5567562580108643,-0.09796909987926483,0.6703473925590515,0.43601447343826294,-0.03404711186885834,0.6840615272521973,0.3572695255279541,-0.05153917148709297,0.6951896548271179,0.31091809272766113,-0.06889867782592773,0.7050244808197021,0.26876235008239746,-0.0828215479850769,0.7100865244865417,0.4420524835586548,-0.034102942794561386,0.7312294244766235,0.3668166995048523,-0.045607972890138626,0.745224118232727,0.323581725358963,-0.05973665788769722,0.7564142942428589,0.28715571761131287,-0.07258371263742447,0.7387991547584534,0.4691641926765442,-0.03747444972395897,0.7653308510780334,0.4084986448287964,-0.04841694235801697,0.7814456224441528,0.3735920786857605,-0.05885228514671326,0.7931647300720215,0.34302136301994324,-0.06857702136039734,0.7590806484222412,0.5094476938247681,-0.044199418276548386,0.7771551012992859,0.46456289291381836,-0.05376989021897316,0.7848320603370667,0.4413272738456726,-0.056846752762794495,0.7888622879981995,0.41865307092666626,-0.060258395969867706
33,right,0.15128973126411438,0.6867495179176331,5.138970777807117e-07,0.18609103560447693,0.6545204520225525,-0.04020818695425987,0.21043172478675842,0.6189537644386292,-0.06920656561851501,0.2248534858226776,0.5926898717880249,-0.09692061692476273,0.2279590368270874,0.5758628845214844,-0.12437925487756729,0.21116864681243896,0.4798395335674286,-0.03329963982105255,0.22155621647834778,0.43277955055236816,-0.06229814514517784,0.2315710186958313,0.40620800852775574,-0.08763204514980316,0.2432449460029602,0.3922090232372284,-0.10548330098390579,0.17087602615356445,0.4798847734928131,-0.03322308138012886,0.1599149852991104,0.41993188858032227,-0.05670984089374542,0.1553332805633545,0.3856813311576843,-0.07737471163272858,0.15835784375667572,0.35704630613327026,-0.0931398943066597,0.13538309931755066,0.5060343742370605,-0.038698431104421616,0.11868064105510712,0.46045488119125366,-0.06419345736503601,0.1131264716386795,0.4359346926212311,-0.08093996345996857,0.11485496163368225,0.4172073006629944,-0.09235682338476181,0.1060410737991333,0.5506855845451355,-0.04820195212960243,0.09599824249744415,0.5226663947105408,-0.07232808321714401,0.09693455696105957,0.5088939070701599,-0.08424613624811172,0.10343120992183685,0.49506011605262756,-0.09208537638187408
33,left,0.683171808719635,0.6613010764122009,2.534789018682204e-07,0.6459828615188599,0.6267730593681335,-0.02274511195719242,0.626166582107544,0.5800262093544006,-0.039561979472637177,0.6251745223999023,0.5526129007339478,-0.05651045963168144,0.621956467628479,0.5498865842819214,-0.07410223037004471,0.6545165777206421,0.457547128200531,-0.01799296773970127,0.6668444275856018,0.3949407935142517,-0.03474818170070648,0.6750026345252991,0.35840216279029846,-0.050101347267627716,0.6827489137649536,0.32832959294319153,-0.06279037147760391,0.6891878843307495,0.4685790538787842,-0.023633506149053574,0.7087345123291016,0.3977857828140259,-0.04444923624396324,0.7076625227928162,0.3824300169944763,-0.0587770901620388,0.7021448016166687,0.3822343945503235,-0.06657237559556961,0.7169861793518066,0.49714145064353943,-0.03242000937461853,0.7345435619354248,0.4323744773864746,-0.05638008192181587,0.7254467606544495,0.4361506700515747,-0.06640022993087769,0.7146574258804321,0.4545336961746216,-0.06998340785503387,0.7409059405326843,0.539065420627594,-0.04320767894387245,0.7391099333763123,0.5129964351654053,-0.06441951543092728,0.7250564098358154,0.5181582570075989,-0.07085039466619492,0.7134102582931519,0.532227098941803,-0.07311947643756866
34,right,0.14663217961788177,0.6914122700691223,-1.2661976711569878e-07,0.19143445789813995,0.6607565879821777,-0.023005980998277664,0.21577714383602142,0.6156166195869446,-0.041971635073423386,0.2122083157300949,0.5814673900604248,-0.06114720553159714,0.18954768776893616,0.5525937080383301,-0.07714430242776871,0.20028255879878998,0.4608936011791229,-0.016948137432336807,0.22585240006446838,0.45344528555870056,-0.0518554225564003,0.2403152883052826,0.49738234281539917,-0.07831738889217377,0.24497783184051514,0.5436581969261169,-0.09023141860961914,0.160901740193367,0.4593065679073334,-0.01897147111594677,0.18307651579380035,0.464469850063324,-0.05026299133896828,0.20300424098968506,0.5160850882530212,-0.06519526988267899,0.21220391988754272,0.5646673440933228,-0.06868718564510345,0.12481649219989777,0.4815572500228882,-0.02540121227502823,0.14861436188220978,0.49521422386169434,-0.05308491736650467,0.17467251420021057,0.5448182225227356,-0.056807007640600204,0.1887882947921753,0.5881569981575012,-0.05187712609767914,0.09755870699882507,0.5202005505561829,-0.03454369679093361,0.12325082719326019,0.5307069420814514,-0.05390273407101631,0.14687009155750275,0.567537248134613,-0.05438007414340973,0.16146962344646454,0.597868800163269,-0.04838082566857338
34,left,0.6891400814056396,0.6884363293647766,-4.6015088628337253e-07,0.6538481116294861,0.6532569527626038,-0.015046657994389534,0.633692741394043,0.6100196838378906,-0.031017165631055832,0.636462926864624,0.5858714580535889,-0.04982007294893265,0.6450202465057373,0.5599769949913025,-0.06537548452615738,0.6593971252441406,0.48617905378341675,-0.010261663235723972,0.6548882722854614,0.4479030966758728,-0.04215852916240692,0.639015257358551,0.4942622184753418,-0.06380131095647812,0.6330918669700623,0.5377110838890076,-0.07298296689987183,0.6918485760688782,0.49978968501091003,-0.017260199412703514,0.6910287141799927,0.4607512354850769,-0.04937656223773956,0.6677775382995605,0.5076209306716919,-0.06460115313529968,0.6561233997344971,0.5455307960510254,-0.06801335513591766,0.7201778888702393,0.5252342224121094,-0.02816515788435936,0.7253386974334717,0.4948165714740753,-0.05832023546099663,0.6951051354408264,0.5380831360816956,-0.06167226657271385,0.6741184592247009,0.5721647143363953,-0.05531065911054611,0.7434918284416199,0.5588579177856445,-0.04024822264909744,0.7546771764755249,0.5168229341506958,-0.05634242296218872,0.7541934251785278,0.5061939358711243,-0.05533527582883835,0.7569485902786255,0.4973245859146118,-0.049434468150138855
35,right,0.14544862508773804,0.6867534518241882,-1.3085580974347977e-07,0.19901372492313385,0.6552589535713196,-0.026300098747015,0.22591784596443176,0.6082799434661865,-0.04613206163048744,0.22025898098945618,0.5752817988395691,-0.06508997082710266,0.1979118138551712,0.5587784051895142,-0.08079295605421066,0.20019206404685974,0.4533623456954956,-0.018750231713056564,0.2252003252506256,0.4689733386039734,-0.05781415104866028,0.23588189482688904,0.5207443237304688,-0.08711996674537659,0.23872309923171997,0.5670762062072754,-0.10090965032577515,0.16002321243286133,0.4543887972831726,-0.020096030086278915,0.18196550011634827,0.47991812229156494,-0.055680956691503525,0.19854122400283813,0.5343778133392334,-0.07255485653877258,0.20836207270622253,0.5808447003364563,-0.0767071470618248,0.12451471388339996,0.48020708560943604,-0.02650846540927887,0.14574971795082092,0.5137163996696472,-0.058227188885211945,0.16943663358688354,0.5640826225280762,-0.06337641924619675,0.18590110540390015,0.6032040119171143,-0.05841702222824097,0.098904088139534,0.521579921245575,-0.03602345660328865,0.12199191749095917,0.5513706803321838,-0.0573299378156662,0.14531497657299042,0.5878950953483582,-0.05957946553826332,0.16251930594444275,0.6129127144813538,-0.05457005277276039
35,left,0.6995096206665039,0.686636209487915,-4.998838676328887e-07,0.6538618206977844,0.6521182060241699,-0.020775699988007545,0.6314619779586792,0.6089528799057007,-0.03804036229848862,0.6395557522773743,0.5901550054550171,-0.05553961917757988,0.6563054919242859,0.5831027030944824,-0.07084322720766068,0.6729534268379211,0.46463483572006226,-0.017124366015195847,0.6579024195671082,0.46983814239501953,-0.048098430037498474,0.6441658735275269,0.5226646065711975,-0.07264979928731918,0.6374398469924927,0.5644395351409912,-0.08544130623340607,0.7107595205307007,0.4721265733242035,-0.021519849076867104,0.693047821521759,0.49554499983787537,-0.050598084926605225,0.6708511710166931,0.5504982471466064,-0.06651684641838074,0.6570640802383423,0.5909799337387085,-0.07103325426578522,0.740082323551178,0.5009626746177673,-0.029421035200357437,0.72551429271698,0.5315648913383484,-0.05486765503883362,0.6982195377349854,0.5825155377388,-0.058975499123334885,0.6789318919181824,0.6190965175628662,-0.05500148981809616,0.7612310647964478,0.5425321459770203,-0.03970585763454437,0.7411184906959534,0.5829094052314758,-0.05600578710436821,0.7169762849807739,0.6178733706474304,-0.055477652698755264,0.700873851776123,0.6393274068832397,-0.049177683889865875
36,right,0.14083126187324524,0.681088924407959,-8.935082718153353e-08,0.19153976440429688,0.6581410765647888,-0.025501294061541557,0.2171899527311325,0.6193331480026245,-0.044777799397706985,0.21608933806419373,0.5908438563346863,-0.06361159682273865,0.19997116923332214,0.5729527473449707,-0.07950980961322784,0.19423441588878632,0.4574916660785675,-0.017636261880397797,0.21991410851478577,0.4654008746147156,-0.05585990846157074,0.23161189258098602,0.5162390470504761,-0.08415067195892334,0.2347695529460907,0.5633770823478699,-0.09679651260375977,0.15630941092967987,0.45660847425460815,-0.018717925995588303,0.17891116440296173,0.47578924894332886,-0.05282459408044815,0.194891557097435,0.5297556519508362,-0.06940285116434097,0.20417135953903198,0.575132429599762,-0.07324720174074173,0.12125217914581299,0.4802597463130951,-0.024756381288170815,0.1429583579301834,0.5126541256904602,-0.05561169609427452,0.16495400667190552,0.5641896724700928,-0.06111384555697441,0.17925480008125305,0.6039472222328186,-0.05610610172152519,0.0947493389248848,0.5193315148353577,-0.03364814445376396,0.11634822189807892,0.5473243594169617,-0.05418766662478447,0.13938435912132263,0.5837312936782837,-0.055946484208106995,0.15599790215492249,0.6095260977745056,-0.050307899713516235
36,left,0.7068809270858765,0.6809909343719482,-4.5591502839670284e-07,0.6625182628631592,0.6510326266288757,-0.02150920033454895,0.6373236179351807,0.6142839789390564,-0.039044685661792755,0.6379071474075317,0.595196545124054,-0.05586877092719078,0.651139497756958,0.5851567387580872,-0.07050774991512299,0.6750196814537048,0.4651539921760559,-0.01907302811741829,0.6614874601364136,0.4886499345302582,-0.050553206354379654,0.6519675850868225,0.5439755916595459,-0.07603688538074493,0.6462510824203491,0.5869690775871277,-0.08911457657814026,0.713503360748291,0.4720490276813507,-0.022453121840953827,0.6977679133415222,0.5111832618713379,-0.050295181572437286,0.6797288060188293,0.5679816007614136,-0.0657438412308693,0.6681210398674011,0.6106178760528564,-0.07024790346622467,0.7429986596107483,0.5006720423698425,-0.029218681156635284,0.7304229736328125,0.5466153025627136,-0.05306113138794899,0.705366849899292,0.5967240929603577,-0.05616870895028114,0.6874877214431763,0.6324185132980347,-0.052164848893880844,0.7643435597419739,0.5422272086143494,-0.038517266511917114,0.7451242804527283,0.595615804195404,-0.053797490894794464,0.7213795185089111,0.6313192248344421,-0.05276396498084068,0.7055132389068604,0.6513344049453735,-0.04631784185767174
