0.748604416847229,0.7839179635047913,-0.19351543486118317,0.3542272746562958,0.7722070217132568,-0.12006352841854095
0.7473887205123901,0.7832934856414795,-0.1937834620475769,0.3538331985473633,0.7730191946029663,-0.11778593063354492
0.7465991973876953,0.7832948565483093,-0.1969454437494278,0.35301411151885986,0.7740889191627502,-0.11749402433633804
0.7457783818244934,0.7832836508750916,-0.17746223509311676,0.35132354497909546,0.7750217914581299,-0.10646258294582367
0.744787335395813,0.7835620045661926,-0.1571214497089386,0.3502578139305115,0.7763760089874268,-0.09177540242671967
0.7442214488983154,0.7835890650749207,-0.16151437163352966,0.3493044376373291,0.7770785093307495,-0.11898931115865707
0.7440807819366455,0.7844260931015015,-0.17571356892585754,0.3487452566623688,0.7772647738456726,-0.1309938132762909
0.7439077496528625,0.7844230532646179,-0.1792893260717392,0.34832024574279785,0.7775684595108032,-0.1621461808681488
0.7438523769378662,0.7843730449676514,-0.18574383854866028,0.3482472002506256,0.7775781750679016,-0.16778776049613953
0.7438331842422485,0.784372866153717,-0.18675844371318817,0.3499210476875305,0.7774141430854797,-0.16430100798606873
0.7441061735153198,0.7848969101905823,-0.18908831477165222,0.35037434101104736,0.7774818539619446,-0.15934589505195618
0.7441477179527283,0.7851069569587708,-0.18466010689735413,0.3508085608482361,0.7773977518081665,-0.15849637985229492
0.7445675134658813,0.7852098345756531,-0.1747410148382187,0.35148489475250244,0.7773377895355225,-0.14164011180400848
0.7449415922164917,0.7855964303016663,-0.16744951903820038,0.352268248796463,0.7770096063613892,-0.11761707067489624
0.745485246181488,0.7856060862541199,-0.16862605512142181,0.35263311862945557,0.776850163936615,-0.11864732205867767
0.7456197738647461,0.7856114506721497,-0.16464468836784363,0.3526075482368469,0.7767396569252014,-0.11607042700052261
0.7457138299942017,0.7856438159942627,-0.16546642780303955,0.3526039719581604,0.7764853835105896,-0.1190853863954544
0.7457054853439331,0.7856504321098328,-0.1654501110315323,0.3526940941810608,0.7762223482131958,-0.11841438710689545
0.7457331418991089,0.7856546640396118,-0.16382652521133423,0.35268768668174744,0.776235044002533,-0.11584307253360748
0.7457243204116821,0.78560870885849,-0.1583249270915985,0.3526398241519928,0.776276171207428,-0.1158122643828392
0.7457128167152405,0.7856491804122925,-0.15588434040546417,0.35248246788978577,0.7763472199440002,-0.11594607681035995
0.7456682920455933,0.7856539487838745,-0.1518251597881317,0.3522379994392395,0.7763282060623169,-0.10761643946170807
0.7456690073013306,0.78566575050354,-0.14562702178955078,0.35194939374923706,0.7763209939002991,-0.09446464478969574
0.7456618547439575,0.7856667637825012,-0.14216086268424988,0.3516765534877777,0.7761767506599426,-0.09517882764339447
0.7456501722335815,0.7854791283607483,-0.14256808161735535,0.3514236509799957,0.7760041952133179,-0.09793379157781601
0.745598554611206,0.785369336605072,-0.12968602776527405,0.35139572620391846,0.7759794592857361,-0.097217857837677
0.7455406188964844,0.7851494550704956,-0.11655591428279877,0.3513908088207245,0.7750190496444702,-0.08669747412204742
0.7455310821533203,0.7851190567016602,-0.11692334711551666,0.3515250086784363,0.7743837833404541,-0.08620939403772354
0.7455259561538696,0.7850182056427002,-0.09591647982597351,0.3516620397567749,0.7740465998649597,-0.07209065556526184
0.7457024455070496,0.7850488424301147,-0.1026192456483841,0.3520575165748596,0.7732518911361694,-0.07440758496522903
0.7460899353027344,0.7850571274757385,-0.12417149543762207,0.353008508682251,0.7729975581169128,-0.08433361351490021
0.7463613152503967,0.7851824164390564,-0.12310683727264404,0.35347992181777954,0.7726867198944092,-0.08278831094503403
0.7464651465415955,0.7852694392204285,-0.12164497375488281,0.35375064611434937,0.7722249627113342,-0.08277930319309235
0.7465934157371521,0.7855574488639832,-0.1342681348323822,0.35401079058647156,0.7721551060676575,-0.09214615821838379
0.7466011643409729,0.7856665849685669,-0.17958027124404907,0.35249799489974976,0.7716013789176941,-0.17104226350784302
0.7459113597869873,0.7857080698013306,-0.1440705507993698,0.3522189259529114,0.771578848361969,-0.15902067720890045
