1,right,0.2560182809829712,0.7651582956314087,-1.4181468088736437e-07,0.3122354745864868,0.7468749284744263,-0.023209985345602036,0.35970228910446167,0.6954399943351746,-0.0360855795443058,0.3763051927089691,0.6497901082038879,-0.05022383853793144,0.34886717796325684,0.6371393799781799,-0.06342512369155884,0.31905215978622437,0.5807768106460571,-0.01952274702489376,0.32343560457229614,0.4999769330024719,-0.048836495727300644,0.3221747577190399,0.5258931517601013,-0.0691569373011589,0.3179302215576172,0.5695050358772278,-0.07862267643213272,0.27869367599487305,0.5780909657478333,-0.022922543808817863,0.27827951312065125,0.47601184248924255,-0.05112658813595772,0.27950066328048706,0.5167073011398315,-0.06717191636562347,0.28125420212745667,0.5660157799720764,-0.07285073399543762,0.24227939546108246,0.587683916091919,-0.029989873990416527,0.23509465157985687,0.49560391902923584,-0.0533585287630558,0.24079248309135437,0.5344026684761047,-0.06080535426735878,0.24635392427444458,0.5836981534957886,-0.06073805317282677,0.20444703102111816,0.6093632578849792,-0.03945939242839813,0.190059095621109,0.54736328125,-0.05477039888501167,0.19725677371025085,0.5622736215591431,-0.0579882487654686,0.2068624496459961,0.5942333936691284,-0.057752955704927444
1,left,0,0,0,0,0,0,0,0,0,0,0,0,0,0,0,0,0,0,0,0,0,0,0,0,0,0,0,0,0,0,0,0,0,0,0,0,0,0,0,0,0,0,0,0,0,0,0,0,0,0,0,0,0,0,0,0,0,0,0,0,0,0,0
2,right,0.25177836418151855,0.7699111700057983,-1.4115541091541672e-07,0.3082742691040039,0.7536665201187134,-0.024361683055758476,0.35693639516830444,0.7009903788566589,-0.037590064108371735,0.3758588433265686,0.6530007719993591,-0.05177614465355873,0.34948593378067017,0.6397640705108643,-0.0645325556397438,0.31541264057159424,0.5869683027267456,-0.021297510713338852,0.32256069779396057,0.5023655295372009,-0.05165431275963783,0.32063519954681396,0.532340407371521,-0.07174355536699295,0.31514039635658264,0.5791248083114624,-0.08061185479164124,0.2750691771507263,0.5828902721405029,-0.024011677131056786,0.27643826603889465,0.4799339175224304,-0.052920207381248474,0.27795907855033875,0.5211997032165527,-0.06824485957622528,0.27940458059310913,0.5714967250823975,-0.073151595890522,0.23815636336803436,0.5916545987129211,-0.030615955591201782,0.23226135969161987,0.4999697208404541,-0.05410941317677498,0.23753468692302704,0.5397957563400269,-0.06046775355935097,0.24258272349834442,0.5885432362556458,-0.05946217104792595,0.20057478547096252,0.6121038198471069,-0.039783746004104614,0.18706104159355164,0.550540030002594,-0.054320864379405975,0.19408586621284485,0.5639116168022156,-0.05688592419028282,0.20353157818317413,0.5934608578681946,-0.056208536028862
2,left,0,0,0,0,0,0,0,0,0,0,0,0,0,0,0,0,0,0,0,0,0,0,0,0,0,0,0,0,0,0,0,0,0,0,0,0,0,0,0,0,0,0,0,0,0,0,0,0,0,0,0,0,0,0,0,0,0,0,0,0,0,0,0
3,right,0.25395116209983826,0.772616446018219,-1.355488166154828e-07,0.310093492269516,0.753360390663147,-0.023649604991078377,0.3570486307144165,0.701434850692749,-0.03731333464384079,0.3739345669746399,0.6537684202194214,-0.051975950598716736,0.3474670648574829,0.6408725380897522,-0.06510178744792938,0.3145415186882019,0.5867714285850525,-0.021814145147800446,0.32017678022384644,0.5030432939529419,-0.05228672921657562,0.31906527280807495,0.533607006072998,-0.07216129451990128,0.3144221901893616,0.5793464779853821,-0.08087950944900513,0.2739799916744232,0.5836591720581055,-0.02504272386431694,0.2739448547363281,0.4807622730731964,-0.053706925362348557,0.27635669708251953,0.5238678455352783,-0.06752827763557434,0.27813035249710083,0.5741961002349854,-0.07137773931026459,0.23700372874736786,0.5937309265136719,-0.03209690749645233,0.22942578792572021,0.5019434690475464,-0.0553140789270401,0.23610614240169525,0.542519211769104,-0.05955745652318001,0.24199892580509186,0.5906239748001099,-0.057106487452983856,0.1994989961385727,0.6153769493103027,-0.0417364127933979,0.18451529741287231,0.5524648427963257,-0.05603484436869621,0.1933465301990509,0.5664684176445007,-0.057185277342796326,0.20434468984603882,0.5965558290481567,-0.055354975163936615
3,left,0,0,0,0,0,0,0,0,0,0,0,0,0,0,0,0,0,0,0,0,0,0,0,0,0,0,0,0,0,0,0,0,0,0,0,0,0,0,0,0,0,0,0,0,0,0,0,0,0,0,0,0,0,0,0,0,0,0,0,0,0,0,0
4,right,0,0,0,0,0,0,0,0,0,0,0,0,0,0,0,0,0,0,0,0,0,0,0,0,0,0,0,0,0,0,0,0,0,0,0,0,0,0,0,0,0,0,0,0,0,0,0,0,0,0,0,0,0,0,0,0,0,0,0,0,0,0,0
4,left,0,0,0,0,0,0,0,0,0,0,0,0,0,0,0,0,0,0,0,0,0,0,0,0,0,0,0,0,0,0,0,0,0,0,0,0,0,0,0,0,0,0,0,0,0,0,0,0,0,0,0,0,0,0,0,0,0,0,0,0,0,0,0
5,right,0.2567874491214752,0.7682491540908813,-5.209597375710473e-08,0.31058821082115173,0.7556766867637634,-0.02325928770005703,0.3545551300048828,0.701928973197937,-0.03535719960927963,0.3762415945529938,0.6554031372070312,-0.04828796535730362,0.3488418459892273,0.647964596748352,-0.059628888964653015,0.31433773040771484,0.5864490270614624,-0.01929919794201851,0.3190809488296509,0.503040611743927,-0.0473313145339489,0.3185664117336273,0.5320253372192383,-0.06535433232784271,0.31377169489860535,0.5763302445411682,-0.07273102551698685,0.2731950879096985,0.583868682384491,-0.021421199664473534,0.2711711823940277,0.48510313034057617,-0.04714251309633255,0.2743418216705322,0.5275265574455261,-0.059024203568696976,0.2772304117679596,0.5734570622444153,-0.061956584453582764,0.23682500422000885,0.594114363193512,-0.027462733909487724,0.22992587089538574,0.5059016346931458,-0.048857174813747406,0.23599159717559814,0.547670304775238,-0.05231649801135063,0.24158896505832672,0.5926507711410522,-0.04964349418878555,0.1992054134607315,0.6163901686668396,-0.03609403222799301,0.1833753138780594,0.5540415048599243,-0.04998796060681343,0.191185861825943,0.5692059397697449,-0.051314812153577805,0.20215970277786255,0.5995662212371826,-0.04952726513147354
5,left,0,0,0,0,0,0,0,0,0,0,0,0,0,0,0,0,0,0,0,0,0,0,0,0,0,0,0,0,0,0,0,0,0,0,0,0,0,0,0,0,0,0,0,0,0,0,0,0,0,0,0,0,0,0,0,0,0,0,0,0,0,0,0
6,right,0.2543737590312958,0.7703101634979248,-1.1253639797814685e-07,0.3109152317047119,0.7528722286224365,-0.025094609707593918,0.3574700951576233,0.7010616660118103,-0.03968027979135513,0.3740948438644409,0.6535711884498596,-0.05518994480371475,0.3469661772251129,0.6428269743919373,-0.06900202482938766,0.3138033151626587,0.5856233835220337,-0.02180422842502594,0.3179912567138672,0.5015214681625366,-0.053685981780290604,0.3173561692237854,0.5309218764305115,-0.07402415573596954,0.3137601613998413,0.5789068341255188,-0.08221368491649628,0.27270981669425964,0.5837085247039795,-0.02422967366874218,0.2707611620426178,0.48123401403427124,-0.05380982160568237,0.27246010303497314,0.5231068134307861,-0.06747668236494064,0.275056391954422,0.5741686820983887,-0.07041541486978531,0.2359706461429596,0.5941592454910278,-0.030885668471455574,0.2272932529449463,0.5045990943908691,-0.055405598133802414,0.23337170481681824,0.5450988411903381,-0.059856854379177094,0.24024179577827454,0.5932485461235046,-0.05664516240358353,0.19864141941070557,0.6161300539970398,-0.0401960164308548,0.18269029259681702,0.5541605353355408,-0.05527659133076668,0.1905500292778015,0.5688555836677551,-0.056355591863393784,0.20201143622398376,0.599672257900238,-0.05381357669830322
6,left,0,0,0,0,0,0,0,0,0,0,0,0,0,0,0,0,0,0,0,0,0,0,0,0,0,0,0,0,0,0,0,0,0,0,0,0,0,0,0,0,0,0,0,0,0,0,0,0,0,0,0,0,0,0,0,0,0,0,0,0,0,0,0
7,right,0,0,0,0,0,0,0,0,0,0,0,0,0,0,0,0,0,0,0,0,0,0,0,0,0,0,0,0,0,0,0,0,0,0,0,0,0,0,0,0,0,0,0,0,0,0,0,0,0,0,0,0,0,0,0,0,0,0,0,0,0,0,0
7,left,0,0,0,0,0,0,0,0,0,0,0,0,0,0,0,0,0,0,0,0,0,0,0,0,0,0,0,0,0,0,0,0,0,0,0,0,0,0,0,0,0,0,0,0,0,0,0,0,0,0,0,0,0,0,0,0,0,0,0,0,0,0,0
8,right,0,0,0,0,0,0,0,0,0,0,0,0,0,0,0,0,0,0,0,0,0,0,0,0,0,0,0,0,0,0,0,0,0,0,0,0,0,0,0,0,0,0,0,0,0,0,0,0,0,0,0,0,0,0,0,0,0,0,0,0,0,0,0
8,left,0,0,0,0,0,0,0,0,0,0,0,0,0,0,0,0,0,0,0,0,0,0,0,0,0,0,0,0,0,0,0,0,0,0,0,0,0,0,0,0,0,0,0,0,0,0,0,0,0,0,0,0,0,0,0,0,0,0,0,0,0,0,0
9,right,0,0,0,0,0,0,0,0,0,0,0,0,0,0,0,0,0,0,0,0,0,0,0,0,0,0,0,0,0,0,0,0,0,0,0,0,0,0,0,0,0,0,0,0,0,0,0,0,0,0,0,0,0,0,0,0,0,0,0,0,0,0,0
9,left,0,0,0,0,0,0,0,0,0,0,0,0,0,0,0,0,0,0,0,0,0,0,0,0,0,0,0,0,0,0,0,0,0,0,0,0,0,0,0,0,0,0,0,0,0,0,0,0,0,0,0,0,0,0,0,0,0,0,0,0,0,0,0
10,right,0.2592703402042389,0.7759675979614258,4.377582740744401e-07,0.312154084444046,0.7543627619743347,-0.021535402163863182,0.35526564717292786,0.7036596536636353,-0.031306322664022446,0.37441641092300415,0.6605491638183594,-0.03978455066680908,0.3509688675403595,0.6504930257797241,-0.049318186938762665,0.31289470195770264,0.6084814667701721,-0.01417330838739872,0.31002742052078247,0.553519606590271,-0.03172486275434494,0.31662508845329285,0.5344914197921753,-0.04907672852277756,0.32488033175468445,0.5299170017242432,-0.06017880141735077,0.27713876962661743,0.6078072190284729,-0.01433641742914915,0.2753736078739166,0.549689769744873,-0.028969110921025276,0.27949538826942444,0.5369212031364441,-0.043713752180337906,0.286264568567276,0.5387102365493774,-0.05333287641406059,0.2443763017654419,0.6194729208946228,-0.017404885962605476,0.24168133735656738,0.5684694647789001,-0.0317879393696785,0.24331428110599518,0.5570334196090698,-0.039179638028144836,0.24858500063419342,0.5584757328033447,-0.04284533113241196,0.2140800505876541,0.6450334787368774,-0.022740349173545837,0.21208438277244568,0.5985877513885498,-0.033160965889692307,0.21467940509319305,0.590732991695404,-0.03403569757938385,0.2198588252067566,0.5916907787322998,-0.03340105339884758
10,left,0,0,0,0,0,0,0,0,0,0,0,0,0,0,0,0,0,0,0,0,0,0,0,0,0,0,0,0,0,0,0,0,0,0,0,0,0,0,0,0,0,0,0,0,0,0,0,0,0,0,0,0,0,0,0,0,0,0,0,0,0,0,0
11,right,0.25495705008506775,0.7570449113845825,6.835184507281156e-08,0.3093782961368561,0.7509365677833557,-0.024510575458407402,0.3533492386341095,0.6955145597457886,-0.03544476255774498,0.3714213967323303,0.6516173481941223,-0.04656679183244705,0.34594374895095825,0.6455680727958679,-0.05556109920144081,0.31443724036216736,0.5844736695289612,-0.017946265637874603,0.31896209716796875,0.5020583271980286,-0.046191904693841934,0.3177967667579651,0.5276947021484375,-0.062692791223526,0.3120226263999939,0.5730151534080505,-0.0679050162434578,0.2721216678619385,0.5815049409866333,-0.018124639987945557,0.2690679728984833,0.48581552505493164,-0.044819530099630356,0.2694549858570099,0.5238196849822998,-0.05538082495331764,0.27272891998291016,0.5704842209815979,-0.05570713058114052,0.2350492626428604,0.5923372507095337,-0.022642696276307106,0.22596067190170288,0.5044369697570801,-0.04669957607984543,0.22963868081569672,0.545292854309082,-0.04883001744747162,0.2394411414861679,0.5904678702354431,-0.04304996132850647,0.19868892431259155,0.6173705458641052,-0.029487447813153267,0.18275593221187592,0.5551196932792664,-0.046558696776628494,0.18760550022125244,0.568960428237915,-0.04730132222175598,0.2001945525407791,0.5996578931808472,-0.04297865554690361
11,left,0,0,0,0,0,0,0,0,0,0,0,0,0,0,0,0,0,0,0,0,0,0,0,0,0,0,0,0,0,0,0,0,0,0,0,0,0,0,0,0,0,0,0,0,0,0,0,0,0,0,0,0,0,0,0,0,0,0,0,0,0,0,0
12,right,0.2514026463031769,0.762823224067688,-8.842914667184232e-08,0.30663737654685974,0.7467827200889587,-0.024013524875044823,0.3539043962955475,0.6953422427177429,-0.036895934492349625,0.37155526876449585,0.6483414769172668,-0.05078776180744171,0.3442955017089844,0.6391404271125793,-0.06273798644542694,0.3126470148563385,0.5802973508834839,-0.01750497706234455,0.31412574648857117,0.4981096088886261,-0.047093313187360764,0.30966299772262573,0.523576021194458,-0.06552854925394058,0.30610227584838867,0.5698327422142029,-0.07267334312200546,0.2701913118362427,0.578029990196228,-0.019690195098519325,0.2667379677295685,0.4776737093925476,-0.048188693821430206,0.2657637894153595,0.5175547003746033,-0.060051143169403076,0.2691405713558197,0.5675485730171204,-0.06116592511534691,0.23278093338012695,0.5884526371955872,-0.026211783289909363,0.2243187129497528,0.4993705749511719,-0.0501236766576767,0.22831672430038452,0.5390748977661133,-0.05282524228096008,0.23594200611114502,0.5862897634506226,-0.04789836332201958,0.19518651068210602,0.6111195683479309,-0.03539576753973961,0.1774507761001587,0.5510586500167847,-0.050653040409088135,0.18306860327720642,0.5642410516738892,-0.05137181282043457,0.19514375925064087,0.593657910823822,-0.04794811084866524
12,left,0,0,0,0,0,0,0,0,0,0,0,0,0,0,0,0,0,0,0,0,0,0,0,0,0,0,0,0,0,0,0,0,0,0,0,0,0,0,0,0,0,0,0,0,0,0,0,0,0,0,0,0,0,0,0,0,0,0,0,0,0,0,0
13,right,0,0,0,0,0,0,0,0,0,0,0,0,0,0,0,0,0,0,0,0,0,0,0,0,0,0,0,0,0,0,0,0,0,0,0,0,0,0,0,0,0,0,0,0,0,0,0,0,0,0,0,0,0,0,0,0,0,0,0,0,0,0,0
13,left,0,0,0,0,0,0,0,0,0,0,0,0,0,0,0,0,0,0,0,0,0,0,0,0,0,0,0,0,0,0,0,0,0,0,0,0,0,0,0,0,0,0,0,0,0,0,0,0,0,0,0,0,0,0,0,0,0,0,0,0,0,0,0
14,right,0.2501062750816345,0.7528614401817322,8.797741912758283e-08,0.30391260981559753,0.7376492023468018,-0.026529554277658463,0.3505015969276428,0.6754374504089355,-0.03565191477537155,0.36937758326530457,0.6308423280715942,-0.04482832923531532,0.33483585715293884,0.6284952163696289,-0.05170505493879318,0.30698665976524353,0.5636500120162964,-0.013417710550129414,0.3110548257827759,0.4808533191680908,-0.04059719294309616,0.30870991945266724,0.5061625838279724,-0.0590812973678112,0.3037051558494568,0.5523570775985718,-0.067048080265522,0.2655269205570221,0.5616199374198914,-0.013547134585678577,0.2620655298233032,0.4680092930793762,-0.04196969419717789,0.2607495188713074,0.5037546753883362,-0.056444406509399414,0.26500046253204346,0.548452615737915,-0.06012795493006706,0.23096820712089539,0.5746513605117798,-0.018830018118023872,0.22137126326560974,0.48953837156295776,-0.042524415999650955,0.22131313383579254,0.520983874797821,-0.05066573992371559,0.22875884175300598,0.5617051124572754,-0.050256676971912384,0.19589382410049438,0.6023641228675842,-0.02717914991080761,0.18423064053058624,0.5465787053108215,-0.042839862406253815,0.1782381385564804,0.5426678657531738,-0.05008700117468834,0.17953619360923767,0.5538076162338257,-0.05265228822827339
14,left,0,0,0,0,0,0,0,0,0,0,0,0,0,0,0,0,0,0,0,0,0,0,0,0,0,0,0,0,0,0,0,0,0,0,0,0,0,0,0,0,0,0,0,0,0,0,0,0,0,0,0,0,0,0,0,0,0,0,0,0,0,0,0
15,right,0.24279479682445526,0.7436251640319824,-5.386678481045237e-08,0.2957927882671356,0.7280286550521851,-0.027587419375777245,0.3427150547504425,0.6777434349060059,-0.04349930211901665,0.3633568286895752,0.6342805624008179,-0.06015341356396675,0.3384954333305359,0.6182865500450134,-0.07556236535310745,0.301319420337677,0.5610253214836121,-0.023584656417369843,0.3057529628276825,0.47502121329307556,-0.05499555170536041,0.30415111780166626,0.4949761629104614,-0.07727409899234772,0.30213868618011475,0.5400664806365967,-0.08749998360872269,0.2608283758163452,0.5584632754325867,-0.02548551931977272,0.25980329513549805,0.4545651078224182,-0.056053485721349716,0.26073360443115234,0.49014168977737427,-0.07610519975423813,0.2647108733654022,0.5396181344985962,-0.08456528186798096,0.2245211899280548,0.5678079724311829,-0.03137003257870674,0.2188202440738678,0.4757521450519562,-0.05568987503647804,0.22369281947612762,0.5066591501235962,-0.06719592213630676,0.23061829805374146,0.5541315078735352,-0.07005301862955093,0.18840138614177704,0.5892041921615601,-0.03999394550919533,0.17237932980060577,0.5243574380874634,-0.05500948056578636,0.17876021564006805,0.5318000912666321,-0.0607667937874794,0.18980562686920166,0.560584545135498,-0.06266548484563828
15,left,0,0,0,0,0,0,0,0,0,0,0,0,0,0,0,0,0,0,0,0,0,0,0,0,0,0,0,0,0,0,0,0,0,0,0,0,0,0,0,0,0,0,0,0,0,0,0,0,0,0,0,0,0,0,0,0,0,0,0,0,0,0,0
16,right,0.2403412014245987,0.7451297640800476,-1.1971361857376905e-07,0.29469749331474304,0.7258649468421936,-0.02436286024749279,0.3417693078517914,0.6771172881126404,-0.03842288628220558,0.3623306155204773,0.6308342814445496,-0.05337195098400116,0.33678075671195984,0.6143538355827332,-0.06650780886411667,0.3000623285770416,0.5592865943908691,-0.02012508176267147,0.30662161111831665,0.47345441579818726,-0.049126461148262024,0.3017197251319885,0.5005044341087341,-0.06818053871393204,0.2975359857082367,0.5442703366279602,-0.07644636929035187,0.2603791654109955,0.555591344833374,-0.022575559094548225,0.26166728138923645,0.45212242007255554,-0.05005471408367157,0.2588716149330139,0.4916277825832367,-0.06408253312110901,0.261006236076355,0.541280210018158,-0.06804115325212479,0.22373516857624054,0.5647571682929993,-0.028985559940338135,0.21814684569835663,0.4716223180294037,-0.05082514137029648,0.2206418514251709,0.5058367252349854,-0.056228987872600555,0.22681935131549835,0.5526155829429626,-0.054714594036340714,0.18627655506134033,0.5853567719459534,-0.0380801297724247,0.17146827280521393,0.5223537087440491,-0.05132178217172623,0.17705388367176056,0.5305641889572144,-0.05337223410606384,0.1877899020910263,0.5571062564849854,-0.052166443318128586
16,left,0,0,0,0,0,0,0,0,0,0,0,0,0,0,0,0,0,0,0,0,0,0,0,0,0,0,0,0,0,0,0,0,0,0,0,0,0,0,0,0,0,0,0,0,0,0,0,0,0,0,0,0,0,0,0,0,0,0,0,0,0,0,0
17,right,0.24013127386569977,0.7460360527038574,-1.3048324376541132e-07,0.29436394572257996,0.7258760333061218,-0.024611221626400948,0.3411930799484253,0.6767407059669495,-0.03910555690526962,0.3617916703224182,0.6311336755752563,-0.05472910404205322,0.3362257182598114,0.6141351461410522,-0.06894239038228989,0.30000123381614685,0.5604602098464966,-0.021344013512134552,0.3061343729496002,0.4748905897140503,-0.051757048815488815,0.30217453837394714,0.5013726949691772,-0.07270041108131409,0.29806965589523315,0.5461639165878296,-0.08232005685567856,0.2602088451385498,0.5567950010299683,-0.024441495537757874,0.2607123851776123,0.4521433413028717,-0.05300287902355194,0.2588016390800476,0.49098801612854004,-0.06994588673114777,0.2611454725265503,0.5411641001701355,-0.07646670192480087,0.2232448309659958,0.5658608675003052,-0.03141110762953758,0.21696019172668457,0.47335225343704224,-0.053847536444664,0.21990922093391418,0.5062792897224426,-0.06253135204315186,0.22611863911151886,0.5537936687469482,-0.06380057334899902,0.1857714205980301,0.5863615274429321,-0.04101286083459854,0.16989880800247192,0.5225830078125,-0.054552819579839706,0.17590132355690002,0.5307261347770691,-0.05849572271108627,0.18689560890197754,0.5592041611671448,-0.059267234057188034
17,left,0,0,0,0,0,0,0,0,0,0,0,0,0,0,0,0,0,0,0,0,0,0,0,0,0,0,0,0,0,0,0,0,0,0,0,0,0,0,0,0,0,0,0,0,0,0,0,0,0,0,0,0,0,0,0,0,0,0,0,0,0,0,0
18,right,0.23987458646297455,0.746755063533783,-1.2665509530052077e-07,0.29294508695602417,0.72618567943573,-0.024093858897686005,0.33896011114120483,0.6777946352958679,-0.03853670507669449,0.3606228828430176,0.6331442594528198,-0.054157935082912445,0.33616572618484497,0.6162182092666626,-0.068238765001297,0.2998698651790619,0.5602958798408508,-0.020406799390912056,0.3055323660373688,0.4754239022731781,-0.05041511729359627,0.3018464148044586,0.5005320310592651,-0.07084737718105316,0.29789769649505615,0.5444841384887695,-0.08006300777196884,0.26005902886390686,0.5563077926635742,-0.023537568747997284,0.2601251006126404,0.4529982805252075,-0.051645465195178986,0.2579059898853302,0.4915916919708252,-0.0672033429145813,0.2596892714500427,0.5417807698249817,-0.07255713641643524,0.22291386127471924,0.5654324889183044,-0.0306133683770895,0.21637023985385895,0.4740596413612366,-0.052846577018499374,0.21903888881206512,0.5075671076774597,-0.05979141592979431,0.22485755383968353,0.5545458793640137,-0.05963970720767975,0.1851697862148285,0.5859664082527161,-0.0403631255030632,0.16909289360046387,0.5225473642349243,-0.053881268948316574,0.17487452924251556,0.531436562538147,-0.0566561333835125,0.18567153811454773,0.5594316720962524,-0.0562787763774395
18,left,0,0,0,0,0,0,0,0,0,0,0,0,0,0,0,0,0,0,0,0,0,0,0,0,0,0,0,0,0,0,0,0,0,0,0,0,0,0,0,0,0,0,0,0,0,0,0,0,0,0,0,0,0,0,0,0,0,0,0,0,0,0,0
19,right,0.23963086307048798,0.7464293241500854,-1.3472867976815905e-07,0.29302388429641724,0.7258346676826477,-0.02357463538646698,0.33867835998535156,0.6766781210899353,-0.037497591227293015,0.359316885471344,0.6336285471916199,-0.05268871784210205,0.33642005920410156,0.6162803173065186,-0.06644318252801895,0.29810914397239685,0.5590911507606506,-0.019914381206035614,0.30359572172164917,0.4740373492240906,-0.04965568706393242,0.29992544651031494,0.5004867315292358,-0.07037876546382904,0.2961295545101166,0.5444764494895935,-0.0799669474363327,0.2582114338874817,0.5561305284500122,-0.023308349773287773,0.2587526738643646,0.45260941982269287,-0.051532454788684845,0.2568292021751404,0.49209973216056824,-0.06815715879201889,0.2587568759918213,0.5429190993309021,-0.0743803158402443,0.22118937969207764,0.5657868981361389,-0.030527153983712196,0.21480895578861237,0.47351011633872986,-0.052448272705078125,0.21789772808551788,0.5064793825149536,-0.060436852276325226,0.22376227378845215,0.5538075566291809,-0.061196379363536835,0.18381208181381226,0.5867891907691956,-0.04033200070261955,0.16856297850608826,0.5229042768478394,-0.05347617343068123,0.17431026697158813,0.5317583680152893,-0.056656550616025925,0.18445950746536255,0.5601014494895935,-0.05678177997469902
19,left,0,0,0,0,0,0,0,0,0,0,0,0,0,0,0,0,0,0,0,0,0,0,0,0,0,0,0,0,0,0,0,0,0,0,0,0,0,0,0,0,0,0,0,0,0,0,0,0,0,0,0,0,0,0,0,0,0,0,0,0,0,0,0
20,right,0.23865395784378052,0.7472028732299805,-1.3009596955271263e-07,0.29306864738464355,0.7270605564117432,-0.02403271198272705,0.34044092893600464,0.6756502389907837,-0.03808627277612686,0.3599705398082733,0.6296567916870117,-0.053294744342565536,0.3327490985393524,0.6174677014350891,-0.06703529506921768,0.2982833981513977,0.5603781938552856,-0.020102547481656075,0.30407091975212097,0.4752958416938782,-0.04990886151790619,0.3023965060710907,0.5026644468307495,-0.07091424614191055,0.29845350980758667,0.5482441186904907,-0.08065874874591827,0.25821030139923096,0.5576868057250977,-0.023127345368266106,0.2575596868991852,0.453975647687912,-0.05062171816825867,0.25766119360923767,0.49344757199287415,-0.06715396046638489,0.2599310576915741,0.5441656708717346,-0.07361505180597305,0.22130195796489716,0.5671555399894714,-0.030025536194443703,0.21369943022727966,0.47482722997665405,-0.050929829478263855,0.2179410308599472,0.5071098804473877,-0.059144724160432816,0.2237834632396698,0.5542434453964233,-0.060476161539554596,0.18362976610660553,0.5877246260643005,-0.039612188935279846,0.16845622658729553,0.5242855548858643,-0.05156870186328888,0.1745055913925171,0.5321477055549622,-0.05485749617218971,0.18430092930793762,0.559918224811554,-0.055555786937475204
20,left,0,0,0,0,0,0,0,0,0,0,0,0,0,0,0,0,0,0,0,0,0,0,0,0,0,0,0,0,0,0,0,0,0,0,0,0,0,0,0,0,0,0,0,0,0,0,0,0,0,0,0,0,0,0,0,0,0,0,0,0,0,0,0
21,right,0.23950782418251038,0.7473187446594238,-1.1937079591461952e-07,0.2933671176433563,0.7274274826049805,-0.024279111996293068,0.33934783935546875,0.6769005656242371,-0.03845740854740143,0.35962727665901184,0.6320503950119019,-0.0537361204624176,0.3341583013534546,0.6192439794540405,-0.0675072893500328,0.2986592650413513,0.5601475238800049,-0.020199431106448174,0.3031970262527466,0.4759492576122284,-0.050033554434776306,0.3002653121948242,0.5014067888259888,-0.07060173153877258,0.2965928018093109,0.5452616810798645,-0.08000259846448898,0.25798219442367554,0.5567667484283447,-0.02317739464342594,0.25765693187713623,0.454096257686615,-0.051346033811569214,0.25684764981269836,0.4935417175292969,-0.06714138388633728,0.25886765122413635,0.5439708828926086,-0.07263296097517014,0.22069469094276428,0.5662112236022949,-0.0300625991076231,0.21395547688007355,0.4749625325202942,-0.052007634192705154,0.21772003173828125,0.5093851685523987,-0.05887018144130707,0.22345581650733948,0.5566288232803345,-0.05867244303226471,0.18299968540668488,0.5871123671531677,-0.03966180607676506,0.1680983304977417,0.5240339040756226,-0.05241835489869118,0.17403829097747803,0.5334984064102173,-0.05483192577958107,0.18393298983573914,0.561262309551239,-0.05438276007771492
21,left,0,0,0,0,0,0,0,0,0,0,0,0,0,0,0,0,0,0,0,0,0,0,0,0,0,0,0,0,0,0,0,0,0,0,0,0,0,0,0,0,0,0,0,0,0,0,0,0,0,0,0,0,0,0,0,0,0,0,0,0,0,0,0
22,right,0,0,0,0,0,0,0,0,0,0,0,0,0,0,0,0,0,0,0,0,0,0,0,0,0,0,0,0,0,0,0,0,0,0,0,0,0,0,0,0,0,0,0,0,0,0,0,0,0,0,0,0,0,0,0,0,0,0,0,0,0,0,0
22,left,0,0,0,0,0,0,0,0,0,0,0,0,0,0,0,0,0,0,0,0,0,0,0,0,0,0,0,0,0,0,0,0,0,0,0,0,0,0,0,0,0,0,0,0,0,0,0,0,0,0,0,0,0,0,0,0,0,0,0,0,0,0,0
23,right,0,0,0,0,0,0,0,0,0,0,0,0,0,0,0,0,0,0,0,0,0,0,0,0,0,0,0,0,0,0,0,0,0,0,0,0,0,0,0,0,0,0,0,0,0,0,0,0,0,0,0,0,0,0,0,0,0,0,0,0,0,0,0
23,left,0,0,0,0,0,0,0,0,0,0,0,0,0,0,0,0,0,0,0,0,0,0,0,0,0,0,0,0,0,0,0,0,0,0,0,0,0,0,0,0,0,0,0,0,0,0,0,0,0,0,0,0,0,0,0,0,0,0,0,0,0,0,0
24,right,0,0,0,0,0,0,0,0,0,0,0,0,0,0,0,0,0,0,0,0,0,0,0,0,0,0,0,0,0,0,0,0,0,0,0,0,0,0,0,0,0,0,0,0,0,0,0,0,0,0,0,0,0,0,0,0,0,0,0,0,0,0,0
24,left,0,0,0,0,0,0,0,0,0,0,0,0,0,0,0,0,0,0,0,0,0,0,0,0,0,0,0,0,0,0,0,0,0,0,0,0,0,0,0,0,0,0,0,0,0,0,0,0,0,0,0,0,0,0,0,0,0,0,0,0,0,0,0
25,right,0,0,0,0,0,0,0,0,0,0,0,0,0,0,0,0,0,0,0,0,0,0,0,0,0,0,0,0,0,0,0,0,0,0,0,0,0,0,0,0,0,0,0,0,0,0,0,0,0,0,0,0,0,0,0,0,0,0,0,0,0,0,0
25,left,0,0,0,0,0,0,0,0,0,0,0,0,0,0,0,0,0,0,0,0,0,0,0,0,0,0,0,0,0,0,0,0,0,0,0,0,0,0,0,0,0,0,0,0,0,0,0,0,0,0,0,0,0,0,0,0,0,0,0,0,0,0,0
26,right,0,0,0,0,0,0,0,0,0,0,0,0,0,0,0,0,0,0,0,0,0,0,0,0,0,0,0,0,0,0,0,0,0,0,0,0,0,0,0,0,0,0,0,0,0,0,0,0,0,0,0,0,0,0,0,0,0,0,0,0,0,0,0
26,left,0,0,0,0,0,0,0,0,0,0,0,0,0,0,0,0,0,0,0,0,0,0,0,0,0,0,0,0,0,0,0,0,0,0,0,0,0,0,0,0,0,0,0,0,0,0,0,0,0,0,0,0,0,0,0,0,0,0,0,0,0,0,0
27,right,0.24421969056129456,0.7547785043716431,-3.3865413229250407e-07,0.2981048822402954,0.72493976354599,-0.020190607756376266,0.3425354063510895,0.6827706098556519,-0.037022143602371216,0.36326706409454346,0.64095538854599,-0.05752163752913475,0.3368709981441498,0.6202487349510193,-0.07730147242546082,0.3016359210014343,0.5557948350906372,-0.016310730949044228,0.30667492747306824,0.471099317073822,-0.04671401530504227,0.30621880292892456,0.497243195772171,-0.06868116557598114,0.30320000648498535,0.5442246794700623,-0.07908671349287033,0.26177358627319336,0.5528379678726196,-0.022462885826826096,0.2616131603717804,0.4496425688266754,-0.049089957028627396,0.26244452595710754,0.4979044497013092,-0.06350318342447281,0.2639578580856323,0.5453335046768188,-0.06916671246290207,0.22462144494056702,0.5616605281829834,-0.03246616944670677,0.21734881401062012,0.46901649236679077,-0.05156479403376579,0.22231978178024292,0.5078390836715698,-0.054555803537368774,0.22636032104492188,0.5561524629592896,-0.05333008989691734,0.18579928576946259,0.585050642490387,-0.04530731961131096,0.17071853578090668,0.5165963768959045,-0.05406533554196358,0.17909583449363708,0.5289026498794556,-0.05152251943945885,0.1888435184955597,0.5581719875335693,-0.04887019470334053
27,left,0,0,0,0,0,0,0,0,0,0,0,0,0,0,0,0,0,0,0,0,0,0,0,0,0,0,0,0,0,0,0,0,0,0,0,0,0,0,0,0,0,0,0,0,0,0,0,0,0,0,0,0,0,0,0,0,0,0,0,0,0,0,0
28,right,0.24197274446487427,0.7515586614608765,-1.6741908837047959e-07,0.2953001856803894,0.7274153828620911,-0.023021219298243523,0.3434123396873474,0.675545334815979,-0.03678729012608528,0.36305248737335205,0.6309298872947693,-0.05202623829245567,0.33419162034988403,0.6208135485649109,-0.06600487232208252,0.3017139434814453,0.5625494718551636,-0.018848353996872902,0.30755746364593506,0.478280246257782,-0.04729687422513962,0.3039249777793884,0.5063146948814392,-0.06714215874671936,0.29984837770462036,0.5496604442596436,-0.07663319259881973,0.26124534010887146,0.558779776096344,-0.022533390671014786,0.26235079765319824,0.45696842670440674,-0.04969320446252823,0.2609880864620209,0.49935677647590637,-0.06520591676235199,0.2619416415691376,0.5492898225784302,-0.07102692127227783,0.22379401326179504,0.5674723386764526,-0.029935073107481003,0.21664786338806152,0.47642654180526733,-0.0505768284201622,0.22084397077560425,0.5130360722541809,-0.05731593817472458,0.2259777933359146,0.5609820485115051,-0.05771172419190407,0.1855420470237732,0.5879501700401306,-0.04002255201339722,0.17059171199798584,0.5256240367889404,-0.05155186727643013,0.1771293431520462,0.5374264717102051,-0.05343322828412056,0.1866140216588974,0.5662212371826172,-0.053210582584142685
28,left,0,0,0,0,0,0,0,0,0,0,0,0,0,0,0,0,0,0,0,0,0,0,0,0,0,0,0,0,0,0,0,0,0,0,0,0,0,0,0,0,0,0,0,0,0,0,0,0,0,0,0,0,0,0,0,0,0,0,0,0,0,0,0
29,right,0.2410174310207367,0.7497742772102356,-1.3264941856050427e-07,0.29480117559432983,0.7292038202285767,-0.025394869968295097,0.34140467643737793,0.6799794435501099,-0.04014486074447632,0.3608376383781433,0.6357554793357849,-0.055853668600320816,0.3365321755409241,0.6189098358154297,-0.07004671543836594,0.30040988326072693,0.5625346302986145,-0.021024739369750023,0.3053930997848511,0.4770432114601135,-0.050462063401937485,0.29988521337509155,0.5032401084899902,-0.07052920013666153,0.2956387400627136,0.5474129319190979,-0.07970748841762543,0.25984567403793335,0.5593546628952026,-0.023560039699077606,0.2599855959415436,0.45641759037971497,-0.051917899399995804,0.25695091485977173,0.49651026725769043,-0.0681520327925682,0.2590147852897644,0.5466670989990234,-0.07393915951251984,0.22274236381053925,0.5688535571098328,-0.030045922845602036,0.21612393856048584,0.47625067830085754,-0.05230577662587166,0.2186371237039566,0.5105619430541992,-0.060187216848134995,0.22503769397735596,0.5583332180976868,-0.06073562800884247,0.18548062443733215,0.5901956558227539,-0.03925346955657005,0.16875982284545898,0.527458667755127,-0.05266766622662544,0.17378434538841248,0.5361366868019104,-0.05615083873271942,0.1844976246356964,0.5635504722595215,-0.05643026903271675
29,left,0,0,0,0,0,0,0,0,0,0,0,0,0,0,0,0,0,0,0,0,0,0,0,0,0,0,0,0,0,0,0,0,0,0,0,0,0,0,0,0,0,0,0,0,0,0,0,0,0,0,0,0,0,0,0,0,0,0,0,0,0,0,0
30,right,0.24420028924942017,0.7490103244781494,-1.1642509889497887e-07,0.2973546087741852,0.7282678484916687,-0.024126389995217323,0.34266453981399536,0.6783909797668457,-0.03926154971122742,0.36395302414894104,0.6346449851989746,-0.05584610253572464,0.3391357362270355,0.6199848055839539,-0.07124972343444824,0.3034827709197998,0.5631489753723145,-0.021167734637856483,0.30907824635505676,0.4777815043926239,-0.052289750427007675,0.30539679527282715,0.5003418922424316,-0.07381075620651245,0.300983726978302,0.5448430776596069,-0.0836273580789566,0.2631102502346039,0.5603528022766113,-0.024653663858771324,0.2634845972061157,0.4559836983680725,-0.053742170333862305,0.26230335235595703,0.4947783350944519,-0.07071240246295929,0.26420822739601135,0.5456998348236084,-0.07714308053255081,0.22606541216373444,0.5699015259742737,-0.032052624970674515,0.2188190370798111,0.47697702050209045,-0.054748740047216415,0.2230401635169983,0.5102436542510986,-0.06349470466375351,0.22962334752082825,0.5591050982475281,-0.06480497866868973,0.188175767660141,0.5911366939544678,-0.04207679256796837,0.17152582108974457,0.5269875526428223,-0.05594054237008095,0.17798903584480286,0.535355806350708,-0.060105111449956894,0.18929341435432434,0.5651516914367676,-0.06107649952173233
30,left,0,0,0,0,0,0,0,0,0,0,0,0,0,0,0,0,0,0,0,0,0,0,0,0,0,0,0,0,0,0,0,0,0,0,0,0,0,0,0,0,0,0,0,0,0,0,0,0,0,0,0,0,0,0,0,0,0,0,0,0,0,0,0
31,right,0.24601256847381592,0.7496097683906555,-1.1415607303888464e-07,0.2994675636291504,0.7283672094345093,-0.024452336132526398,0.34494584798812866,0.6785491704940796,-0.03903978317975998,0.36634016036987305,0.6345998048782349,-0.05504702031612396,0.3424641191959381,0.6205489635467529,-0.06952986866235733,0.30660271644592285,0.562178909778595,-0.018694287165999413,0.3129273056983948,0.47807741165161133,-0.04883760213851929,0.3084084391593933,0.5014071464538574,-0.06938514858484268,0.30432847142219543,0.5452289581298828,-0.07855401933193207,0.26573920249938965,0.5585100054740906,-0.021695876494050026,0.26650792360305786,0.45614492893218994,-0.0506867840886116,0.2643016278743744,0.4952753782272339,-0.06681490689516068,0.2664203643798828,0.5453592538833618,-0.07207656651735306,0.22866079211235046,0.5680837631225586,-0.02884751185774803,0.22127313911914825,0.47718918323516846,-0.0514596551656723,0.22482669353485107,0.5112026929855347,-0.05929604917764664,0.23218238353729248,0.5589380264282227,-0.05941511318087578,0.19113245606422424,0.5899248123168945,-0.03875308483839035,0.17397424578666687,0.5268863439559937,-0.05211721360683441,0.17952048778533936,0.5329192280769348,-0.05576577037572861,0.19147059321403503,0.5594472289085388,-0.05601462721824646
31,left,0,0,0,0,0,0,0,0,0,0,0,0,0,0,0,0,0,0,0,0,0,0,0,0,0,0,0,0,0,0,0,0,0,0,0,0,0,0,0,0,0,0,0,0,0,0,0,0,0,0,0,0,0,0,0,0,0,0,0,0,0,0,0
32,right,0,0,0,0,0,0,0,0,0,0,0,0,0,0,0,0,0,0,0,0,0,0,0,0,0,0,0,0,0,0,0,0,0,0,0,0,0,0,0,0,0,0,0,0,0,0,0,0,0,0,0,0,0,0,0,0,0,0,0,0,0,0,0
32,left,0,0,0,0,0,0,0,0,0,0,0,0,0,0,0,0,0,0,0,0,0,0,0,0,0,0,0,0,0,0,0,0,0,0,0,0,0,0,0,0,0,0,0,0,0,0,0,0,0,0,0,0,0,0,0,0,0,0,0,0,0,0,0
33,right,0.24910429120063782,0.742678165435791,1.5012626874977286e-07,0.30148494243621826,0.7336536645889282,-0.022402383387088776,0.3483222424983978,0.6757094860076904,-0.030872950330376625,0.3709380030632019,0.6354205012321472,-0.04014850780367851,0.3434945046901703,0.6268134713172913,-0.04754238948225975,0.30974018573760986,0.5623177886009216,-0.01258315984159708,0.31532371044158936,0.483001172542572,-0.03846173733472824,0.3126010000705719,0.5028191208839417,-0.054967887699604034,0.30806273221969604,0.547751784324646,-0.06164870411157608,0.2682562470436096,0.5581067204475403,-0.0144630316644907,0.2676604092121124,0.46549516916275024,-0.042576540261507034,0.26456505060195923,0.49645042419433594,-0.05578901246190071,0.2680831849575043,0.5449020862579346,-0.05850062891840935,0.23194973170757294,0.5691928267478943,-0.02090998739004135,0.22467030584812164,0.48374637961387634,-0.04616044834256172,0.22515396773815155,0.516244113445282,-0.05244817957282066,0.2348269820213318,0.5629244446754456,-0.050343647599220276,0.1971503347158432,0.5940504670143127,-0.029781511053442955,0.18295621871948242,0.5379766821861267,-0.04839322715997696,0.1819295883178711,0.5415168404579163,-0.05447283387184143,0.18925495445728302,0.5636714696884155,-0.05519336834549904
33,left,0,0,0,0,0,0,0,0,0,0,0,0,0,0,0,0,0,0,0,0,0,0,0,0,0,0,0,0,0,0,0,0,0,0,0,0,0,0,0,0,0,0,0,0,0,0,0,0,0,0,0,0,0,0,0,0,0,0,0,0,0,0,0
34,right,0.2511478662490845,0.7450401186943054,-9.863435224133354e-08,0.30546683073043823,0.7287578582763672,-0.02487880550324917,0.3519929349422455,0.6799543499946594,-0.038726434111595154,0.3714914321899414,0.6369731426239014,-0.05352321267127991,0.3471013307571411,0.6208356618881226,-0.06664622575044632,0.3128795325756073,0.5642800331115723,-0.020005227997899055,0.3198135495185852,0.47995254397392273,-0.04958257079124451,0.31497901678085327,0.5065628886222839,-0.06923367083072662,0.3102480471134186,0.5515726804733276,-0.07775748521089554,0.27243322134017944,0.5607488751411438,-0.022125529125332832,0.2724078893661499,0.4579147398471832,-0.050317488610744476,0.27060866355895996,0.49682238698005676,-0.06586577743291855,0.27322661876678467,0.5465434193611145,-0.07080589234828949,0.23584626615047455,0.5694917440414429,-0.02828584425151348,0.2290017008781433,0.4790234863758087,-0.05102068558335304,0.23296111822128296,0.5146601796150208,-0.05843912437558174,0.24022379517555237,0.5620656609535217,-0.05807938054203987,0.19867020845413208,0.5899373888969421,-0.037040553987026215,0.18468540906906128,0.5277736186981201,-0.05104430019855499,0.19066549837589264,0.5381043553352356,-0.054301388561725616,0.20158548653125763,0.5674582719802856,-0.05393385514616966
34,left,0,0,0,0,0,0,0,0,0,0,0,0,0,0,0,0,0,0,0,0,0,0,0,0,0,0,0,0,0,0,0,0,0,0,0,0,0,0,0,0,0,0,0,0,0,0,0,0,0,0,0,0,0,0,0,0,0,0,0,0,0,0,0
35,right,0.2502756714820862,0.7508410215377808,-1.3767650841600698e-07,0.3061002790927887,0.7313964366912842,-0.023357734084129333,0.35486841201782227,0.6804920434951782,-0.03594889119267464,0.3739061951637268,0.6363484263420105,-0.04981352388858795,0.3477049469947815,0.623165488243103,-0.06219436228275299,0.3138667941093445,0.5654794573783875,-0.016732055693864822,0.32021647691726685,0.48189419507980347,-0.045685261487960815,0.3159244954586029,0.5101926922798157,-0.06603377312421799,0.3101564347743988,0.5567635297775269,-0.07522089034318924,0.27364346385002136,0.5616260170936584,-0.01935298927128315,0.2745075821876526,0.46166539192199707,-0.046293482184410095,0.27286118268966675,0.49983417987823486,-0.06222967058420181,0.2736603319644928,0.5502713918685913,-0.06798819452524185,0.23701640963554382,0.5703754425048828,-0.02600635588169098,0.23077930510044098,0.4804820120334625,-0.04746987670660019,0.23392680287361145,0.5160016417503357,-0.05492701008915901,0.23901434242725372,0.5645276308059692,-0.05509694665670395,0.19970247149467468,0.5906522274017334,-0.0352620966732502,0.18624916672706604,0.528510332107544,-0.048468802124261856,0.19244331121444702,0.5399221777915955,-0.051319804042577744,0.2023424506187439,0.570549726486206,-0.050947804003953934
35,left,0,0,0,0,0,0,0,0,0,0,0,0,0,0,0,0,0,0,0,0,0,0,0,0,0,0,0,0,0,0,0,0,0,0,0,0,0,0,0,0,0,0,0,0,0,0,0,0,0,0,0,0,0,0,0,0,0,0,0,0,0,0,0
36,right,0.2516143321990967,0.7509903907775879,-1.262845756855313e-07,0.30706727504730225,0.7314387559890747,-0.02371172420680523,0.35510700941085815,0.6820765733718872,-0.03719593584537506,0.37360426783561707,0.6392892599105835,-0.051901888102293015,0.3469504714012146,0.623168408870697,-0.06537431478500366,0.31316855549812317,0.5674763321876526,-0.019717177376151085,0.31912392377853394,0.4814833402633667,-0.04964669048786163,0.31594353914260864,0.5081855654716492,-0.07052779197692871,0.3115602731704712,0.5538605451583862,-0.08003032952547073,0.2735973596572876,0.5639539361000061,-0.02266598492860794,0.27413177490234375,0.4612792730331421,-0.050622764974832535,0.2732701003551483,0.5006764531135559,-0.06766832619905472,0.275362104177475,0.5508331060409546,-0.07436233758926392,0.23740440607070923,0.5724296569824219,-0.02943238615989685,0.23124168813228607,0.48048314452171326,-0.05167855694890022,0.2348218560218811,0.5161251425743103,-0.06035823002457619,0.24075043201446533,0.56507408618927,-0.06160172447562218,0.20056499540805817,0.5922881364822388,-0.03872261568903923,0.18662554025650024,0.5302929878234863,-0.052484940737485886,0.1927112340927124,0.5413561463356018,-0.05640086159110069,0.20289114117622375,0.5716007947921753,-0.05704159662127495
36,left,0,0,0,0,0,0,0,0,0,0,0,0,0,0,0,0,0,0,0,0,0,0,0,0,0,0,0,0,0,0,0,0,0,0,0,0,0,0,0,0,0,0,0,0,0,0,0,0,0,0,0,0,0,0,0,0,0,0,0,0,0,0,0
