1,right,0,0,0,0,0,0,0,0,0,0,0,0,0,0,0,0,0,0,0,0,0,0,0,0,0,0,0,0,0,0,0,0,0,0,0,0,0,0,0,0,0,0,0,0,0,0,0,0,0,0,0,0,0,0,0,0,0,0,0,0,0,0,0
1,left,0,0,0,0,0,0,0,0,0,0,0,0,0,0,0,0,0,0,0,0,0,0,0,0,0,0,0,0,0,0,0,0,0,0,0,0,0,0,0,0,0,0,0,0,0,0,0,0,0,0,0,0,0,0,0,0,0,0,0,0,0,0,0
2,right,0,0,0,0,0,0,0,0,0,0,0,0,0,0,0,0,0,0,0,0,0,0,0,0,0,0,0,0,0,0,0,0,0,0,0,0,0,0,0,0,0,0,0,0,0,0,0,0,0,0,0,0,0,0,0,0,0,0,0,0,0,0,0
2,left,0,0,0,0,0,0,0,0,0,0,0,0,0,0,0,0,0,0,0,0,0,0,0,0,0,0,0,0,0,0,0,0,0,0,0,0,0,0,0,0,0,0,0,0,0,0,0,0,0,0,0,0,0,0,0,0,0,0,0,0,0,0,0
3,right,0,0,0,0,0,0,0,0,0,0,0,0,0,0,0,0,0,0,0,0,0,0,0,0,0,0,0,0,0,0,0,0,0,0,0,0,0,0,0,0,0,0,0,0,0,0,0,0,0,0,0,0,0,0,0,0,0,0,0,0,0,0,0
3,left,0,0,0,0,0,0,0,0,0,0,0,0,0,0,0,0,0,0,0,0,0,0,0,0,0,0,0,0,0,0,0,0,0,0,0,0,0,0,0,0,0,0,0,0,0,0,0,0,0,0,0,0,0,0,0,0,0,0,0,0,0,0,0
4,right,0.3558962643146515,0.8422503471374512,-1.1383119158381305e-07,0.39162418246269226,0.8464130163192749,-0.02135184034705162,0.4234659671783447,0.8213464021682739,-0.03259526938199997,0.43014031648635864,0.7928146719932556,-0.04239872470498085,0.41715532541275024,0.7704358100891113,-0.05067615956068039,0.4115901291370392,0.7444623112678528,-0.018030591309070587,0.4130205810070038,0.7232828140258789,-0.04402470588684082,0.4063151478767395,0.7556179761886597,-0.060232069343328476,0.4020938277244568,0.7825297117233276,-0.067729651927948,0.3846333920955658,0.7374482154846191,-0.017380600795149803,0.3872119188308716,0.7239925265312195,-0.04399343580007553,0.3847261667251587,0.7712762355804443,-0.05258841812610626,0.383990615606308,0.8004106879234314,-0.05296424403786659,0.3584919273853302,0.7419265508651733,-0.02048416994512081,0.3611084520816803,0.7309267520904541,-0.04741372913122177,0.36036455631256104,0.7764976620674133,-0.045575231313705444,0.36030903458595276,0.801987886428833,-0.03832312673330307,0.33419883251190186,0.7556144595146179,-0.02520216442644596,0.33610665798187256,0.7600186467170715,-0.045275695621967316,0.3373340964317322,0.7955461740493774,-0.043481066823005676,0.33899399638175964,0.8146122694015503,-0.037496499717235565
4,left,0.6125630140304565,0.8375108242034912,1.6972462901776453e-07,0.5774306058883667,0.8260290622711182,0.0011941443663090467,0.5446210503578186,0.8092538118362427,-0.005230623763054609,0.5234947800636292,0.794436514377594,-0.012864305637776852,0.5172021985054016,0.7742589116096497,-0.02075507491827011,0.5348900556564331,0.7858557105064392,-0.015902956947684288,0.5183148384094238,0.7407430410385132,-0.028823960572481155,0.5102148056030273,0.7176933288574219,-0.0364520400762558,0.5031190514564514,0.7025821208953857,-0.041284721344709396,0.5495398640632629,0.7874397039413452,-0.024322103708982468,0.533095121383667,0.7439867258071899,-0.03544029965996742,0.5241227149963379,0.718178927898407,-0.03942949324846268,0.5163474678993225,0.6984362602233887,-0.04232527315616608,0.5702396035194397,0.7917590737342834,-0.03244241327047348,0.5562183260917664,0.7536284923553467,-0.04327724874019623,0.5511979460716248,0.7280396223068237,-0.043956153094768524,0.5450499653816223,0.7064509391784668,-0.04422491416335106,0.5948282480239868,0.7974900603294373,-0.04014963284134865,0.5862334370613098,0.7708701491355896,-0.048747893422842026,0.5810626149177551,0.7511143088340759,-0.04829060658812523,0.5745258331298828,0.7322627305984497,-0.04748360067605972
5,right,0.3732907176017761,0.794502317905426,1.8592763240121712e-07,0.41030314564704895,0.7740271091461182,-0.010235000401735306,0.4324248731136322,0.7455025315284729,-0.0216129831969738,0.42621999979019165,0.7236742377281189,-0.03205521032214165,0.41008859872817993,0.708162784576416,-0.044988248497247696,0.42167896032333374,0.7190404534339905,-0.03643830120563507,0.42455145716667175,0.6724033951759338,-0.05602475255727768,0.42381995916366577,0.6458524465560913,-0.06805697828531265,0.42387139797210693,0.6229169964790344,-0.07589633762836456,0.39402759075164795,0.7250452041625977,-0.04286402091383934,0.3964657783508301,0.6742123961448669,-0.05945219844579697,0.39673060178756714,0.6425266861915588,-0.0689517930150032,0.39829227328300476,0.6162475347518921,-0.07669954001903534,0.365830659866333,0.7386800646781921,-0.049245819449424744,0.367116242647171,0.6960536241531372,-0.06666404008865356,0.37000131607055664,0.6669253706932068,-0.07449605315923691,0.37487030029296875,0.6406442523002625,-0.07990020513534546,0.3385527431964874,0.7562031149864197,-0.05552293360233307,0.3396984338760376,0.7292238473892212,-0.07134021818637848,0.344759076833725,0.7116549611091614,-0.07594161480665207,0.3511662483215332,0.693385124206543,-0.07913067191839218
5,left,0.5799177885055542,0.7830348014831543,2.3413011263073713e-07,0.5330009460449219,0.7772260904312134,-0.006363340187817812,0.5067498087882996,0.764601469039917,-0.020779186859726906,0.5044787526130676,0.763322114944458,-0.036753956228494644,0.5185017585754395,0.760204017162323,-0.055327966809272766,0.502914309501648,0.7012189030647278,-0.028428632766008377,0.4918087422847748,0.6583279967308044,-0.046699151396751404,0.4860166311264038,0.6414006352424622,-0.05954385921359062,0.47957465052604675,0.6256393194198608,-0.06930182874202728,0.5260854363441467,0.7035554051399231,-0.0399465337395668,0.5134158730506897,0.6610120534896851,-0.058001045137643814,0.5031293034553528,0.6395788192749023,-0.06861823052167892,0.4923582375049591,0.6214744448661804,-0.0766882598400116,0.5520862340927124,0.7181247472763062,-0.05199979245662689,0.5410708785057068,0.6804141402244568,-0.07058947533369064,0.5326515436172485,0.655089795589447,-0.07900366187095642,0.5215104818344116,0.6336749196052551,-0.08466668426990509,0.577235758304596,0.7411067485809326,-0.06406621634960175,0.5663734674453735,0.7171550393104553,-0.07943267375230789,0.5581822395324707,0.7002595663070679,-0.08312089741230011,0.5487526655197144,0.6842378973960876,-0.0859549418091774
6,right,0.3817775845527649,0.77018803358078,2.1472710898251535e-07,0.41735368967056274,0.7560498118400574,-0.010311480611562729,0.4394263029098511,0.7360987067222595,-0.021546676754951477,0.4180073142051697,0.7275758385658264,-0.033213403075933456,0.38999611139297485,0.7298939824104309,-0.047910500317811966,0.4316616356372833,0.67597496509552,-0.02633119933307171,0.43570756912231445,0.6378152370452881,-0.04443810135126114,0.4352179169654846,0.6171924471855164,-0.05782104656100273,0.43439191579818726,0.5984082818031311,-0.06754694133996964,0.40540555119514465,0.6793513894081116,-0.03489680215716362,0.410801500082016,0.63898104429245,-0.050097692757844925,0.41250914335250854,0.6155545711517334,-0.06250013411045074,0.41360342502593994,0.5925870537757874,-0.07259054481983185,0.3783314526081085,0.6973641514778137,-0.04436367005109787,0.3792906701564789,0.6642456650733948,-0.06150856241583824,0.3844238817691803,0.6413058042526245,-0.07346559315919876,0.38944220542907715,0.6144823431968689,-0.08223576098680496,0.35141050815582275,0.7233909964561462,-0.05399785190820694,0.35234957933425903,0.7030462622642517,-0.06982797384262085,0.35794797539711,0.6889913082122803,-0.07618372142314911,0.3638783097267151,0.6700613498687744,-0.08138363063335419
6,left,0.5654681324958801,0.7721587419509888,3.6060100683243945e-07,0.5186832547187805,0.7708438634872437,-0.006675669923424721,0.48909252882003784,0.7572224736213684,-0.019526435062289238,0.48503029346466064,0.7490925788879395,-0.03359388932585716,0.4994947910308838,0.7389143109321594,-0.049941956996917725,0.4855312407016754,0.6901751160621643,-0.024353887885808945,0.47701236605644226,0.6532742977142334,-0.04305436834692955,0.4700322151184082,0.6319245100021362,-0.057618796825408936,0.4617934226989746,0.6124933362007141,-0.06925690919160843,0.5070422887802124,0.6872368454933167,-0.035738505423069,0.49483397603034973,0.6466987729072571,-0.054190728813409805,0.48478832840919495,0.6229233145713806,-0.06707914173603058,0.4740550220012665,0.6021767258644104,-0.07680173218250275,0.5320861339569092,0.6981472969055176,-0.04793429747223854,0.5208603143692017,0.6576598882675171,-0.06725530326366425,0.5120931267738342,0.6344897747039795,-0.07826181501150131,0.5012516379356384,0.6138396859169006,-0.08576584607362747,0.5582424402236938,0.7199468612670898,-0.06014230474829674,0.5515176653862,0.6949551701545715,-0.07850679755210876,0.5439102649688721,0.6783630847930908,-0.08606196194887161,0.5347148180007935,0.6613631844520569,-0.09119832515716553
7,right,0.3887651860713959,0.7618184685707092,2.850417217814538e-07,0.42357322573661804,0.7476927042007446,-0.0130282212048769,0.4394649267196655,0.7273555397987366,-0.02694348432123661,0.41949567198753357,0.7153155207633972,-0.04045118764042854,0.3935580551624298,0.7156190872192383,-0.056783486157655716,0.43155068159103394,0.6704322695732117,-0.0346764475107193,0.4344272017478943,0.6314993500709534,-0.05741388723254204,0.43264517188072205,0.6075200438499451,-0.07317084819078445,0.42937928438186646,0.5868523120880127,-0.08388800173997879,0.40636324882507324,0.6733471155166626,-0.04201337695121765,0.40825527906417847,0.6314584612846375,-0.06230942904949188,0.4077310860157013,0.6048385500907898,-0.0763465017080307,0.406615674495697,0.5790035128593445,-0.08697301149368286,0.38075533509254456,0.6886951327323914,-0.05028571933507919,0.3792659640312195,0.6531014442443848,-0.07133606821298599,0.38175174593925476,0.6306803226470947,-0.08433149009943008,0.3837487995624542,0.605370283126831,-0.09306032210588455,0.3559696674346924,0.7115976810455322,-0.058852292597293854,0.3556280732154846,0.6886136531829834,-0.07813599705696106,0.35812366008758545,0.6731225848197937,-0.08698175847530365,0.3607885539531708,0.6536720395088196,-0.09331036359071732
7,left,0.5607773065567017,0.7651938199996948,3.6963510297027824e-07,0.513019323348999,0.7650843262672424,-0.004942667670547962,0.4835364818572998,0.7484519481658936,-0.015196282416582108,0.48225945234298706,0.7386245131492615,-0.027018113061785698,0.49674344062805176,0.7285608053207397,-0.040797002613544464,0.48081013560295105,0.682951033115387,-0.016198690980672836,0.47125405073165894,0.6436399817466736,-0.030864765867590904,0.46581918001174927,0.619227409362793,-0.042777180671691895,0.4603775441646576,0.5967894792556763,-0.052384767681360245,0.5011704564094543,0.6778910160064697,-0.02638120949268341,0.4888286292552948,0.6363161206245422,-0.039889536798000336,0.48077523708343506,0.6097548007965088,-0.050663720816373825,0.4727861285209656,0.5860673189163208,-0.05882390961050987,0.5247722268104553,0.68663489818573,-0.037368033081293106,0.5138590335845947,0.6477104425430298,-0.05160566046833992,0.5067756175994873,0.622727632522583,-0.06085881218314171,0.4979397654533386,0.5994083881378174,-0.06745608896017075,0.5488420724868774,0.7072857022285461,-0.048468392342329025,0.5431938767433167,0.6857298016548157,-0.06211847439408302,0.5374415516853333,0.6687008142471313,-0.0673806443810463,0.5306203961372375,0.6501052379608154,-0.07102300971746445
8,right,0.3932338058948517,0.7474470138549805,3.3655734910098545e-07,0.42923009395599365,0.7289889454841614,-0.017526570707559586,0.4500387907028198,0.7060936093330383,-0.034253109246492386,0.43643665313720703,0.6844366192817688,-0.04970300942659378,0.4159570634365082,0.672515869140625,-0.06840555369853973,0.43087688088417053,0.6567308902740479,-0.04596063494682312,0.4332221746444702,0.6190985441207886,-0.07327413558959961,0.4297656714916229,0.5931515097618103,-0.09137008339166641,0.4271608889102936,0.5709497332572937,-0.10417850315570831,0.404644638299942,0.6592947840690613,-0.05308322235941887,0.40549054741859436,0.6170255541801453,-0.08025673031806946,0.40482527017593384,0.5888125896453857,-0.09716523438692093,0.40474820137023926,0.5657188296318054,-0.10959287732839584,0.37938058376312256,0.675736129283905,-0.061250653117895126,0.3766723573207855,0.6377308368682861,-0.08958262205123901,0.37887686491012573,0.6138172745704651,-0.10474871844053268,0.38186243176460266,0.5926908850669861,-0.11475878953933716,0.35628244280815125,0.7001994252204895,-0.0696512907743454,0.3558264970779419,0.6777330040931702,-0.09612381458282471,0.3591974973678589,0.6592147350311279,-0.10878576338291168,0.3636690676212311,0.6403011083602905,-0.11753737926483154
8,left,0.554914653301239,0.7681481838226318,3.6399032410372456e-07,0.5101807713508606,0.7673109769821167,-0.006492507178336382,0.4826056957244873,0.7524946331977844,-0.018099457025527954,0.4836651682853699,0.7448667287826538,-0.03109484165906906,0.503014087677002,0.7384771108627319,-0.04598930850625038,0.4766978621482849,0.6851549744606018,-0.018227340653538704,0.46722230315208435,0.6457114219665527,-0.03386850655078888,0.4629889726638794,0.622638463973999,-0.04612474516034126,0.45970970392227173,0.6009390950202942,-0.05578259751200676,0.4970775246620178,0.6801851391792297,-0.028048165142536163,0.4840802252292633,0.6388956904411316,-0.04187924414873123,0.47662174701690674,0.6120910048484802,-0.05218781903386116,0.47041115164756775,0.5877612829208374,-0.06006685271859169,0.5210332870483398,0.6893832087516785,-0.03901026025414467,0.509777307510376,0.6516801714897156,-0.05362600088119507,0.5034790635108948,0.6257430911064148,-0.06295644491910934,0.49648523330688477,0.6012308597564697,-0.06950448453426361,0.5458406805992126,0.7098703980445862,-0.05029609799385071,0.5406106114387512,0.6876387596130371,-0.063849538564682,0.5344526171684265,0.6698923707008362,-0.06921828538179398,0.527233362197876,0.6510885953903198,-0.07311239838600159
9,right,0.3874399960041046,0.7445358037948608,3.9172522292574286e-07,0.4247790575027466,0.7297965288162231,-0.02535797655582428,0.44497954845428467,0.7055503726005554,-0.048295773565769196,0.4335622787475586,0.6807514429092407,-0.067935049533844,0.4142864942550659,0.6631535291671753,-0.0907612144947052,0.42332106828689575,0.658949077129364,-0.06597722321748734,0.42802050709724426,0.6221252679824829,-0.1002265140414238,0.42496591806411743,0.5956264734268188,-0.12202439457178116,0.4217895269393921,0.571509599685669,-0.13740256428718567,0.3967391848564148,0.6629117131233215,-0.07117420434951782,0.3995751440525055,0.6207311153411865,-0.10666482895612717,0.39925408363342285,0.5912654399871826,-0.12826217710971832,0.3987939953804016,0.565332293510437,-0.14421336352825165,0.37191277742385864,0.6789080500602722,-0.07730551064014435,0.3725948631763458,0.6426944732666016,-0.11272617429494858,0.37435397505760193,0.616815447807312,-0.13274213671684265,0.375968337059021,0.5929481983184814,-0.14608722925186157,0.34958624839782715,0.7019910216331482,-0.08387203514575958,0.35089173913002014,0.6787498593330383,-0.1158696785569191,0.3553122878074646,0.6592940092086792,-0.13341067731380463,0.3599624037742615,0.6396502256393433,-0.14600448310375214
9,left,0.5579507946968079,0.7683439254760742,3.5365869166525954e-07,0.5138405561447144,0.7670763731002808,-0.007539825513958931,0.48427605628967285,0.7533042430877686,-0.018927188590168953,0.4861292243003845,0.7456090450286865,-0.031421732157468796,0.5075572729110718,0.7359460592269897,-0.04575546458363533,0.4827597141265869,0.6814508438110352,-0.018044479191303253,0.475631982088089,0.6394443511962891,-0.03311188146471977,0.4734036922454834,0.6163294911384583,-0.04567590355873108,0.47111940383911133,0.5953885912895203,-0.0556095689535141,0.5042138695716858,0.6764269471168518,-0.026655567809939384,0.49419355392456055,0.632128119468689,-0.038456253707408905,0.488823801279068,0.6067606210708618,-0.04798959195613861,0.48409250378608704,0.585640549659729,-0.05575420334935188,0.5281656384468079,0.6859208941459656,-0.03648317977786064,0.5206015706062317,0.6451842784881592,-0.04900893196463585,0.5170772671699524,0.6194379925727844,-0.05674361437559128,0.512357771396637,0.5981926918029785,-0.06254889070987701,0.5516722798347473,0.7078859806060791,-0.046877600252628326,0.5495582818984985,0.6840960383415222,-0.05913585424423218,0.5457662343978882,0.6663044095039368,-0.06316947937011719,0.5401744246482849,0.6501284241676331,-0.06614536792039871
10,right,0.39295831322669983,0.7495113015174866,3.474201548669953e-07,0.4322711229324341,0.7263619899749756,-0.01964779570698738,0.45384079217910767,0.6982272863388062,-0.042872440069913864,0.45885103940963745,0.6705671548843384,-0.06267264485359192,0.46005022525787354,0.6411352157592773,-0.08645235747098923,0.43472009897232056,0.6707392334938049,-0.08267275243997574,0.4417415261268616,0.6351495981216431,-0.12461711466312408,0.4400402307510376,0.6071823239326477,-0.1513240486383438,0.43905970454216003,0.5862623453140259,-0.17046061158180237,0.4102013409137726,0.6774945259094238,-0.09169980883598328,0.4134552478790283,0.6377069354057312,-0.13981452584266663,0.4144507348537445,0.6074243783950806,-0.17091532051563263,0.41540735960006714,0.5804210901260376,-0.1949673891067505,0.3856878876686096,0.6929774284362793,-0.09933006018400192,0.3859066963195801,0.6616583466529846,-0.14411510527133942,0.38910478353500366,0.6344301104545593,-0.172409787774086,0.39227962493896484,0.6125091314315796,-0.19275763630867004,0.36161306500434875,0.7135487794876099,-0.10586647689342499,0.36214128136634827,0.6935246586799622,-0.14670595526695251,0.36676180362701416,0.673475444316864,-0.17273953557014465,0.3712107837200165,0.6544108390808105,-0.19277705252170563
10,left,0.552554190158844,0.7753353118896484,3.430745607602148e-07,0.507183313369751,0.7668516039848328,-0.010521134361624718,0.47501644492149353,0.7492408752441406,-0.0226539708673954,0.4584081768989563,0.7340075969696045,-0.034678999334573746,0.4587639570236206,0.7197655439376831,-0.04764409363269806,0.47746899724006653,0.6918696165084839,-0.022055285051465034,0.46870461106300354,0.649900496006012,-0.039492495357990265,0.4658881425857544,0.6241949796676636,-0.05330073460936546,0.4631839692592621,0.5997444987297058,-0.06385357677936554,0.49907273054122925,0.6898066401481628,-0.02929236926138401,0.489200621843338,0.6469064354896545,-0.04545552283525467,0.48548969626426697,0.6180739402770996,-0.05607423186302185,0.482065349817276,0.5911197066307068,-0.06393936276435852,0.5228298902511597,0.7007013559341431,-0.037867870181798935,0.5144841074943542,0.6623111963272095,-0.05405028909444809,0.510688066482544,0.635041356086731,-0.061338525265455246,0.506053626537323,0.6095693111419678,-0.06634491682052612,0.5472570657730103,0.7211878895759583,-0.04711395502090454,0.5428230166435242,0.6975330114364624,-0.06210685521364212,0.5384417772293091,0.678623616695404,-0.06675206869840622,0.5330784916877747,0.6595765352249146,-0.06975172460079193
11,right,0.39606571197509766,0.7568301558494568,2.0824950297537725e-07,0.4286991357803345,0.7384734153747559,-0.010649380274116993,0.44552552700042725,0.7091901302337646,-0.019923925399780273,0.43624499440193176,0.6864029169082642,-0.028715673834085464,0.4196504056453705,0.6730825304985046,-0.040220074355602264,0.4313371777534485,0.669172465801239,-0.029890168458223343,0.4319286644458771,0.6332846879959106,-0.04857335612177849,0.4276650846004486,0.6077491641044617,-0.061380255967378616,0.42262566089630127,0.584446907043457,-0.07054619491100311,0.4067154824733734,0.6759827136993408,-0.03666645660996437,0.4048537313938141,0.6343115568161011,-0.053213994950056076,0.4016600251197815,0.6069521903991699,-0.06523724645376205,0.3993626534938812,0.5817170143127441,-0.07476851344108582,0.38224899768829346,0.6957094073295593,-0.044003669172525406,0.3777462840080261,0.6598831415176392,-0.06192367151379585,0.3761086165904999,0.6343886852264404,-0.0736645758152008,0.37607094645500183,0.6078178882598877,-0.08207359164953232,0.3596158027648926,0.7229989767074585,-0.051431506872177124,0.3572121560573578,0.700250506401062,-0.06872034072875977,0.35634028911590576,0.6808406114578247,-0.07710088789463043,0.3560599088668823,0.6591900587081909,-0.0833078920841217
11,left,0.557554304599762,0.7778870463371277,3.73829692534855e-07,0.5109139680862427,0.7719504833221436,-0.010096082463860512,0.4834190309047699,0.7570952773094177,-0.024298623204231262,0.4864453375339508,0.7512252330780029,-0.03925540670752525,0.5089519023895264,0.7486475110054016,-0.0565391480922699,0.48619580268859863,0.6938536763191223,-0.025701317936182022,0.480667382478714,0.6547373533248901,-0.043990179896354675,0.4788379669189453,0.6313112378120422,-0.05838720127940178,0.4770061671733856,0.607676088809967,-0.06990141421556473,0.5092840194702148,0.6913518309593201,-0.034649889916181564,0.5023677349090576,0.6494191884994507,-0.05108308419585228,0.4976339340209961,0.6228541135787964,-0.06233517825603485,0.4936479926109314,0.5983906984329224,-0.07116380333900452,0.5344066023826599,0.7036637663841248,-0.044849593192338943,0.5286918878555298,0.6670777201652527,-0.06195421516895294,0.524444580078125,0.639206051826477,-0.07187474519014359,0.5199153423309326,0.6131886839866638,-0.07884946465492249,0.5586339235305786,0.7271970510482788,-0.055617667734622955,0.5578352212905884,0.7057250142097473,-0.07202809303998947,0.5542213916778564,0.6868112087249756,-0.07854711264371872,0.5498295426368713,0.6674726605415344,-0.08324538171291351
12,right,0.40259748697280884,0.7585306167602539,3.297180910522002e-07,0.44031041860580444,0.7373540997505188,-0.020563703030347824,0.46153509616851807,0.7087722420692444,-0.04053202271461487,0.460928738117218,0.681432843208313,-0.057964444160461426,0.4570111632347107,0.6573002338409424,-0.07898809760808945,0.44343093037605286,0.6765620708465576,-0.06572060286998749,0.449617475271225,0.6438509225845337,-0.10177097469568253,0.4478081464767456,0.6176394820213318,-0.12574879825115204,0.44650694727897644,0.5970460176467896,-0.14292442798614502,0.4173085689544678,0.6819973587989807,-0.07340490818023682,0.420401006937027,0.6451191306114197,-0.11294372379779816,0.4213319420814514,0.6175355911254883,-0.1391565203666687,0.4221213459968567,0.5926194787025452,-0.15911199152469635,0.39160382747650146,0.699725329875946,-0.08118239790201187,0.39245736598968506,0.6712809205055237,-0.11994996666908264,0.39575523138046265,0.6466381549835205,-0.14384020864963531,0.39835411310195923,0.623481273651123,-0.16053389012813568,0.3665347695350647,0.7252627015113831,-0.08867274224758148,0.3688623607158661,0.7053971886634827,-0.12420357763767242,0.3737160861492157,0.6863038539886475,-0.14499658346176147,0.3779158592224121,0.6670849323272705,-0.1606319099664688
12,left,0.5562887787818909,0.7783370018005371,4.706965626155579e-07,0.5110169649124146,0.7734167575836182,-0.012322875671088696,0.48384639620780945,0.7623198628425598,-0.030019080266356468,0.48619574308395386,0.7582264542579651,-0.0478966198861599,0.5089086890220642,0.7542110085487366,-0.06824272125959396,0.48290789127349854,0.7035035490989685,-0.03669682517647743,0.4742811918258667,0.6614553332328796,-0.05970112979412079,0.46978479623794556,0.6343080401420593,-0.07631494849920273,0.46731069684028625,0.6074636578559875,-0.08927939087152481,0.5056454539299011,0.7003769874572754,-0.04654340818524361,0.4917542040348053,0.6589312553405762,-0.06984451413154602,0.48697543144226074,0.6282573938369751,-0.08433213829994202,0.483327716588974,0.5989534854888916,-0.09468278288841248,0.5307722091674805,0.7111148834228516,-0.05723591893911362,0.5198596119880676,0.6735566258430481,-0.08107751607894897,0.5165441632270813,0.645002543926239,-0.09422767907381058,0.5127362012863159,0.6169344782829285,-0.10263549536466599,0.555724561214447,0.731552243232727,-0.06817226111888885,0.5517187118530273,0.7135474681854248,-0.09127102047204971,0.5476992726325989,0.695899248123169,-0.10140752047300339,0.5428805351257324,0.6754873394966125,-0.10798518359661102
13,right,0.391294926404953,0.7590781450271606,3.8324910178744176e-07,0.4296893775463104,0.7411931753158569,-0.02397185005247593,0.4458172917366028,0.7142259478569031,-0.050507985055446625,0.43551069498062134,0.6940255165100098,-0.07296967506408691,0.41831377148628235,0.6831230521202087,-0.09927251935005188,0.4284350574016571,0.6760046482086182,-0.08428362011909485,0.4321116507053375,0.6447625756263733,-0.12394557893276215,0.42777135968208313,0.6197348833084106,-0.14951500296592712,0.42253121733665466,0.5975253582000732,-0.1681250035762787,0.3991681933403015,0.6842431426048279,-0.09191790968179703,0.401493102312088,0.6461922526359558,-0.13641664385795593,0.39875489473342896,0.6196776032447815,-0.16501303017139435,0.39698201417922974,0.5950630307197571,-0.1870025396347046,0.3732698857784271,0.7008629441261292,-0.0987008661031723,0.37462368607521057,0.6698132157325745,-0.1394798308610916,0.37493330240249634,0.6444720029830933,-0.16631381213665009,0.37625691294670105,0.6211816072463989,-0.18550997972488403,0.35078102350234985,0.7218635082244873,-0.10512302070856094,0.35243940353393555,0.7030609846115112,-0.1406368613243103,0.3540855348110199,0.6860836744308472,-0.16374722123146057,0.35608506202697754,0.6683402061462402,-0.1820150911808014
13,left,0.5618028044700623,0.7785229682922363,4.222866323289054e-07,0.5182082653045654,0.7758895754814148,-0.011306864209473133,0.4921329617500305,0.7666349411010742,-0.02712077461183071,0.49931544065475464,0.7666966915130615,-0.04342355206608772,0.5264401435852051,0.7622525691986084,-0.062257759273052216,0.49125194549560547,0.6998530626296997,-0.030570169910788536,0.4860619604587555,0.659399688243866,-0.050151802599430084,0.4853860139846802,0.6352154016494751,-0.06481009721755981,0.4853845536708832,0.6101816892623901,-0.07626014947891235,0.5157849788665771,0.6977485418319702,-0.03941957652568817,0.5090863704681396,0.6565991640090942,-0.05716032534837723,0.5065658092498779,0.628762423992157,-0.06897370517253876,0.5048447847366333,0.6014003753662109,-0.07802630215883255,0.5417901277542114,0.7102757096290588,-0.04934249445796013,0.535243809223175,0.6738676428794861,-0.06800202280282974,0.5329919457435608,0.6445732712745667,-0.07907411456108093,0.5300643444061279,0.6161785125732422,-0.08667081594467163,0.5663001537322998,0.7333483695983887,-0.059708792716264725,0.5657994747161865,0.7145923972129822,-0.07847105711698532,0.5631814002990723,0.6963255405426025,-0.08620113879442215,0.5590068101882935,0.67714923620224,-0.09138844162225723
14,right,0.3870989978313446,0.7633975744247437,3.73355959482069e-07,0.42761409282684326,0.738434910774231,-0.019381575286388397,0.45131921768188477,0.7134079933166504,-0.045424748212099075,0.4599924087524414,0.6897995471954346,-0.06747265160083771,0.45974570512771606,0.6645393371582031,-0.09329495579004288,0.4372119903564453,0.6876420378684998,-0.09282517433166504,0.448029100894928,0.6578049659729004,-0.13827601075172424,0.44632354378700256,0.6324469447135925,-0.16625596582889557,0.44614866375923157,0.6127174496650696,-0.18667255342006683,0.4130181074142456,0.6943671703338623,-0.1032094731926918,0.41894373297691345,0.6603996157646179,-0.15786200761795044,0.4204009473323822,0.6312404274940491,-0.19219455122947693,0.4228372871875763,0.6049697995185852,-0.21882203221321106,0.38855886459350586,0.7086140513420105,-0.11139052361249924,0.3909261226654053,0.6847217082977295,-0.161820650100708,0.3924304246902466,0.6581389904022217,-0.19341528415679932,0.3950812518596649,0.6371098160743713,-0.2161092609167099,0.3644748032093048,0.7264968156814575,-0.1180054247379303,0.3628561496734619,0.7122414708137512,-0.16295373439788818,0.3654899597167969,0.6947840452194214,-0.19228969514369965,0.36989954113960266,0.6766620874404907,-0.21504028141498566
14,left,0.5533407926559448,0.7829210162162781,4.3614494416033267e-07,0.5129367113113403,0.7819928526878357,-0.011777053587138653,0.4845457673072815,0.7698531746864319,-0.025419455021619797,0.48977574706077576,0.7645080089569092,-0.039004795253276825,0.5168484449386597,0.7609683871269226,-0.054375503212213516,0.4840732216835022,0.7039023637771606,-0.0261241402477026,0.47531184554100037,0.6623697876930237,-0.04311371594667435,0.4723573923110962,0.6375898122787476,-0.055842261761426926,0.47177061438560486,0.6146608591079712,-0.0657750740647316,0.505778968334198,0.6990795731544495,-0.03322885185480118,0.4952643811702728,0.6567537784576416,-0.048650432378053665,0.49123677611351013,0.6288228034973145,-0.05929839238524437,0.4891449809074402,0.6042117476463318,-0.0672202780842781,0.5297911763191223,0.7083801031112671,-0.04167702794075012,0.5216999650001526,0.671562910079956,-0.05795628949999809,0.5190757513046265,0.644474446773529,-0.06871210783720016,0.5166165828704834,0.6190475821495056,-0.07609935104846954,0.5535904765129089,0.7280089259147644,-0.050744280219078064,0.5511956810951233,0.7088738083839417,-0.06736724823713303,0.5489075183868408,0.6923456192016602,-0.07499689608812332,0.5454816818237305,0.6751634478569031,-0.08011961728334427
15,right,0.39126667380332947,0.7698119878768921,3.119132259143953e-07,0.428667813539505,0.7583295106887817,-0.015419852919876575,0.4454250931739807,0.7418808937072754,-0.03378527984023094,0.4289250075817108,0.7283723950386047,-0.051342204213142395,0.4063660800457001,0.7246624231338501,-0.07237425446510315,0.4315071403980255,0.6837762594223022,-0.05046907812356949,0.4324547350406647,0.6496514081954956,-0.0792248472571373,0.42956051230430603,0.6254326701164246,-0.09856683760881424,0.4270062744617462,0.6039744019508362,-0.11224614083766937,0.4024844765663147,0.6864635348320007,-0.05938498675823212,0.4032651484012604,0.6468307375907898,-0.08795852214097977,0.40322059392929077,0.6200765371322632,-0.10606260597705841,0.40340808033943176,0.5980391502380371,-0.11981669813394547,0.3757835924625397,0.7020761966705322,-0.06884055584669113,0.3742227554321289,0.665431559085846,-0.09724428504705429,0.3772733807563782,0.642180323600769,-0.1146378442645073,0.38106632232666016,0.6211374402046204,-0.12660212814807892,0.3527950644493103,0.7254608273506165,-0.07838080078363419,0.35380345582962036,0.7066510915756226,-0.1043882891535759,0.3589009642601013,0.6902384757995605,-0.11900099366903305,0.36428678035736084,0.6729918122291565,-0.12989003956317902
15,left,0.5611262321472168,0.7838819622993469,3.680088127566705e-07,0.5200740694999695,0.7804247140884399,-0.010919746942818165,0.49259600043296814,0.7700161337852478,-0.024251539260149002,0.49862074851989746,0.7654556632041931,-0.03780318796634674,0.527391791343689,0.7606859803199768,-0.05337035655975342,0.4926173985004425,0.7052146196365356,-0.025722915306687355,0.48527777194976807,0.6654759049415588,-0.041825760155916214,0.4830370843410492,0.6428613066673279,-0.05401739850640297,0.4813218414783478,0.6189053058624268,-0.06403344124555588,0.5155660510063171,0.7013779878616333,-0.03324134647846222,0.506680965423584,0.6590467095375061,-0.04697329178452492,0.5023962259292603,0.632754921913147,-0.05691869556903839,0.498941034078598,0.607415497303009,-0.0649510994553566,0.540610134601593,0.7118558287620544,-0.04191918671131134,0.5334073901176453,0.6747809052467346,-0.05675286799669266,0.5302294492721558,0.6474117636680603,-0.06668765097856522,0.5267987847328186,0.6212813258171082,-0.07392720133066177,0.5649024248123169,0.732772707939148,-0.051233526319265366,0.5632805824279785,0.7134777307510376,-0.06680946052074432,0.5594702363014221,0.696757972240448,-0.0737597718834877,0.5542119145393372,0.6798667907714844,-0.07863879948854446
16,right,0.39916640520095825,0.7701806426048279,3.3708306546031963e-07,0.4289308786392212,0.7501754760742188,-0.02191721834242344,0.4503716230392456,0.7207693457603455,-0.039872486144304276,0.4543362259864807,0.6926808953285217,-0.054797448217868805,0.44995254278182983,0.6663493514060974,-0.0724508985877037,0.4341255724430084,0.6931858062744141,-0.057399932295084,0.4407472610473633,0.6581470370292664,-0.08727354556322098,0.4406352639198303,0.6334528923034668,-0.10641206800937653,0.44119298458099365,0.613166868686676,-0.11955218762159348,0.41087397933006287,0.694701611995697,-0.0608147494494915,0.4147150218486786,0.6575605869293213,-0.09224458038806915,0.4160626530647278,0.6324488520622253,-0.11125597357749939,0.4179718792438507,0.6114693284034729,-0.12500236928462982,0.38841512799263,0.7065264582633972,-0.06464976072311401,0.38778048753738403,0.6789067983627319,-0.09605134278535843,0.38678842782974243,0.6592655181884766,-0.11152439564466476,0.38719913363456726,0.6412835717201233,-0.1214711144566536,0.3664456009864807,0.7248801589012146,-0.0688055157661438,0.3630768656730652,0.706864058971405,-0.0954057052731514,0.36514005064964294,0.6924052834510803,-0.10775668174028397,0.37022408843040466,0.6793117523193359,-0.11642323434352875
16,left,0.5564773678779602,0.7803837060928345,4.107468782876822e-07,0.5173496007919312,0.7780407667160034,-0.00974902231246233,0.490313857793808,0.7673556804656982,-0.022482989355921745,0.49394527077674866,0.7665568590164185,-0.035679616034030914,0.5171151161193848,0.764925479888916,-0.05070531740784645,0.4863993227481842,0.7018030285835266,-0.021694529801607132,0.47891533374786377,0.6623719930648804,-0.036888930946588516,0.4757406711578369,0.6378021836280823,-0.048984162509441376,0.47442471981048584,0.6157782673835754,-0.058581557124853134,0.5075355172157288,0.696952760219574,-0.029170550405979156,0.4990525543689728,0.6567655205726624,-0.04232470691204071,0.4944290220737457,0.6301647424697876,-0.05257800593972206,0.491198867559433,0.606804609298706,-0.06049395352602005,0.531222403049469,0.7054605484008789,-0.03780749812722206,0.5228374600410461,0.6695104241371155,-0.05141569301486015,0.5204373002052307,0.6446267366409302,-0.06089054048061371,0.5177788734436035,0.6213489770889282,-0.06776624172925949,0.5548732280731201,0.7246906757354736,-0.0470280721783638,0.5534898638725281,0.7081088423728943,-0.06101246923208237,0.550771951675415,0.69227534532547,-0.06718342751264572,0.5467280745506287,0.675774097442627,-0.07138066738843918
17,right,0.3896085321903229,0.7600734233856201,3.607280802953028e-07,0.41657403111457825,0.7523912191390991,-0.02662460319697857,0.43611037731170654,0.737031102180481,-0.04749142378568649,0.4364921748638153,0.7180521488189697,-0.06465580314397812,0.42920005321502686,0.6970873475074768,-0.08405616134405136,0.4292348027229309,0.692356288433075,-0.06015687435865402,0.43657156825065613,0.6594698429107666,-0.08988818526268005,0.4338221251964569,0.6353879570960999,-0.1083606705069542,0.43097853660583496,0.6150684952735901,-0.12063300609588623,0.4049806296825409,0.6890953183174133,-0.06147420406341553,0.4079176187515259,0.6530596613883972,-0.09250612556934357,0.40597254037857056,0.6312927603721619,-0.10999222844839096,0.40440863370895386,0.615680456161499,-0.12174563854932785,0.3816879093647003,0.6981804966926575,-0.06382410228252411,0.3789782226085663,0.6757150888442993,-0.09661249816417694,0.3743050694465637,0.665597140789032,-0.11245697736740112,0.3706580400466919,0.6571452021598816,-0.12125494331121445,0.36034393310546875,0.7146925330162048,-0.06678280979394913,0.3572825789451599,0.7021242380142212,-0.09515643119812012,0.35880395770072937,0.6991490125656128,-0.10799778997898102,0.362476646900177,0.6968091130256653,-0.11584153771400452
17,left,0.5611668825149536,0.7816023230552673,3.8700710547345807e-07,0.5198143124580383,0.7775195837020874,-0.009859265759587288,0.49409669637680054,0.7676997184753418,-0.023481445387005806,0.5009392499923706,0.7681237459182739,-0.037614405155181885,0.5260066390037537,0.7650763392448425,-0.05425350368022919,0.4923511743545532,0.7027379274368286,-0.027325328439474106,0.4843020737171173,0.6642765998840332,-0.04473887011408806,0.48114845156669617,0.6403273940086365,-0.05804179981350899,0.4789617657661438,0.6155619621276855,-0.06870163232088089,0.5159562230110168,0.6988797187805176,-0.035967517644166946,0.506344199180603,0.658039927482605,-0.05131354182958603,0.5018004179000854,0.6308558583259583,-0.06251287460327148,0.49776652455329895,0.6052502989768982,-0.07141664624214172,0.5413844585418701,0.7098422050476074,-0.04562044516205788,0.5341290831565857,0.6727212071418762,-0.062020204961299896,0.5303202271461487,0.6454609036445618,-0.07311581075191498,0.525711178779602,0.6205472946166992,-0.08106540143489838,0.5655882358551025,0.7319819927215576,-0.055661391466856,0.5639471411705017,0.7113033533096313,-0.07270903140306473,0.5595333576202393,0.6941987872123718,-0.08058558404445648,0.5530259609222412,0.6780872344970703,-0.0860922634601593
18,right,0,0,0,0,0,0,0,0,0,0,0,0,0,0,0,0,0,0,0,0,0,0,0,0,0,0,0,0,0,0,0,0,0,0,0,0,0,0,0,0,0,0,0,0,0,0,0,0,0,0,0,0,0,0,0,0,0,0,0,0,0,0,0
18,left,0.5561295747756958,0.7810481190681458,4.03051615194272e-07,0.5171887874603271,0.7815910577774048,-0.011019031517207623,0.4887440502643585,0.7721865177154541,-0.023589329794049263,0.4919680058956146,0.769041895866394,-0.03641108050942421,0.5174627304077148,0.7663476467132568,-0.05087985470890999,0.4848267138004303,0.7008273601531982,-0.020230624824762344,0.4788121283054352,0.6628261804580688,-0.03456106409430504,0.4755540192127228,0.639726996421814,-0.04665161296725273,0.4733685255050659,0.6191052198410034,-0.056358546018600464,0.5061910152435303,0.6959758996963501,-0.02685585431754589,0.4981341063976288,0.6562023162841797,-0.03842605650424957,0.4927920401096344,0.631672739982605,-0.04809599369764328,0.4884350299835205,0.6106361746788025,-0.05582096800208092,0.5300701260566711,0.7048474550247192,-0.034908294677734375,0.5223596692085266,0.6681247353553772,-0.04697716236114502,0.5196630954742432,0.6447859406471252,-0.05556251108646393,0.5167064666748047,0.6240274310112,-0.06196238100528717,0.5537585616111755,0.7254082560539246,-0.04383872076869011,0.5526175498962402,0.7066136002540588,-0.056682441383600235,0.5499376058578491,0.6905948519706726,-0.06227283924818039,0.5459015965461731,0.674951434135437,-0.06610871106386185
19,right,0.3919996917247772,0.7793703079223633,2.3041822316827165e-07,0.4252525568008423,0.7677980065345764,-0.012335429899394512,0.4410700798034668,0.751618504524231,-0.024619095027446747,0.41292425990104675,0.7442029714584351,-0.03745193034410477,0.38032862544059753,0.7490957975387573,-0.05257168039679527,0.43769508600234985,0.6815599203109741,-0.022157931700348854,0.4408271312713623,0.6437981128692627,-0.03946266323328018,0.4389820396900177,0.6246052384376526,-0.053285714238882065,0.43724524974823,0.6115642786026001,-0.06319265812635422,0.4108105003833771,0.6818535923957825,-0.029304657131433487,0.41262316703796387,0.638651430606842,-0.04356972873210907,0.4126734435558319,0.6197882890701294,-0.05556594207882881,0.41415491700172424,0.6067357659339905,-0.06474138051271439,0.38477668166160583,0.69896399974823,-0.037951063364744186,0.3810984194278717,0.6631661057472229,-0.05313236638903618,0.38440975546836853,0.6448308229446411,-0.06432025134563446,0.38966503739356995,0.6270303130149841,-0.07235729694366455,0.3609430193901062,0.7257643938064575,-0.04738181084394455,0.3591916859149933,0.7121652960777283,-0.061084482818841934,0.3624655306339264,0.6991639137268066,-0.06732640415430069,0.3671342134475708,0.6833136081695557,-0.07225742936134338
19,left,0.5587824583053589,0.7809343338012695,4.0323496364180755e-07,0.5180928707122803,0.7789391279220581,-0.011012044735252857,0.4901774823665619,0.7712706327438354,-0.0257500521838665,0.49336957931518555,0.7704996466636658,-0.04068799316883087,0.5176791548728943,0.7663390636444092,-0.05795018747448921,0.4877704083919525,0.7056466937065125,-0.030008750036358833,0.4791533350944519,0.6664270162582397,-0.048977144062519073,0.4756145775318146,0.642113983631134,-0.06351539492607117,0.4730946123600006,0.6178815960884094,-0.07499584555625916,0.5110074877738953,0.7007647752761841,-0.03849281370639801,0.5003247261047363,0.6594740152359009,-0.05568472668528557,0.4955960810184479,0.6323164105415344,-0.06777114421129227,0.4913012385368347,0.6077105402946472,-0.07711578160524368,0.5361736416816711,0.7101380825042725,-0.047983311116695404,0.5278517603874207,0.673611581325531,-0.0656990110874176,0.5239325761795044,0.6464815139770508,-0.07670003920793533,0.5191293358802795,0.6221527457237244,-0.08446663618087769,0.5603690147399902,0.7310184240341187,-0.0579356886446476,0.5574643015861511,0.7102841734886169,-0.07571381330490112,0.5536367297172546,0.6922680735588074,-0.08345682173967361,0.5481509566307068,0.6750658750534058,-0.08880642056465149
20,right,0.3938438296318054,0.7807321548461914,2.838260684256966e-07,0.43054500222206116,0.7667182683944702,-0.016437320038676262,0.4518560469150543,0.7474042773246765,-0.030660124495625496,0.4320163428783417,0.7337846755981445,-0.044161368161439896,0.40637311339378357,0.7307420372962952,-0.060311004519462585,0.4372384250164032,0.6881840229034424,-0.03236840292811394,0.43884798884391785,0.651728093624115,-0.053806256502866745,0.43661853671073914,0.6318345069885254,-0.06905043125152588,0.4353550672531128,0.6165205836296082,-0.0795854926109314,0.41122010350227356,0.6901378035545349,-0.03810315951704979,0.4139838218688965,0.649944543838501,-0.0575546957552433,0.4144804775714874,0.6270121335983276,-0.07144223153591156,0.41584494709968567,0.6089264154434204,-0.08158917725086212,0.38581040501594543,0.7069817185401917,-0.04533467814326286,0.38471198081970215,0.66994708776474,-0.06615065038204193,0.3890513479709625,0.6503728032112122,-0.07859116792678833,0.39420029520988464,0.6314131021499634,-0.0868670642375946,0.361838161945343,0.7325683236122131,-0.053157955408096313,0.36119765043258667,0.713056743144989,-0.07246068120002747,0.36688053607940674,0.6996093988418579,-0.08078954368829727,0.3740249574184418,0.6837782263755798,-0.08655671030282974
20,left,0.5545978546142578,0.7796343564987183,4.1484415191916924e-07,0.515804648399353,0.7795541882514954,-0.011160993948578835,0.48820048570632935,0.7705334424972534,-0.024516616016626358,0.4932170808315277,0.7696492671966553,-0.03807586431503296,0.5187098979949951,0.7659633159637451,-0.053768254816532135,0.4847073256969452,0.7025336027145386,-0.024475064128637314,0.4775051772594452,0.663235604763031,-0.040281519293785095,0.47383877635002136,0.6396128535270691,-0.05301335081458092,0.47187381982803345,0.6176580190658569,-0.0630531832575798,0.5065754055976868,0.6974585056304932,-0.031330306082963943,0.4974314868450165,0.6577250957489014,-0.04420189559459686,0.493224173784256,0.6322948336601257,-0.054406650364398956,0.49078568816185,0.6096211671829224,-0.06247960031032562,0.5311422348022461,0.7065321803092957,-0.03931421414017677,0.5226160287857056,0.670922577381134,-0.05257439613342285,0.5201616883277893,0.6464858055114746,-0.06167176365852356,0.517495334148407,0.624039888381958,-0.06847435235977173,0.5554890632629395,0.7272914052009583,-0.04797981306910515,0.5540852546691895,0.7099596858024597,-0.06177012622356415,0.5521320104598999,0.6937943696975708,-0.06732261925935745,0.5489663481712341,0.6777065992355347,-0.07112954556941986
21,right,0.39729374647140503,0.7796714901924133,3.0558925345758325e-07,0.43010154366493225,0.7661571502685547,-0.013460182584822178,0.44547516107559204,0.7464917898178101,-0.02662735991179943,0.42030078172683716,0.7354196310043335,-0.03938717395067215,0.39177948236465454,0.7386451959609985,-0.055110517889261246,0.4352867007255554,0.6879549622535706,-0.031979773193597794,0.4384368360042572,0.6535133719444275,-0.052564095705747604,0.4363560378551483,0.63185054063797,-0.06709851324558258,0.4337439239025116,0.613408088684082,-0.0775369331240654,0.40980371832847595,0.6903616189956665,-0.03905193507671356,0.4120861291885376,0.6498178243637085,-0.05815264210104942,0.4123188555240631,0.6265264749526978,-0.07210664451122284,0.4120800495147705,0.6069138646125793,-0.08266686648130417,0.38465413451194763,0.7070828080177307,-0.04714362695813179,0.38271626830101013,0.6701733469963074,-0.06780753284692764,0.3860446810722351,0.6504923105239868,-0.08107971400022507,0.38868266344070435,0.6311001181602478,-0.090016670525074,0.36070579290390015,0.7322534322738647,-0.05547713115811348,0.3597891926765442,0.7101350426673889,-0.07505983859300613,0.36337077617645264,0.6951500773429871,-0.08439230918884277,0.36735546588897705,0.6782166957855225,-0.09101007133722305
21,left,0.5598942637443542,0.7782939076423645,3.8742814467696007e-07,0.5210191607475281,0.7764175534248352,-0.010912155732512474,0.49336203932762146,0.7706855535507202,-0.025065461173653603,0.4939161241054535,0.7717205882072449,-0.039517998695373535,0.5149195194244385,0.7668421268463135,-0.05600998178124428,0.4898691177368164,0.7044020295143127,-0.026573367416858673,0.48127150535583496,0.6648339033126831,-0.0439380407333374,0.47797924280166626,0.6408475041389465,-0.0572662390768528,0.4758388102054596,0.6168670654296875,-0.06767620891332626,0.5123604536056519,0.69903564453125,-0.03428218513727188,0.5023120045661926,0.657705545425415,-0.049437280744314194,0.49753591418266296,0.6309182643890381,-0.06047628074884415,0.4936133921146393,0.6064829230308533,-0.0689689964056015,0.5370849967002869,0.7073463201522827,-0.043102364987134933,0.5289766192436218,0.670353353023529,-0.058659203350543976,0.5254830718040466,0.644202709197998,-0.06842090934515,0.5211694836616516,0.6203752160072327,-0.07537345588207245,0.5610493421554565,0.7269613146781921,-0.05252062529325485,0.5592314600944519,0.7066608667373657,-0.06802336871623993,0.555267870426178,0.6898161768913269,-0.07437662780284882,0.5494326949119568,0.6735746264457703,-0.07868099957704544
22,right,0.39051783084869385,0.7711101770401001,3.27461862070777e-07,0.4239179790019989,0.7600212693214417,-0.01969575136899948,0.4440033435821533,0.7424424886703491,-0.03556959703564644,0.43038463592529297,0.7267619371414185,-0.04938073083758354,0.41260167956352234,0.7147269248962402,-0.06570770591497421,0.43016377091407776,0.6887808442115784,-0.04199782386422157,0.4349530339241028,0.6538717150688171,-0.06631473451852798,0.43347835540771484,0.6339618563652039,-0.08277403563261032,0.43199652433395386,0.6199817657470703,-0.0937308818101883,0.40427568554878235,0.6890450716018677,-0.04584382101893425,0.4080128073692322,0.6511893272399902,-0.06900525093078613,0.40906238555908203,0.6280888319015503,-0.08448388427495956,0.40974846482276917,0.6122205257415771,-0.09547267109155655,0.3797153830528259,0.7039858102798462,-0.05095372721552849,0.3790636658668518,0.6695157885551453,-0.07525090128183365,0.383093923330307,0.6500952839851379,-0.08911412954330444,0.3867824375629425,0.6349790692329407,-0.09805598855018616,0.35712599754333496,0.7274553775787354,-0.05654357001185417,0.3581579625606537,0.7092001438140869,-0.07943876087665558,0.36459851264953613,0.6972452402114868,-0.08965852856636047,0.37188228964805603,0.686067521572113,-0.09623368829488754
22,left,0.5553849339485168,0.7796304225921631,4.1170903841702966e-07,0.5170630216598511,0.7784135937690735,-0.010635615326464176,0.4902629852294922,0.7688001990318298,-0.023308733478188515,0.49714425206184387,0.7684291005134583,-0.03636749088764191,0.5223657488822937,0.764028787612915,-0.05169527605175972,0.48640137910842896,0.7013069987297058,-0.023526526987552643,0.4799937307834625,0.662916898727417,-0.03898768499493599,0.47739627957344055,0.6396205425262451,-0.051693644374608994,0.47630125284194946,0.6176109313964844,-0.06177515536546707,0.5087305307388306,0.6962617039680481,-0.030592337250709534,0.5010528564453125,0.6563411355018616,-0.04309169203042984,0.49759823083877563,0.6312723159790039,-0.05364160239696503,0.49538618326187134,0.6089047789573669,-0.062200985848903656,0.5333828926086426,0.7052141427993774,-0.03880387544631958,0.5266574621200562,0.6702594757080078,-0.05181269720196724,0.524573802947998,0.6456603407859802,-0.06173373758792877,0.5222090482711792,0.623570442199707,-0.0692863017320633,0.5571427345275879,0.7261487245559692,-0.04767473787069321,0.5565162897109985,0.7093163728713989,-0.061331890523433685,0.5545946955680847,0.6932152509689331,-0.06748344004154205,0.5515454411506653,0.6774508953094482,-0.07191073894500732
23,right,0.39308086037635803,0.7728792428970337,2.9387601330199686e-07,0.42561647295951843,0.7561051845550537,-0.01614849455654621,0.44542574882507324,0.7350901961326599,-0.03198098763823509,0.44444793462753296,0.7143359184265137,-0.046361565589904785,0.43786731362342834,0.697207510471344,-0.06366916000843048,0.43426090478897095,0.6933220028877258,-0.0481034591794014,0.4399861693382263,0.6615651249885559,-0.07606125622987747,0.4386627674102783,0.6402387619018555,-0.09413787722587585,0.437239408493042,0.6228858828544617,-0.10646952688694,0.40929150581359863,0.6953854560852051,-0.05472863093018532,0.4130459725856781,0.6593672037124634,-0.08364548534154892,0.41496819257736206,0.6343227028846741,-0.10095635056495667,0.41570237278938293,0.614982008934021,-0.11330805718898773,0.38451722264289856,0.7106257081031799,-0.06201731786131859,0.3839637041091919,0.678388237953186,-0.09146232903003693,0.38722673058509827,0.6565310955047607,-0.10727642476558685,0.39050015807151794,0.6379750967025757,-0.11741361767053604,0.3609054684638977,0.7336573600769043,-0.06924734264612198,0.3607378304004669,0.7145289778709412,-0.09715090692043304,0.36534973978996277,0.6993873715400696,-0.11110586673021317,0.37087976932525635,0.6844349503517151,-0.12047723680734634
23,left,0.5569925904273987,0.7803186178207397,3.835565962617693e-07,0.5193274617195129,0.778010904788971,-0.011738372035324574,0.4918646216392517,0.7702553868293762,-0.025863399729132652,0.4945548474788666,0.7693825960159302,-0.03996580094099045,0.5194382667541504,0.7666817903518677,-0.05604354664683342,0.48990100622177124,0.705417275428772,-0.027363020926713943,0.47994470596313477,0.6661074161529541,-0.044047802686691284,0.47621577978134155,0.6424742341041565,-0.056877028197050095,0.4738522171974182,0.6193404793739319,-0.06704538315534592,0.5119872689247131,0.6995754837989807,-0.03435255587100983,0.5018125772476196,0.6585142612457275,-0.04842540621757507,0.49729591608047485,0.6329102516174316,-0.05876024439930916,0.4939756691455841,0.6101503968238831,-0.06697379797697067,0.5364015102386475,0.7079247832298279,-0.04243985936045647,0.528704822063446,0.6715184450149536,-0.05696520581841469,0.5252441167831421,0.6460313200950623,-0.0665399581193924,0.5218219757080078,0.623873233795166,-0.07360418885946274,0.560211181640625,0.7274062037467957,-0.05122371390461922,0.558323085308075,0.7069602012634277,-0.06621268391609192,0.5550455451011658,0.6905667185783386,-0.07251965254545212,0.5504477024078369,0.6758716106414795,-0.07691767066717148
24,right,0.3977939486503601,0.7643997669219971,3.99419690211289e-07,0.4303324520587921,0.7523062825202942,-0.025359395891427994,0.4470151364803314,0.7355906963348389,-0.0508979931473732,0.4381648600101471,0.7205289602279663,-0.07329728454351425,0.42377200722694397,0.7093449234962463,-0.09919510781764984,0.43235084414482117,0.6875171661376953,-0.07074713706970215,0.43633919954299927,0.6573160886764526,-0.10734478384256363,0.4334113895893097,0.6348684430122375,-0.13202664256095886,0.43102940917015076,0.6180236339569092,-0.14927014708518982,0.4044641852378845,0.6904454827308655,-0.07652591168880463,0.40719425678253174,0.6532046794891357,-0.11464182287454605,0.4079063832759857,0.6296026706695557,-0.13963384926319122,0.4096103310585022,0.6119422912597656,-0.1583636850118637,0.3790009319782257,0.7051693201065063,-0.08277716487646103,0.379513144493103,0.67243891954422,-0.11966749280691147,0.38243213295936584,0.6525157690048218,-0.14330747723579407,0.38521599769592285,0.6401039361953735,-0.15940061211585999,0.35783883929252625,0.7276827692985535,-0.08925660699605942,0.3603614270687103,0.7089269757270813,-0.12183710187673569,0.3667377531528473,0.6952463388442993,-0.14193512499332428,0.37281593680381775,0.6840161085128784,-0.1569976657629013
24,left,0.5570120811462402,0.7761774659156799,3.918551954029681e-07,0.5212402939796448,0.7788965106010437,-0.011963773518800735,0.4906005263328552,0.7718805074691772,-0.02479434944689274,0.4915723502635956,0.7685739398002625,-0.03746713325381279,0.5181596875190735,0.7622374296188354,-0.051918160170316696,0.4864594340324402,0.7032389044761658,-0.02425926923751831,0.4781363904476166,0.6627485156059265,-0.039709899574518204,0.4739592373371124,0.6385313272476196,-0.051908738911151886,0.47213566303253174,0.6165099740028381,-0.06160753592848778,0.507893443107605,0.6962447762489319,-0.0302419476211071,0.49888715147972107,0.6558713912963867,-0.04282478988170624,0.4939430058002472,0.6300942897796631,-0.05253878980875015,0.4910077452659607,0.6076432466506958,-0.060227081179618835,0.5321886539459229,0.7032230496406555,-0.03749353438615799,0.523950457572937,0.667313277721405,-0.05062180757522583,0.5206542611122131,0.6435150504112244,-0.05987934768199921,0.5176466703414917,0.622427225112915,-0.06682475656270981,0.5567218661308289,0.7217836976051331,-0.045545127242803574,0.5556430816650391,0.7057657241821289,-0.06024797633290291,0.5535776615142822,0.6913467645645142,-0.06695656478404999,0.5504226088523865,0.677412211894989,-0.07137962430715561
25,right,0.3865010440349579,0.7618227601051331,4.412440262058226e-07,0.41699886322021484,0.7536120414733887,-0.032536014914512634,0.43818414211273193,0.7381041646003723,-0.059014882892370224,0.44415295124053955,0.717015266418457,-0.080577053129673,0.4404461979866028,0.6920768022537231,-0.10498266667127609,0.4313502311706543,0.6940197944641113,-0.07578335702419281,0.4406385123729706,0.6613422632217407,-0.11148680001497269,0.4393976032733917,0.6366778016090393,-0.1357859969139099,0.4388124346733093,0.6164796352386475,-0.1532815545797348,0.4065324068069458,0.6916553974151611,-0.07663454115390778,0.4113003611564636,0.6561600565910339,-0.11402670294046402,0.4126507341861725,0.6321678161621094,-0.13978776335716248,0.4140227437019348,0.6123719215393066,-0.15944212675094604,0.3828573226928711,0.701472282409668,-0.07809481769800186,0.3830193877220154,0.6721267104148865,-0.11419180780649185,0.3833026587963104,0.653073251247406,-0.13803964853286743,0.38416045904159546,0.6408365964889526,-0.1548130065202713,0.36042696237564087,0.7186118364334106,-0.0802503228187561,0.3584337830543518,0.704279899597168,-0.11216668039560318,0.3600524067878723,0.6944221258163452,-0.13156305253505707,0.36344707012176514,0.687481701374054,-0.14606709778308868
25,left,0.5577422380447388,0.7767384648323059,4.2538854927443026e-07,0.517257034778595,0.7741474509239197,-0.011040721088647842,0.49072548747062683,0.7673680186271667,-0.026684287935495377,0.4941475987434387,0.7689250707626343,-0.04272573068737984,0.5170888900756836,0.7650659084320068,-0.06132414937019348,0.4895501434803009,0.7027256488800049,-0.03194067254662514,0.480137437582016,0.6629503965377808,-0.05192507430911064,0.4762989282608032,0.6380504965782166,-0.06681286543607712,0.47408196330070496,0.6135656833648682,-0.07823243737220764,0.5125686526298523,0.6977355480194092,-0.04086907580494881,0.5009085536003113,0.6564130187034607,-0.0595727376639843,0.49548909068107605,0.6284468770027161,-0.0724257379770279,0.49105149507522583,0.6038779020309448,-0.08200359344482422,0.5372896790504456,0.706515371799469,-0.050687119364738464,0.5279291868209839,0.6694723963737488,-0.06984312832355499,0.5241072773933411,0.6420749425888062,-0.08160150796175003,0.5195314288139343,0.618169903755188,-0.08958503603935242,0.5606623291969299,0.7264920473098755,-0.060863472521305084,0.557711124420166,0.7055922150611877,-0.0796588584780693,0.5537771582603455,0.6878126859664917,-0.08779674023389816,0.5483089685440063,0.6714208126068115,-0.09321943670511246
26,right,0.39108872413635254,0.7595056891441345,3.887995205786865e-07,0.42295631766319275,0.7482039928436279,-0.02486491948366165,0.43989744782447815,0.7320388555526733,-0.053003206849098206,0.4397527575492859,0.716499924659729,-0.07742436975240707,0.4338769018650055,0.6977511048316956,-0.1057010143995285,0.43002402782440186,0.6856613755226135,-0.08356109261512756,0.4373887777328491,0.6597387194633484,-0.12421344220638275,0.434658020734787,0.6355164051055908,-0.15180684626102448,0.43114110827445984,0.6155726909637451,-0.1719304323196411,0.40331557393074036,0.6869555115699768,-0.09126172214746475,0.4058787524700165,0.6530687212944031,-0.13597449660301208,0.40676748752593994,0.6300840973854065,-0.16639479994773865,0.4088376462459564,0.6106735467910767,-0.19007442891597748,0.3794292211532593,0.6996889710426331,-0.09822242707014084,0.3783912658691406,0.671872079372406,-0.1407507359981537,0.37960511445999146,0.6512303352355957,-0.16968946158885956,0.38101276755332947,0.6377885937690735,-0.1903763711452484,0.35927557945251465,0.7192896008491516,-0.10474449396133423,0.35882753133773804,0.7062328457832336,-0.1421862691640854,0.3613635003566742,0.6970810890197754,-0.1664232462644577,0.36466479301452637,0.6889714598655701,-0.18519797921180725
26,left,0.5570307970046997,0.7777724862098694,3.938166059924697e-07,0.5202664732933044,0.7775425314903259,-0.01234420295804739,0.4913114905357361,0.7695790529251099,-0.026048412546515465,0.4938587546348572,0.7661104798316956,-0.03958708792924881,0.5192378759384155,0.7604465484619141,-0.05497432127594948,0.48779481649398804,0.7020646929740906,-0.0258330125361681,0.47970861196517944,0.6629143953323364,-0.04272837936878204,0.4763364791870117,0.6382817625999451,-0.05613422766327858,0.4745132625102997,0.6147730946540833,-0.06668797880411148,0.5100327730178833,0.6958853602409363,-0.032316289842128754,0.501115083694458,0.6559140682220459,-0.04674648120999336,0.49703124165534973,0.6301558017730713,-0.05754394829273224,0.4939790964126587,0.6073613166809082,-0.0659763291478157,0.5346778631210327,0.7037018537521362,-0.0401327908039093,0.5272262692451477,0.6678009033203125,-0.05502225458621979,0.5238175392150879,0.6427925229072571,-0.06477136164903641,0.5203204154968262,0.6207321882247925,-0.07176204025745392,0.558784544467926,0.7227593064308167,-0.048764701932668686,0.5565844178199768,0.702681839466095,-0.06425222754478455,0.5536594390869141,0.6864874362945557,-0.0709942951798439,0.5493742823600769,0.671351969242096,-0.07548420876264572
27,right,0,0,0,0,0,0,0,0,0,0,0,0,0,0,0,0,0,0,0,0,0,0,0,0,0,0,0,0,0,0,0,0,0,0,0,0,0,0,0,0,0,0,0,0,0,0,0,0,0,0,0,0,0,0,0,0,0,0,0,0,0,0,0
27,left,0.5573093891143799,0.7785673141479492,3.9721604139231204e-07,0.5206684470176697,0.7775848507881165,-0.011917359195649624,0.4928828179836273,0.7693818807601929,-0.025896118953824043,0.4958142638206482,0.7672399282455444,-0.03985648229718208,0.5204391479492188,0.7626566886901855,-0.05580178275704384,0.4888764023780823,0.7031314373016357,-0.026563139632344246,0.479856938123703,0.6630352735519409,-0.04337775707244873,0.47643035650253296,0.6385056376457214,-0.056498803198337555,0.47488337755203247,0.6152888536453247,-0.0666605681180954,0.5107809901237488,0.696587085723877,-0.03335139527916908,0.5007852911949158,0.6552643775939941,-0.04750029370188713,0.4962767958641052,0.6286255717277527,-0.058107320219278336,0.49377328157424927,0.6058487296104431,-0.06633120030164719,0.5352658033370972,0.704131007194519,-0.041319672018289566,0.5270070433616638,0.6669833660125732,-0.05564724653959274,0.5234333276748657,0.6417818665504456,-0.06531105935573578,0.5204107165336609,0.6200888156890869,-0.07236815243959427,0.5594073534011841,0.7229608297348022,-0.050025999546051025,0.5572697520256042,0.7027755975723267,-0.06481960415840149,0.5541330575942993,0.6861444115638733,-0.07112207263708115,0.5499815344810486,0.6709089875221252,-0.07535261660814285
28,right,0.3999043107032776,0.7781549692153931,1.936041087446938e-07,0.4325156509876251,0.7649356126785278,-0.012284887954592705,0.45023104548454285,0.7492123246192932,-0.025333551689982414,0.42901208996772766,0.7411558628082275,-0.0387878492474556,0.39996084570884705,0.7441576719284058,-0.05483564734458923,0.4442056715488434,0.6822632551193237,-0.026651669293642044,0.44514575600624084,0.6440151333808899,-0.04512752220034599,0.4421568214893341,0.62649005651474,-0.05927742272615433,0.4399538040161133,0.6138986349105835,-0.06928408145904541,0.41796284914016724,0.6854515671730042,-0.03409881517291069,0.41938450932502747,0.6427900791168213,-0.04908910021185875,0.4183356463909149,0.6231234073638916,-0.06081964820623398,0.4189629852771759,0.6081720590591431,-0.07018157839775085,0.3920203149318695,0.7036027908325195,-0.04278894141316414,0.3876117467880249,0.6672006845474243,-0.05797172710299492,0.3905797004699707,0.6469012498855591,-0.0683649331331253,0.395973265171051,0.6271624565124512,-0.07633184641599655,0.36730533838272095,0.729339599609375,-0.05225610360503197,0.3636023998260498,0.7129755020141602,-0.06569318473339081,0.36700189113616943,0.699445366859436,-0.07142075151205063,0.3727828860282898,0.6838399171829224,-0.07636003941297531
28,left,0.5541379451751709,0.7782886028289795,4.048591506489174e-07,0.5160593390464783,0.7766941785812378,-0.010605061426758766,0.4886889159679413,0.7661745548248291,-0.023491133004426956,0.49333077669143677,0.7630497217178345,-0.03657595068216324,0.5182816386222839,0.7588760256767273,-0.051512837409973145,0.4852054715156555,0.7017760872840881,-0.024103567004203796,0.47684162855148315,0.6612271070480347,-0.03946853056550026,0.4733285903930664,0.6373378038406372,-0.05134201794862747,0.47139495611190796,0.6156061887741089,-0.060768067836761475,0.5064613819122314,0.6966273784637451,-0.031125839799642563,0.49697184562683105,0.6548714637756348,-0.04410664737224579,0.49264830350875854,0.6278877258300781,-0.053725358098745346,0.48986300826072693,0.6041333079338074,-0.06122679263353348,0.5305452346801758,0.7051844000816345,-0.03927063196897507,0.5219202041625977,0.6683936715126038,-0.05269639194011688,0.5190414190292358,0.6424893140792847,-0.061892736703157425,0.5160943865776062,0.6185428500175476,-0.06864781677722931,0.5548591613769531,0.7242348790168762,-0.04805218055844307,0.5532029271125793,0.7052145600318909,-0.06217451021075249,0.5506797432899475,0.6881706714630127,-0.06823048740625381,0.5471020340919495,0.6710502505302429,-0.07233784347772598
29,right,0.39310693740844727,0.7810943126678467,3.394442558146693e-07,0.42825600504875183,0.7666865587234497,-0.017811018973588943,0.4414352476596832,0.7492901086807251,-0.03643003851175308,0.4099111258983612,0.7427814602851868,-0.05430980771780014,0.37770166993141174,0.7444905042648315,-0.07528543472290039,0.4287170171737671,0.6840181350708008,-0.04336756840348244,0.4294317960739136,0.6490374207496643,-0.0706634446978569,0.42575302720069885,0.6283789277076721,-0.08965364098548889,0.42099544405937195,0.6109145879745483,-0.10307334363460541,0.4006839990615845,0.6880408525466919,-0.0513148196041584,0.40091246366500854,0.6493956446647644,-0.07831159234046936,0.39876723289489746,0.6276835203170776,-0.09675054252147675,0.39692702889442444,0.6089043021202087,-0.11025688052177429,0.3744839131832123,0.7067837119102478,-0.06074366718530655,0.3719382882118225,0.67266446352005,-0.0882783755660057,0.3731718957424164,0.6513966917991638,-0.10576582700014114,0.37528637051582336,0.6291634440422058,-0.11742234975099564,0.3510946035385132,0.7337637543678284,-0.07054432481527328,0.349682480096817,0.7156060338020325,-0.09539937227964401,0.3523520529270172,0.7000945210456848,-0.10856879502534866,0.3563225567340851,0.6807717680931091,-0.11814893037080765
29,left,0.5609287619590759,0.777452826499939,3.891369146913348e-07,0.5228276252746582,0.773652970790863,-0.0124285276979208,0.49684658646583557,0.7678669095039368,-0.028777340427041054,0.4999971389770508,0.7685175538063049,-0.04508051648736,0.5255196690559387,0.7630331516265869,-0.0635628029704094,0.4950203597545624,0.7017638683319092,-0.031914398074150085,0.4882167875766754,0.6621471047401428,-0.051142435520887375,0.48666128516197205,0.6390306353569031,-0.06520852446556091,0.48569366335868835,0.6138977408409119,-0.07644139230251312,0.5194530487060547,0.6986990571022034,-0.039945829659700394,0.5112079381942749,0.6579949259757996,-0.057704199105501175,0.5077930688858032,0.6323120594024658,-0.06912276893854141,0.5045624375343323,0.6061599850654602,-0.07783212512731552,0.5451285243034363,0.7097427248954773,-0.04903443902730942,0.5368224382400513,0.6734527945518494,-0.06802722066640854,0.5348569750785828,0.6461701393127441,-0.07832936942577362,0.5318177342414856,0.6186485886573792,-0.08525525033473969,0.5697531700134277,0.73008793592453,-0.05862119048833847,0.5679277777671814,0.7111155986785889,-0.07805363833904266,0.5656880140304565,0.6949821710586548,-0.08561287820339203,0.5611987113952637,0.677645742893219,-0.09039381891489029
30,right,0.3978378474712372,0.7705151438713074,4.2272677092114463e-07,0.4390351474285126,0.7574424743652344,-0.02554323337972164,0.45860186219215393,0.7396351099014282,-0.052121352404356,0.44440701603889465,0.7235082387924194,-0.07577264308929443,0.4240051507949829,0.7150182127952576,-0.10386713594198227,0.44283586740493774,0.6857232451438904,-0.07806264609098434,0.44829514622688293,0.6554998159408569,-0.11917979270219803,0.44812917709350586,0.6315155029296875,-0.1473112404346466,0.44899052381515503,0.6127246618270874,-0.16782574355602264,0.41645747423171997,0.6933392286300659,-0.08668754249811172,0.42084258794784546,0.6553793549537659,-0.13069091737270355,0.422288715839386,0.6304724812507629,-0.16106802225112915,0.42460447549819946,0.60774165391922,-0.18458709120750427,0.39034542441368103,0.7118028402328491,-0.09558834135532379,0.391465961933136,0.68088698387146,-0.1386682689189911,0.39653000235557556,0.6570515632629395,-0.16816163063049316,0.40223807096481323,0.637243390083313,-0.18900372087955475,0.36460793018341064,0.7371998429298401,-0.10436329245567322,0.3666326701641083,0.7165985703468323,-0.14345258474349976,0.37315985560417175,0.6998093724250793,-0.16846728324890137,0.3810403048992157,0.6837316155433655,-0.18791528046131134
30,left,0.552535355091095,0.7772122621536255,4.2185126858385047e-07,0.5159880518913269,0.7760087251663208,-0.012420126236975193,0.4892195463180542,0.7675259113311768,-0.027091050520539284,0.4931830167770386,0.7644188404083252,-0.04148917645215988,0.5189352035522461,0.7595060467720032,-0.05771229416131973,0.48773300647735596,0.702518105506897,-0.028996029868721962,0.47797122597694397,0.6620902419090271,-0.04649944603443146,0.47421398758888245,0.637369692325592,-0.05999775230884552,0.4718049466609955,0.6136687994003296,-0.07060208171606064,0.5095363855361938,0.6966604590415955,-0.03595592826604843,0.4993319511413574,0.6570718288421631,-0.05197301506996155,0.4942761957645416,0.6290494203567505,-0.06342289596796036,0.4903121590614319,0.6033915281295776,-0.07213791459798813,0.5334305763244629,0.7051879167556763,-0.04397977143526077,0.5254377722740173,0.6713952422142029,-0.0601346418261528,0.522085428237915,0.644286036491394,-0.07101137191057205,0.5184047222137451,0.6187063455581665,-0.07877721637487411,0.5567558407783508,0.7237972021102905,-0.052668243646621704,0.5544152855873108,0.7053975462913513,-0.06952399760484695,0.5512834787368774,0.6901654005050659,-0.07712126523256302,0.5464332103729248,0.6744609475135803,-0.08217759430408478
31,right,0.39173704385757446,0.7747814655303955,3.338836052080296e-07,0.42810583114624023,0.7588000893592834,-0.01770303212106228,0.4430834650993347,0.7398383021354675,-0.03797978535294533,0.42630505561828613,0.7269498109817505,-0.05673012509942055,0.40576013922691345,0.7236671447753906,-0.0788031816482544,0.42706099152565,0.6862080097198486,-0.0566178523004055,0.4276166260242462,0.6523922085762024,-0.08762863278388977,0.423942506313324,0.6295376420021057,-0.10787530243396759,0.4192288815975189,0.6097167134284973,-0.12210813164710999,0.39888620376586914,0.6945500373840332,-0.06502582877874374,0.3989691138267517,0.6552222371101379,-0.09627614915370941,0.39679989218711853,0.6299099326133728,-0.11619734019041061,0.3950531780719757,0.6085026860237122,-0.13145337998867035,0.37313851714134216,0.7136018872261047,-0.07406193763017654,0.37205207347869873,0.680027186870575,-0.10485704988241196,0.37258049845695496,0.6561213135719299,-0.12476995587348938,0.37424975633621216,0.6341741681098938,-0.1384710669517517,0.35035210847854614,0.7374125123023987,-0.08308840543031693,0.349664568901062,0.7151917219161987,-0.1108885258436203,0.3505428433418274,0.6968289613723755,-0.12753048539161682,0.3519022762775421,0.6787286400794983,-0.14007651805877686
31,left,0.5626820921897888,0.7774658203125,4.331495802034624e-07,0.5223440527915955,0.7739013433456421,-0.015432913787662983,0.4964699149131775,0.7653079032897949,-0.03500470891594887,0.5031684041023254,0.7655923962593079,-0.053890638053417206,0.5316070914268494,0.761176347732544,-0.07527711987495422,0.5001782774925232,0.7021179795265198,-0.045205164700746536,0.493094801902771,0.661188006401062,-0.07133816927671432,0.4912528097629547,0.6361715197563171,-0.08975262194871902,0.49116280674934387,0.6105815172195435,-0.10388823598623276,0.5265679359436035,0.6995792388916016,-0.05414940416812897,0.5185845494270325,0.6601880788803101,-0.081675224006176,0.5150328278541565,0.6319102048873901,-0.0979677215218544,0.5122137665748596,0.6045756340026855,-0.10957076400518417,0.552391767501831,0.7111772298812866,-0.06404327601194382,0.5446642637252808,0.6770632266998291,-0.09208782017230988,0.5421527028083801,0.6471404433250427,-0.10744849592447281,0.5390370488166809,0.6182003617286682,-0.11709896475076675,0.5753501653671265,0.7312665581703186,-0.07420564442873001,0.573883056640625,0.7138679623603821,-0.10230156779289246,0.5713131427764893,0.6953129768371582,-0.11547747999429703,0.5673065781593323,0.6755838990211487,-0.12387771159410477
32,right,0,0,0,0,0,0,0,0,0,0,0,0,0,0,0,0,0,0,0,0,0,0,0,0,0,0,0,0,0,0,0,0,0,0,0,0,0,0,0,0,0,0,0,0,0,0,0,0,0,0,0,0,0,0,0,0,0,0,0,0,0,0,0
32,left,0.5566341280937195,0.774029016494751,3.875383640661312e-07,0.521616518497467,0.7728363871574402,-0.012253916822373867,0.49489322304725647,0.765389084815979,-0.026042044162750244,0.49712827801704407,0.7625104784965515,-0.03946661576628685,0.5212017893791199,0.7572929263114929,-0.05421840772032738,0.4904266893863678,0.6975528597831726,-0.02463212050497532,0.482380747795105,0.6594721078872681,-0.039918482303619385,0.47809210419654846,0.6357119083404541,-0.05203642696142197,0.47545599937438965,0.613241970539093,-0.06166008487343788,0.5114358067512512,0.6917282342910767,-0.030764633789658546,0.5019469857215881,0.6526874303817749,-0.04376215860247612,0.4965791404247284,0.6275991201400757,-0.053628839552402496,0.4926447868347168,0.6050335764884949,-0.061236266046762466,0.5347244739532471,0.6998897194862366,-0.038101427257061005,0.5267084836959839,0.6641330122947693,-0.05121689662337303,0.5238921046257019,0.640249490737915,-0.05971384793519974,0.5213183760643005,0.6178625822067261,-0.06599936634302139,0.5580075979232788,0.7193295359611511,-0.0463012270629406,0.5553531050682068,0.7018879055976868,-0.06028400734066963,0.552375078201294,0.6872541308403015,-0.06606565415859222,0.5482288002967834,0.6721988320350647,-0.06982685625553131
33,right,0.39130163192749023,0.7797099351882935,1.8335057916374353e-07,0.4269997775554657,0.7700095772743225,-0.012520764023065567,0.44529056549072266,0.7558711767196655,-0.026059089228510857,0.4181714355945587,0.749248743057251,-0.04015640541911125,0.384669691324234,0.7539021968841553,-0.05686069652438164,0.43812084197998047,0.6831003427505493,-0.026259830221533775,0.4399183988571167,0.6458182334899902,-0.04575498029589653,0.43731921911239624,0.6288033127784729,-0.06111760064959526,0.43471089005470276,0.6174932718276978,-0.0720241367816925,0.41119349002838135,0.6833770275115967,-0.0340317077934742,0.4125526249408722,0.6434972882270813,-0.05032338574528694,0.41149643063545227,0.6240977644920349,-0.06356338411569595,0.4117283225059509,0.6095727682113647,-0.07389048486948013,0.3851461708545685,0.7000248432159424,-0.04314004257321358,0.38162487745285034,0.6666932702064514,-0.059997137635946274,0.3843547999858856,0.6474564671516418,-0.07173093408346176,0.3893785774707794,0.627832293510437,-0.08040691167116165,0.361022412776947,0.7260428667068481,-0.0529680997133255,0.35746631026268005,0.7151561975479126,-0.0678679421544075,0.36128756403923035,0.7032536864280701,-0.07442167401313782,0.3674786388874054,0.6884214878082275,-0.07976998388767242
33,left,0.5627990961074829,0.773763120174408,3.699887258790113e-07,0.5253507494926453,0.7703455686569214,-0.010473308153450489,0.49991706013679504,0.7633017897605896,-0.024031303822994232,0.5028637647628784,0.7631761431694031,-0.03799636662006378,0.5254271030426025,0.7595993876457214,-0.053859636187553406,0.49534186720848083,0.6969965100288391,-0.024387842044234276,0.4880416691303253,0.6583208441734314,-0.04037092626094818,0.4846297800540924,0.6353358626365662,-0.05287286266684532,0.4816995859146118,0.6130456328392029,-0.06281188875436783,0.5173927545547485,0.6925762295722961,-0.032116178423166275,0.509147584438324,0.6512928605079651,-0.04554826393723488,0.5040978789329529,0.6262078881263733,-0.055627770721912384,0.4990881383419037,0.6037150621414185,-0.06352212280035019,0.5416145324707031,0.7020453214645386,-0.04093250259757042,0.5349005460739136,0.6645048260688782,-0.054736051708459854,0.5327577590942383,0.6386774182319641,-0.06312690675258636,0.5291145443916321,0.6147351861000061,-0.06930814683437347,0.5650230646133423,0.7228527069091797,-0.05044145882129669,0.564416229724884,0.7043846249580383,-0.06431128084659576,0.5615097880363464,0.6884952187538147,-0.06931626051664352,0.5566177368164062,0.6728013753890991,-0.07271800190210342
34,right,0.3929917812347412,0.7796076536178589,3.308257419121219e-07,0.4283798635005951,0.7669947147369385,-0.01839894987642765,0.4427359402179718,0.749976396560669,-0.03588050976395607,0.41016802191734314,0.7416747212409973,-0.0525779202580452,0.3768041133880615,0.744629979133606,-0.07205380499362946,0.4309541583061218,0.6807786226272583,-0.03738224506378174,0.4319280982017517,0.6472564935684204,-0.06275016814470291,0.4288215637207031,0.627122163772583,-0.08119306713342667,0.4254690408706665,0.6105071902275085,-0.09419620037078857,0.403728723526001,0.68294358253479,-0.0441180020570755,0.4036315083503723,0.6440224051475525,-0.06765524297952652,0.40225380659103394,0.622479259967804,-0.08506377786397934,0.40187767148017883,0.6049966216087341,-0.09801747649908066,0.37806960940361023,0.7005050778388977,-0.05262981727719307,0.3751048445701599,0.6661223769187927,-0.07743129879236221,0.3770887851715088,0.646201491355896,-0.09392975270748138,0.3795583248138428,0.6261255741119385,-0.10502398014068604,0.3552175760269165,0.7273317575454712,-0.06175965443253517,0.3536902666091919,0.7108045220375061,-0.084647536277771,0.35679009556770325,0.6970096230506897,-0.09658709913492203,0.36094051599502563,0.6797071695327759,-0.10514973849058151
34,left,0.5621333718299866,0.773768961429596,3.7811244624208484e-07,0.5261226296424866,0.771134078502655,-0.012274588458240032,0.49929267168045044,0.7644813656806946,-0.02624114230275154,0.5013600587844849,0.7622818946838379,-0.04009866341948509,0.5244501829147339,0.7552782893180847,-0.05542633309960365,0.49537625908851624,0.696689248085022,-0.023972373455762863,0.4890543818473816,0.6598538756370544,-0.040145643055438995,0.48713475465774536,0.6375772356987,-0.05298323184251785,0.48616328835487366,0.614945650100708,-0.06300115585327148,0.5179325342178345,0.6923226714134216,-0.030548566952347755,0.510384202003479,0.6521634459495544,-0.0435616672039032,0.5071978569030762,0.6282169818878174,-0.05318499356508255,0.5042020082473755,0.6053775548934937,-0.06071747839450836,0.5426718592643738,0.7017172574996948,-0.03855691850185394,0.5364452600479126,0.6641162633895874,-0.052411746233701706,0.5352399349212646,0.6395235657691956,-0.059924595057964325,0.5326720476150513,0.6158427000045776,-0.06522025913000107,0.5667901039123535,0.7222086787223816,-0.04746256396174431,0.5659553408622742,0.7021264433860779,-0.06110060587525368,0.5637683272361755,0.6867517828941345,-0.06519436091184616,0.5590677261352539,0.6717825531959534,-0.06774908304214478
35,right,0.39799487590789795,0.7720127105712891,3.372963419678854e-07,0.4377739429473877,0.7565435767173767,-0.021038135513663292,0.45840391516685486,0.7357314229011536,-0.041959818452596664,0.4452706575393677,0.716473400592804,-0.060740888118743896,0.4278428554534912,0.7051993012428284,-0.0832015872001648,0.44329357147216797,0.6844226717948914,-0.06093771755695343,0.446550577878952,0.6524530053138733,-0.09495536983013153,0.4449162483215332,0.6295228004455566,-0.11799762398004532,0.44376620650291443,0.612474262714386,-0.13432396948337555,0.4167196452617645,0.6906848549842834,-0.06884651631116867,0.41922086477279663,0.6521716713905334,-0.10471444576978683,0.42020905017852783,0.6280072331428528,-0.12912486493587494,0.4214935898780823,0.6081687808036804,-0.147422194480896,0.3907172977924347,0.7091023921966553,-0.07745093107223511,0.3907172977924347,0.6774399876594543,-0.11380666494369507,0.39554283022880554,0.6542140245437622,-0.1382080763578415,0.400115042924881,0.6346179842948914,-0.15489083528518677,0.3654927611351013,0.7353085875511169,-0.08593957126140594,0.36683475971221924,0.7135536670684814,-0.11963711678981781,0.3719172179698944,0.6972237825393677,-0.13982908427715302,0.3773824870586395,0.6817179322242737,-0.15485602617263794
35,left,0.5551797151565552,0.7748011350631714,4.1979095044553105e-07,0.518588125705719,0.7748597264289856,-0.01242111437022686,0.49116769433021545,0.7652347087860107,-0.026385828852653503,0.49580147862434387,0.7602282166481018,-0.040113966912031174,0.5225188136100769,0.7538620233535767,-0.055559687316417694,0.4886985719203949,0.6994007229804993,-0.02661019377410412,0.47876742482185364,0.6600971817970276,-0.043374307453632355,0.4745349586009979,0.6357644200325012,-0.0564621239900589,0.4718616306781769,0.6120952367782593,-0.06672800332307816,0.5100317597389221,0.6933459043502808,-0.0332697369158268,0.49976468086242676,0.6536696553230286,-0.04831060394644737,0.4943942129611969,0.6257004141807556,-0.05940472334623337,0.49038147926330566,0.5999030470848083,-0.06783023476600647,0.5336197018623352,0.701583743095398,-0.041164331138134,0.5261722803115845,0.6668317317962646,-0.05659640580415726,0.522830069065094,0.640418291091919,-0.06724433600902557,0.5194035768508911,0.6152598261833191,-0.07477178424596786,0.5568943619728088,0.7202422618865967,-0.049808233976364136,0.5546035170555115,0.701381504535675,-0.0659467801451683,0.5518003106117249,0.685974657535553,-0.073373943567276,0.5473987460136414,0.6698294281959534,-0.07831799983978271
36,right,0.39334794878959656,0.7763116955757141,3.0425920272136864e-07,0.42548617720603943,0.7613955140113831,-0.01354184839874506,0.441440224647522,0.741975724697113,-0.025607481598854065,0.41963955760002136,0.7340314388275146,-0.03754282370209694,0.3945455849170685,0.7375189065933228,-0.052005570381879807,0.42842304706573486,0.6827080845832825,-0.026416199281811714,0.42929714918136597,0.647468626499176,-0.044932711869478226,0.4251403510570526,0.6253295540809631,-0.05852235481142998,0.42063987255096436,0.6062822341918945,-0.06797124445438385,0.4024176299571991,0.6874761581420898,-0.032307881861925125,0.40224722027778625,0.6475781202316284,-0.0483095608651638,0.39978185296058655,0.6237636208534241,-0.06106915697455406,0.398020476102829,0.6029607653617859,-0.07066662609577179,0.377692312002182,0.7064844965934753,-0.039496149867773056,0.37395164370536804,0.6719883680343628,-0.05626925826072693,0.3740759789943695,0.6513901948928833,-0.06801590323448181,0.37540873885154724,0.6302687525749207,-0.07580844312906265,0.35467949509620667,0.7334157824516296,-0.04723290354013443,0.35255250334739685,0.7108101844787598,-0.06204972416162491,0.3529813289642334,0.6942143440246582,-0.06896866112947464,0.35380929708480835,0.6753551363945007,-0.07391348481178284
36,left,0.5610313415527344,0.7756839990615845,3.8058863083278993e-07,0.5236550569534302,0.7723740935325623,-0.011888407170772552,0.49693766236305237,0.7647082805633545,-0.027157368138432503,0.5003944635391235,0.7620711326599121,-0.04235665872693062,0.5273800492286682,0.7545437812805176,-0.05943445488810539,0.49493208527565,0.6990671753883362,-0.02904374524950981,0.4876609742641449,0.6592392325401306,-0.04698626697063446,0.48578476905822754,0.6356679797172546,-0.06030571833252907,0.48418575525283813,0.610783040523529,-0.07096847146749496,0.5191864371299744,0.6958978772163391,-0.03680165112018585,0.5111530423164368,0.6553533673286438,-0.05290331691503525,0.5080223083496094,0.6292423605918884,-0.06341482698917389,0.5047892928123474,0.6031656265258789,-0.0714615061879158,0.5446773767471313,0.7068471908569336,-0.045702457427978516,0.5372023582458496,0.6704407334327698,-0.06273794919252396,0.5351096391677856,0.6432041525840759,-0.07207100838422775,0.531796932220459,0.6156977415084839,-0.07846076041460037,0.5691588521003723,0.7275136709213257,-0.055212534964084625,0.5663231611251831,0.7077316641807556,-0.0726674348115921,0.5636581182479858,0.6905041337013245,-0.07925106585025787,0.5588972568511963,0.6716407537460327,-0.083432637155056
