1,right,0,0,0,0,0,0,0,0,0,0,0,0,0,0,0,0,0,0,0,0,0,0,0,0,0,0,0,0,0,0,0,0,0,0,0,0,0,0,0,0,0,0,0,0,0,0,0,0,0,0,0,0,0,0,0,0,0,0,0,0,0,0,0
1,left,0,0,0,0,0,0,0,0,0,0,0,0,0,0,0,0,0,0,0,0,0,0,0,0,0,0,0,0,0,0,0,0,0,0,0,0,0,0,0,0,0,0,0,0,0,0,0,0,0,0,0,0,0,0,0,0,0,0,0,0,0,0,0
2,right,0,0,0,0,0,0,0,0,0,0,0,0,0,0,0,0,0,0,0,0,0,0,0,0,0,0,0,0,0,0,0,0,0,0,0,0,0,0,0,0,0,0,0,0,0,0,0,0,0,0,0,0,0,0,0,0,0,0,0,0,0,0,0
2,left,0,0,0,0,0,0,0,0,0,0,0,0,0,0,0,0,0,0,0,0,0,0,0,0,0,0,0,0,0,0,0,0,0,0,0,0,0,0,0,0,0,0,0,0,0,0,0,0,0,0,0,0,0,0,0,0,0,0,0,0,0,0,0
3,right,0,0,0,0,0,0,0,0,0,0,0,0,0,0,0,0,0,0,0,0,0,0,0,0,0,0,0,0,0,0,0,0,0,0,0,0,0,0,0,0,0,0,0,0,0,0,0,0,0,0,0,0,0,0,0,0,0,0,0,0,0,0,0
3,left,0.6556397676467896,0.7482953071594238,1.176581676531896e-07,0.6088013648986816,0.7057603001594543,0.021374588832259178,0.5890440344810486,0.640837550163269,0.02944309636950493,0.5857314467430115,0.5900517702102661,0.02797076292335987,0.5898675918579102,0.5582292079925537,0.023231590166687965,0.6027231216430664,0.572060227394104,0.030713088810443878,0.6016691327095032,0.5077292919158936,0.02561761438846588,0.5997284054756165,0.4643937647342682,0.01807691901922226,0.5997956395149231,0.4270743131637573,0.010473287664353848,0.6178984642028809,0.5729580521583557,0.005100938491523266,0.6135429739952087,0.5002917051315308,-0.004049564711749554,0.6095718741416931,0.44901058077812195,-0.014718486927449703,0.6069334745407104,0.4064900875091553,-0.022709375247359276,0.6343399286270142,0.5833953022956848,-0.022004202008247375,0.628528892993927,0.5150736570358276,-0.03367295488715172,0.6214231252670288,0.46710848808288574,-0.04173392429947853,0.6169203519821167,0.4290403425693512,-0.047596126794815063,0.6493353843688965,0.6012251973152161,-0.048766762018203735,0.6393162608146667,0.5433287024497986,-0.05971076712012291,0.6311231851577759,0.5052306652069092,-0.06485824286937714,0.6262643933296204,0.4743316173553467,-0.06945045292377472
4,right,0,0,0,0,0,0,0,0,0,0,0,0,0,0,0,0,0,0,0,0,0,0,0,0,0,0,0,0,0,0,0,0,0,0,0,0,0,0,0,0,0,0,0,0,0,0,0,0,0,0,0,0,0,0,0,0,0,0,0,0,0,0,0
4,left,0.6294090151786804,0.6706207990646362,2.3187406839042524e-07,0.589148759841919,0.6081117391586304,0.027394242584705353,0.5765445232391357,0.54869544506073,0.026408353820443153,0.5753787755966187,0.5034133791923523,0.016884297132492065,0.5736904740333557,0.46582382917404175,0.001963308546692133,0.5937744975090027,0.5025901794433594,-0.019003592431545258,0.5901792049407959,0.4338756799697876,-0.04433370754122734,0.588139533996582,0.3847338557243347,-0.062042269855737686,0.5894378423690796,0.34327030181884766,-0.07670062780380249,0.6060754060745239,0.5184981822967529,-0.05404621362686157,0.5972455143928528,0.43838396668434143,-0.08819415420293808,0.5974952578544617,0.37977534532546997,-0.11272226274013519,0.6003158092498779,0.3306894302368164,-0.13140414655208588,0.6177950501441956,0.5438926815986633,-0.08614849299192429,0.6081690788269043,0.4708292484283447,-0.11945713311433792,0.6080098748207092,0.4167267084121704,-0.14177970588207245,0.610905647277832,0.37194499373435974,-0.15792781114578247,0.6270691752433777,0.5733994841575623,-0.11472376435995102,0.6164743900299072,0.5206366181373596,-0.1459236592054367,0.6116384863853455,0.4806539714336395,-0.16535724699497223,0.6114992499351501,0.4459782838821411,-0.18097686767578125
5,right,0,0,0,0,0,0,0,0,0,0,0,0,0,0,0,0,0,0,0,0,0,0,0,0,0,0,0,0,0,0,0,0,0,0,0,0,0,0,0,0,0,0,0,0,0,0,0,0,0,0,0,0,0,0,0,0,0,0,0,0,0,0,0
5,left,0.609239399433136,0.661888837814331,4.035880749597709e-07,0.5694361925125122,0.6074256300926208,-0.0006444826722145081,0.5614003539085388,0.5380035638809204,-0.0061417086981236935,0.5660505294799805,0.48867130279541016,-0.013896058313548565,0.5668870806694031,0.4527078866958618,-0.023249907419085503,0.5732032060623169,0.4919412434101105,-0.014839264564216137,0.5729230046272278,0.42417097091674805,-0.03408970311284065,0.5746204853057861,0.37587136030197144,-0.048566754907369614,0.580330491065979,0.3326634466648102,-0.058933138847351074,0.5846704244613647,0.5021312236785889,-0.027526937425136566,0.57986980676651,0.4268192648887634,-0.045700553804636,0.5816285014152527,0.37147626280784607,-0.05955019220709801,0.5880594253540039,0.3222324848175049,-0.06942114233970642,0.5965374112129211,0.5248099565505981,-0.04064585641026497,0.59003746509552,0.4523318409919739,-0.05835873261094093,0.5904135704040527,0.40322327613830566,-0.0688760057091713,0.594911515712738,0.36079370975494385,-0.07597481459379196,0.6069106459617615,0.5564224720001221,-0.05390159785747528,0.602042555809021,0.5085640549659729,-0.06934525072574615,0.5992928147315979,0.4727780222892761,-0.07634079456329346,0.5999525189399719,0.44004419445991516,-0.08127222210168839
6,right,0,0,0,0,0,0,0,0,0,0,0,0,0,0,0,0,0,0,0,0,0,0,0,0,0,0,0,0,0,0,0,0,0,0,0,0,0,0,0,0,0,0,0,0,0,0,0,0,0,0,0,0,0,0,0,0,0,0,0,0,0,0,0
6,left,0.6028850674629211,0.668327808380127,3.569985835838452e-07,0.5533891916275024,0.609433650970459,0.0008129924535751343,0.5402628183364868,0.5436241030693054,-0.004937452729791403,0.5413262844085693,0.49228739738464355,-0.013818725012242794,0.5469686985015869,0.4499257504940033,-0.024539055302739143,0.5593296885490417,0.4982543885707855,-0.011425428092479706,0.5558953285217285,0.43260425329208374,-0.03199777379631996,0.5542654991149902,0.38421300053596497,-0.04817839711904526,0.5552043318748474,0.34002697467803955,-0.06061098724603653,0.5713086128234863,0.5071337819099426,-0.0261873546987772,0.5618831515312195,0.4314150810241699,-0.04775053635239601,0.5603261590003967,0.37504327297210693,-0.0651596188545227,0.561898410320282,0.3221036195755005,-0.07785018533468246,0.583031177520752,0.5290194749832153,-0.04163749888539314,0.5723048448562622,0.4556574523448944,-0.0644475668668747,0.5693174600601196,0.4054138660430908,-0.07953688502311707,0.5691506862640381,0.3607184588909149,-0.08953354507684708,0.5915083885192871,0.5592401623725891,-0.056864216923713684,0.5825504660606384,0.5111785531044006,-0.0784696489572525,0.5759623646736145,0.47581541538238525,-0.09038805216550827,0.5729171633720398,0.4409834146499634,-0.09863441437482834
7,right,0.30747678875923157,0.5806798934936523,6.401844530046219e-07,0.3610232174396515,0.5276779532432556,-0.008009224198758602,0.3914567530155182,0.4669130742549896,-0.02012634463608265,0.4250178337097168,0.4268540143966675,-0.03405151888728142,0.45741382241249084,0.4025247395038605,-0.04712699353694916,0.31247836351394653,0.40233275294303894,-0.01865598000586033,0.3623913824558258,0.3427162170410156,-0.045117687433958054,0.3980032503604889,0.30636799335479736,-0.06491754949092865,0.42767876386642456,0.2780553698539734,-0.07807251065969467,0.3039238452911377,0.41486111283302307,-0.03079342655837536,0.36168530583381653,0.3400405943393707,-0.05808623135089874,0.40079134702682495,0.3035847246646881,-0.07480456680059433,0.43409496545791626,0.2757072150707245,-0.08424599468708038,0.3102351427078247,0.4416150450706482,-0.044491395354270935,0.36592817306518555,0.37629038095474243,-0.07022962719202042,0.4037511348724365,0.34243276715278625,-0.07996336370706558,0.4349115490913391,0.3147026300430298,-0.08412174880504608,0.32743048667907715,0.47656288743019104,-0.059115033596754074,0.37567052245140076,0.44220033288002014,-0.07693201303482056,0.4047102630138397,0.4190421998500824,-0.0810939222574234,0.4293035864830017,0.3993842601776123,-0.08273293823003769
7,left,0.5946800708770752,0.6614059805870056,3.9102488358366827e-07,0.5416606068611145,0.6013187170028687,0.0013121548108756542,0.5282305479049683,0.5320333242416382,-0.004307826515287161,0.5293949246406555,0.47643911838531494,-0.012829474173486233,0.5354560017585754,0.4315093159675598,-0.023360949009656906,0.5521104335784912,0.4921596348285675,-0.013061356730759144,0.545936644077301,0.4273431599140167,-0.03336545079946518,0.5434183478355408,0.3798823952674866,-0.048703353852033615,0.5428779125213623,0.3353707790374756,-0.0605161115527153,0.5634956955909729,0.5023206472396851,-0.027650373056530952,0.548424482345581,0.4279467761516571,-0.050001952797174454,0.5444968342781067,0.371340811252594,-0.06694492697715759,0.5437759160995483,0.3168623149394989,-0.07919956743717194,0.5727550387382507,0.5260633826255798,-0.04260619729757309,0.5569579601287842,0.4537279009819031,-0.06598730385303497,0.553267776966095,0.4030603766441345,-0.0799701064825058,0.5535139441490173,0.35707515478134155,-0.08897058665752411,0.5773649215698242,0.5585258603096008,-0.05718069151043892,0.5661587119102478,0.5118060111999512,-0.07873187214136124,0.5600771307945251,0.4763781726360321,-0.08997826278209686,0.5586137175559998,0.44018468260765076,-0.09775640815496445
8,right,0.3378562927246094,0.5651105642318726,5.254530037746008e-07,0.401714026927948,0.5115004181861877,-0.006190772633999586,0.4268305003643036,0.45537069439888,-0.015829749405384064,0.4489705562591553,0.4129174053668976,-0.02824341133236885,0.46471136808395386,0.3819287419319153,-0.03930201008915901,0.35294240713119507,0.37097471952438354,-0.010564727708697319,0.4190812110900879,0.33932116627693176,-0.03374926745891571,0.46217870712280273,0.32759538292884827,-0.05269216001033783,0.49453049898147583,0.32059767842292786,-0.06537820398807526,0.34547364711761475,0.3840830624103546,-0.02021440491080284,0.4228644073009491,0.3509141504764557,-0.0440542958676815,0.46973833441734314,0.3429337739944458,-0.05697452649474144,0.5061150789260864,0.3350045084953308,-0.06485461443662643,0.35080957412719727,0.4099966287612915,-0.03199056535959244,0.4267381429672241,0.3860928416252136,-0.0540989488363266,0.4715535342693329,0.38120537996292114,-0.05958373099565506,0.5047462582588196,0.3753429055213928,-0.06104501336812973,0.3646853566169739,0.4442400336265564,-0.045143887400627136,0.42548540234565735,0.42655837535858154,-0.05921662598848343,0.45830872654914856,0.4184436798095703,-0.061248306185007095,0.4853075444698334,0.40969982743263245,-0.061242882162332535
8,left,0,0,0,0,0,0,0,0,0,0,0,0,0,0,0,0,0,0,0,0,0,0,0,0,0,0,0,0,0,0,0,0,0,0,0,0,0,0,0,0,0,0,0,0,0,0,0,0,0,0,0,0,0,0,0,0,0,0,0,0,0,0,0
9,right,0.3239307403564453,0.5749890208244324,4.939697646477725e-07,0.3873918056488037,0.5119284987449646,-0.002678550546988845,0.4145500957965851,0.4638983905315399,-0.011369959451258183,0.43860822916030884,0.4295249581336975,-0.02368939481675625,0.4606993794441223,0.40471988916397095,-0.0344693548977375,0.33856651186943054,0.3702765107154846,0.00201523769646883,0.41278958320617676,0.36199426651000977,-0.017656894400715828,0.45697492361068726,0.36466163396835327,-0.036321207880973816,0.49132734537124634,0.3709542155265808,-0.04915483668446541,0.33166345953941345,0.38124457001686096,-0.008561317808926105,0.4169435501098633,0.37173810601234436,-0.027826569974422455,0.46319854259490967,0.3761601448059082,-0.040117062628269196,0.5008262991905212,0.3797326683998108,-0.04741973802447319,0.33591538667678833,0.4055066406726837,-0.02137298695743084,0.4204259514808655,0.3980008661746979,-0.039414338767528534,0.4663565158843994,0.39988988637924194,-0.04506697133183479,0.502321720123291,0.40035924315452576,-0.04641154408454895,0.34959205985069275,0.43793177604675293,-0.035547249019145966,0.419775128364563,0.4359681010246277,-0.04619656130671501,0.45298507809638977,0.43918564915657043,-0.046816494315862656,0.47853168845176697,0.4390943646430969,-0.04518510028719902
9,left,0.5884463787078857,0.6517682075500488,2.6246945594721183e-07,0.5282609462738037,0.5949371457099915,0.0030279646161943674,0.5171893239021301,0.5260992050170898,-0.00211649714037776,0.5185166001319885,0.4727621376514435,-0.010158233344554901,0.5227219462394714,0.43093058466911316,-0.020473426207900047,0.552680253982544,0.4852790832519531,-0.012670380063354969,0.54026198387146,0.42225000262260437,-0.031097931787371635,0.533278226852417,0.376520574092865,-0.04536518454551697,0.5282384753227234,0.33215653896331787,-0.05690818652510643,0.5648474097251892,0.4937797486782074,-0.026917580515146255,0.5412375330924988,0.42223355174064636,-0.047132767736911774,0.5324825644493103,0.36878538131713867,-0.061667848378419876,0.5277223587036133,0.3158315122127533,-0.07306692004203796,0.5702182650566101,0.5166324377059937,-0.041339900344610214,0.5469650030136108,0.44486305117607117,-0.06265264749526978,0.539162814617157,0.3974529504776001,-0.07468894124031067,0.5369592905044556,0.3540045917034149,-0.08306287974119186,0.5661693811416626,0.5493024587631226,-0.055317193269729614,0.5524432063102722,0.5041247606277466,-0.07611417770385742,0.5457594394683838,0.47167515754699707,-0.08726149797439575,0.5439125895500183,0.43894559144973755,-0.09550744295120239
10,right,0.2910425662994385,0.5512607097625732,5.483776135406515e-07,0.3465369939804077,0.5048772692680359,-0.008606554009020329,0.37082430720329285,0.4505554735660553,-0.018224220722913742,0.38826361298561096,0.41466760635375977,-0.028558606281876564,0.40369701385498047,0.3897669017314911,-0.03671525791287422,0.2931200861930847,0.35636091232299805,-0.010576494969427586,0.35948216915130615,0.3536987006664276,-0.03288844972848892,0.4003696143627167,0.35844025015830994,-0.052395883947610855,0.43545112013816833,0.368281751871109,-0.06567667424678802,0.280959814786911,0.3670831024646759,-0.017864251509308815,0.35806477069854736,0.36420348286628723,-0.043279364705085754,0.4049636423587799,0.37280336022377014,-0.057360365986824036,0.44556155800819397,0.38185447454452515,-0.06458888947963715,0.280765175819397,0.3929218649864197,-0.02703114040195942,0.3600277006626129,0.3929203450679779,-0.05152812972664833,0.4070495367050171,0.4011737108230591,-0.05830080062150955,0.44394999742507935,0.4051092565059662,-0.058923784643411636,0.2921738922595978,0.428914874792099,-0.03742659091949463,0.36081984639167786,0.42907804250717163,-0.05441093444824219,0.3966993987560272,0.43375077843666077,-0.05702612176537514,0.42419347167015076,0.43301868438720703,-0.055768854916095734
10,left,0.5969342589378357,0.6575267314910889,3.1120274002205406e-07,0.5461248159408569,0.6049028635025024,0.0003434129466768354,0.5309678912162781,0.5390514731407166,-0.005451955366879702,0.5306585431098938,0.48586004972457886,-0.014133392833173275,0.535948634147644,0.44405898451805115,-0.024794802069664,0.5546332597732544,0.4882034659385681,-0.014454294927418232,0.547872006893158,0.4261082410812378,-0.035216785967350006,0.5435811281204224,0.37786543369293213,-0.05119684338569641,0.5420863032341003,0.3336801528930664,-0.06375893950462341,0.5673592686653137,0.49711811542510986,-0.029469121247529984,0.553805410861969,0.42573082447052,-0.052160441875457764,0.5486912131309509,0.36863014101982117,-0.06962423026561737,0.5471885204315186,0.3160298466682434,-0.08247003704309464,0.5775154829025269,0.5201985239982605,-0.0449739545583725,0.5623489618301392,0.45058679580688477,-0.0681694895029068,0.5562577843666077,0.3995867371559143,-0.08275989443063736,0.5546867251396179,0.35370129346847534,-0.09271154552698135,0.5825148224830627,0.5530356764793396,-0.06031448394060135,0.5719588398933411,0.506532609462738,-0.08261428773403168,0.5652056336402893,0.47099775075912476,-0.09476955980062485,0.5628594160079956,0.43494170904159546,-0.10335060209035873
11,right,0.2695229947566986,0.5424859523773193,4.4972532009524e-07,0.3195381164550781,0.4885900318622589,-0.0021143341436982155,0.34173235297203064,0.43436169624328613,-0.010228017345070839,0.36425602436065674,0.39686155319213867,-0.02064867876470089,0.38586166501045227,0.36776235699653625,-0.02954304777085781,0.262520968914032,0.3559510111808777,-0.003996044397354126,0.3267006576061249,0.3340238928794861,-0.02542465552687645,0.3654327094554901,0.34065598249435425,-0.04337996616959572,0.3971237242221832,0.35146385431289673,-0.054797545075416565,0.24815163016319275,0.3664007782936096,-0.013855149038136005,0.3221345841884613,0.335460364818573,-0.03785345330834389,0.36361372470855713,0.347408652305603,-0.05111146345734596,0.39585572481155396,0.3622588515281677,-0.05663596838712692,0.24652153253555298,0.3902825117111206,-0.025000687688589096,0.3164648711681366,0.3658546805381775,-0.046050626784563065,0.3562311828136444,0.37388092279434204,-0.0518043227493763,0.38474947214126587,0.381804883480072,-0.051516029983758926,0.2554011046886444,0.4208078980445862,-0.03674362227320671,0.31237637996673584,0.4025585949420929,-0.05153756961226463,0.3458958864212036,0.3998395800590515,-0.05408163368701935,0.37127718329429626,0.3975665271282196,-0.05250972881913185
11,left,0.60406893491745,0.658611536026001,3.135311885671399e-07,0.5585008263587952,0.6005895733833313,0.009251733310520649,0.5436110496520996,0.5376372933387756,0.003263946855440736,0.5420891642570496,0.4873932898044586,-0.007446040399372578,0.5469191074371338,0.4479979872703552,-0.021309029310941696,0.5653974413871765,0.4911167025566101,-0.018877247348427773,0.5605302453041077,0.4247221052646637,-0.04097295552492142,0.5584093332290649,0.37797674536705017,-0.05679219588637352,0.5585439205169678,0.33548277616500854,-0.06952149420976639,0.5758517980575562,0.5036852359771729,-0.04047955200076103,0.5638411045074463,0.4244430661201477,-0.06508088856935501,0.5625720024108887,0.3683497905731201,-0.08306843042373657,0.5644397735595703,0.31935420632362366,-0.09701108932495117,0.5857053399085999,0.5296705961227417,-0.06116165965795517,0.5740195512771606,0.4545283317565918,-0.08532322943210602,0.5724005699157715,0.40327197313308716,-0.10095874220132828,0.5737884640693665,0.359466016292572,-0.11274534463882446,0.5930595397949219,0.563050389289856,-0.08058260381221771,0.5848289132118225,0.5137603878974915,-0.10420235246419907,0.5799062252044678,0.47595128417015076,-0.11782418191432953,0.577961266040802,0.4389254152774811,-0.12844301760196686
12,right,0.2959097921848297,0.5508765578269958,5.8458817875362e-07,0.34876567125320435,0.5056085586547852,-0.007030609529465437,0.3770274519920349,0.451633095741272,-0.016315335407853127,0.39999499917030334,0.4159412682056427,-0.02676202915608883,0.41895806789398193,0.38929685950279236,-0.03737359866499901,0.3051601052284241,0.3709104657173157,-0.011321532540023327,0.35454800724983215,0.3313513398170471,-0.03018254227936268,0.3881723880767822,0.29890188574790955,-0.047157078981399536,0.41616833209991455,0.2747464179992676,-0.059103477746248245,0.2947641611099243,0.381801038980484,-0.01977587677538395,0.3533680737018585,0.32990509271621704,-0.035923320800065994,0.3907182514667511,0.2977043688297272,-0.047968484461307526,0.42123717069625854,0.27156656980514526,-0.056147146970033646,0.2963400185108185,0.4082261919975281,-0.029566355049610138,0.3513227105140686,0.3630668818950653,-0.04798715561628342,0.38871681690216064,0.3392532467842102,-0.05581844225525856,0.4177812337875366,0.3186320960521698,-0.059885162860155106,0.30968353152275085,0.44502174854278564,-0.04008908569812775,0.362111359834671,0.4207126796245575,-0.05452965199947357,0.39401233196258545,0.4064231812953949,-0.05738876387476921,0.4189518094062805,0.39338359236717224,-0.05806254595518112
12,left,0.5969412922859192,0.6505820751190186,3.8725406170669885e-07,0.5452912449836731,0.5898752212524414,0.0010961589869111776,0.5347661972045898,0.5183966755867004,-0.0043936194851994514,0.5383982062339783,0.46403321623802185,-0.012690247036516666,0.5471327304840088,0.42119163274765015,-0.022954698652029037,0.559712827205658,0.48113182187080383,-0.01293195690959692,0.5536569356918335,0.418221652507782,-0.03267671912908554,0.5513492822647095,0.3712019920349121,-0.04768487066030502,0.5512529015541077,0.32672953605651855,-0.059239570051431656,0.5705731511116028,0.4922749400138855,-0.027082324028015137,0.5554537177085876,0.4204716682434082,-0.04850250110030174,0.551915168762207,0.364164799451828,-0.06451989710330963,0.5518419146537781,0.3103923797607422,-0.07613249123096466,0.5782120227813721,0.5169116854667664,-0.04160425812005997,0.5625645518302917,0.44621458649635315,-0.06379860639572144,0.5587530732154846,0.3962433338165283,-0.07673712819814682,0.5591480731964111,0.3507317900657654,-0.08507521450519562,0.5803297162055969,0.5502886176109314,-0.05585826188325882,0.5692493915557861,0.5044791102409363,-0.07614729553461075,0.5629813075065613,0.4693223834037781,-0.08640708774328232,0.5613105893135071,0.4336870014667511,-0.09348560124635696
13,right,0.3269214332103729,0.5811011791229248,5.129499527356529e-07,0.3950178325176239,0.5261112451553345,-0.005819652229547501,0.42200568318367004,0.47118183970451355,-0.013891167938709259,0.4392581284046173,0.4280688762664795,-0.023764371871948242,0.4492284655570984,0.39186039566993713,-0.03328936919569969,0.3517623543739319,0.38619357347488403,-0.011821852996945381,0.41318970918655396,0.3539169728755951,-0.03255408629775047,0.45376789569854736,0.3331882059574127,-0.05069013312458992,0.4865606427192688,0.31707924604415894,-0.06332654505968094,0.34445691108703613,0.400330513715744,-0.020713917911052704,0.4194818139076233,0.3637377917766571,-0.04014049470424652,0.4649399518966675,0.3441619873046875,-0.052792295813560486,0.5012931227684021,0.327089786529541,-0.06105230748653412,0.34982991218566895,0.42880547046661377,-0.030920997262001038,0.4255434572696686,0.4004560112953186,-0.05009750649333,0.46988779306411743,0.3844816982746124,-0.05666496232151985,0.5035679340362549,0.369554728269577,-0.05943713337182999,0.3636176586151123,0.467101126909256,-0.04221661016345024,0.42711928486824036,0.4476880133152008,-0.056473247706890106,0.460219144821167,0.4335344135761261,-0.05901581048965454,0.4867909848690033,0.4183734953403473,-0.05902176722884178
13,left,0.5656520128250122,0.6156802773475647,1.2974918917052491e-08,0.512697160243988,0.5602188110351562,0.0029140315018594265,0.5047642588615417,0.4961329400539398,-0.002355796517804265,0.5038750767707825,0.44740229845046997,-0.00933695025742054,0.5013351440429688,0.41052424907684326,-0.019516518339514732,0.5370036959648132,0.44652947783470154,-0.026294147595763206,0.5202051401138306,0.3812350630760193,-0.045492369681596756,0.508661687374115,0.34582939743995667,-0.057466570287942886,0.4985530376434326,0.31059354543685913,-0.06798858940601349,0.5515492558479309,0.46075963973999023,-0.04139617830514908,0.5347152948379517,0.39082226157188416,-0.06483787298202515,0.5275967121124268,0.3483251631259918,-0.078562892973423,0.5227524042129517,0.30562537908554077,-0.08962619304656982,0.5605528354644775,0.49345728754997253,-0.055780235677957535,0.5461251735687256,0.4251113533973694,-0.08387844264507294,0.5403659343719482,0.3796970248222351,-0.10012978315353394,0.5373384952545166,0.3362206220626831,-0.11136066168546677,0.5587086081504822,0.5348076820373535,-0.06839991360902786,0.5494709014892578,0.4961550533771515,-0.09742055833339691,0.5449203252792358,0.46278923749923706,-0.11313384026288986,0.5431098341941833,0.4248351752758026,-0.12476342916488647
14,right,0.3359735608100891,0.590142011642456,5.600494432655978e-07,0.4048804044723511,0.5260956287384033,-0.0033689301926642656,0.4304898679256439,0.47166574001312256,-0.011833086609840393,0.4484114944934845,0.43337926268577576,-0.023131968453526497,0.4626026749610901,0.4026826322078705,-0.03357083350419998,0.35870927572250366,0.38046789169311523,-0.005900457501411438,0.4339037239551544,0.37160754203796387,-0.026880519464612007,0.47757261991500854,0.3700803816318512,-0.04556909203529358,0.5125629305839539,0.3706074059009552,-0.05868837609887123,0.3500274419784546,0.39506492018699646,-0.01653488352894783,0.43660804629325867,0.38252437114715576,-0.03794635087251663,0.48212310671806335,0.3831966817378998,-0.050837934017181396,0.5200386643409729,0.38198280334472656,-0.058729879558086395,0.3529720604419708,0.4238637089729309,-0.02881915122270584,0.4368327856063843,0.41380950808525085,-0.048068128526210785,0.48041394352912903,0.41373035311698914,-0.05265478417277336,0.5153226852416992,0.40934571623802185,-0.053680669516325,0.3650854229927063,0.46201997995376587,-0.04238007962703705,0.4343920350074768,0.45462313294410706,-0.0542379766702652,0.46891874074935913,0.4523455500602722,-0.054360900074243546,0.4966029226779938,0.4461427330970764,-0.052682917565107346
14,left,0.5889163017272949,0.647803783416748,1.334632742100439e-07,0.5332841277122498,0.5820221304893494,0.013631743378937244,0.5258834362030029,0.5207362174987793,0.010971002280712128,0.5241588950157166,0.4742896854877472,0.0035139103420078754,0.5211683511734009,0.4363921284675598,-0.0072855595499277115,0.5652980208396912,0.48320508003234863,-0.014363614842295647,0.5468531250953674,0.41733109951019287,-0.032160110771656036,0.5379036664962769,0.3725901246070862,-0.04401194304227829,0.5312012434005737,0.32771939039230347,-0.05427922308444977,0.5749198198318481,0.4940822720527649,-0.034447960555553436,0.5487989783287048,0.41772133111953735,-0.058265406638383865,0.5379273891448975,0.3636476993560791,-0.07378345727920532,0.532664954662323,0.3117125928401947,-0.08630012720823288,0.5752692818641663,0.518764078617096,-0.05290626734495163,0.5522070527076721,0.4436074495315552,-0.07587409019470215,0.5428732633590698,0.39281848073005676,-0.08822251856327057,0.540789008140564,0.348175048828125,-0.09745049476623535,0.5644525289535522,0.5488922595977783,-0.06963341683149338,0.5499796271324158,0.4981538653373718,-0.09269195795059204,0.543951690196991,0.4615113437175751,-0.10566901415586472,0.5437580347061157,0.4244256019592285,-0.11574207246303558
15,right,0.3165319561958313,0.5880154967308044,5.822141133648984e-07,0.38262927532196045,0.5255661010742188,-0.002566237235441804,0.40675151348114014,0.47338348627090454,-0.010492650792002678,0.4304237365722656,0.4382953643798828,-0.0217451099306345,0.45068979263305664,0.4123375415802002,-0.03111904487013817,0.3274678587913513,0.37603747844696045,-7.022514182608575e-06,0.40412139892578125,0.3657818138599396,-0.02013459801673889,0.44846606254577637,0.36861029267311096,-0.03895619884133339,0.48525965213775635,0.37398308515548706,-0.05209818482398987,0.31873539090156555,0.39036935567855835,-0.01036775205284357,0.40339207649230957,0.3814082443714142,-0.03149235621094704,0.4492430090904236,0.38876140117645264,-0.04444024711847305,0.48913705348968506,0.3927256464958191,-0.05214957147836685,0.32329797744750977,0.41872501373291016,-0.02274828962981701,0.406375914812088,0.41254186630249023,-0.042597346007823944,0.453134149312973,0.41766229271888733,-0.04913527891039848,0.49083733558654785,0.41993632912635803,-0.05083515867590904,0.3379767835140228,0.4547027051448822,-0.0362745076417923,0.4074205160140991,0.4505581855773926,-0.049385495483875275,0.44329482316970825,0.45365259051322937,-0.051586270332336426,0.47214388847351074,0.45211291313171387,-0.05080423876643181
15,left,0.5954425930976868,0.6505364179611206,2.6240843453706475e-07,0.5394560098648071,0.5927131772041321,0.0005641083116643131,0.5311525464057922,0.5212789177894592,-0.003315682988613844,0.5336055755615234,0.4669434726238251,-0.009095010347664356,0.5378928184509277,0.42573487758636475,-0.016973352059721947,0.5623794198036194,0.482879102230072,-0.014667412266135216,0.5489569306373596,0.4208168089389801,-0.032682064920663834,0.5421726107597351,0.3738681674003601,-0.046039603650569916,0.5385617017745972,0.3299034833908081,-0.0564853698015213,0.5749116539955139,0.4943650960922241,-0.027433199808001518,0.5523855686187744,0.4216999113559723,-0.04736774414777756,0.5420305728912354,0.36603718996047974,-0.06210620701313019,0.5370284914970398,0.3136081099510193,-0.07314594835042953,0.5806190967559814,0.5189953446388245,-0.04039178416132927,0.5588164925575256,0.4470915198326111,-0.062181100249290466,0.5477495789527893,0.39528822898864746,-0.07556226849555969,0.5432202816009521,0.34819817543029785,-0.08447187393903732,0.5765551924705505,0.5510991215705872,-0.052836429327726364,0.5614595413208008,0.5035957098007202,-0.07423435151576996,0.553038477897644,0.46732303500175476,-0.08560521900653839,0.5505091547966003,0.43033528327941895,-0.09353470057249069
16,right,0.28951430320739746,0.5674171447753906,4.3440994090815366e-07,0.3447797894477844,0.5087380409240723,-0.005613699555397034,0.36613187193870544,0.44992193579673767,-0.013495450839400291,0.3820822834968567,0.4125143885612488,-0.023043204098939896,0.3986126482486725,0.38656920194625854,-0.030931463465094566,0.2857186198234558,0.369941771030426,-0.005354865454137325,0.3552984297275543,0.35575562715530396,-0.02679637260735035,0.3991956114768982,0.3587510287761688,-0.04543118178844452,0.4336661696434021,0.36733758449554443,-0.057226795703172684,0.2741081416606903,0.3837812840938568,-0.01316032838076353,0.35528916120529175,0.3719600439071655,-0.03584112599492073,0.4037068486213684,0.37894758582115173,-0.04841785132884979,0.4411662817001343,0.386860191822052,-0.05456459894776344,0.2753341794013977,0.4113583266735077,-0.022923322394490242,0.35518375039100647,0.39989739656448364,-0.04457499086856842,0.4013664126396179,0.40670812129974365,-0.05099758505821228,0.43495532870292664,0.4117600917816162,-0.0511467419564724,0.28758347034454346,0.44475704431533813,-0.033709149807691574,0.3524954915046692,0.43265509605407715,-0.04755343496799469,0.38638097047805786,0.43424367904663086,-0.049166008830070496,0.4113255739212036,0.4345038831233978,-0.04711517319083214
16,left,0.6066223978996277,0.6555869579315186,3.030693562777742e-07,0.5583969950675964,0.5964676141738892,0.002565158996731043,0.5478857755661011,0.5287635326385498,-0.002456624060869217,0.5497197508811951,0.4775954782962799,-0.010511313565075397,0.5540643334388733,0.43860340118408203,-0.020579980686306953,0.5704813599586487,0.48708388209342957,-0.01327650435268879,0.561303436756134,0.42248600721359253,-0.0324474461376667,0.5572009086608887,0.37553250789642334,-0.04687563329935074,0.5560243129730225,0.33259057998657227,-0.058197833597660065,0.5829975008964539,0.4974820613861084,-0.02834346517920494,0.5673927068710327,0.42170992493629456,-0.04896438121795654,0.5633429288864136,0.36591213941574097,-0.06486094743013382,0.5631774663925171,0.31550800800323486,-0.07685586810112,0.5921095013618469,0.5218061804771423,-0.04351703077554703,0.5757254958152771,0.44793567061424255,-0.06461098045110703,0.5716347098350525,0.3980957269668579,-0.07793852686882019,0.571830153465271,0.3540221154689789,-0.08731743693351746,0.5954622030258179,0.5550861954689026,-0.058276671916246414,0.5848085284233093,0.5068486928939819,-0.07873865962028503,0.5786453485488892,0.47039341926574707,-0.08999617397785187,0.5761425495147705,0.43370968103408813,-0.09823501110076904
17,right,0.2630377411842346,0.5546905994415283,5.903884812141769e-07,0.3144073188304901,0.4972044825553894,-0.005974522791802883,0.3366777300834656,0.44211310148239136,-0.016486776992678642,0.3601440191268921,0.4054099917411804,-0.02825337089598179,0.3838157653808594,0.3785604238510132,-0.038837652653455734,0.2502738833427429,0.36370304226875305,-0.010862084105610847,0.3090991675853729,0.3334271311759949,-0.032545916736125946,0.3471502363681793,0.32368460297584534,-0.05117006227374077,0.38171038031578064,0.31955045461654663,-0.06401294469833374,0.23680946230888367,0.37579232454299927,-0.020297862589359283,0.30931389331817627,0.33806705474853516,-0.043199535459280014,0.35240408778190613,0.33275875449180603,-0.05723106116056442,0.3886110782623291,0.32952556014060974,-0.06532930582761765,0.2378263771533966,0.4032413363456726,-0.0310958418995142,0.3095766007900238,0.3713191747665405,-0.05282679572701454,0.3551427721977234,0.36268946528434753,-0.0611591562628746,0.3902081251144409,0.35445350408554077,-0.06432116776704788,0.24991856515407562,0.4383928179740906,-0.042782220989465714,0.30795302987098694,0.4138205647468567,-0.05954422801733017,0.34202224016189575,0.40382468700408936,-0.06388767808675766,0.3682737946510315,0.3925431966781616,-0.06462671607732773
17,left,0.6099516749382019,0.6503276824951172,3.31102569361974e-07,0.5668225884437561,0.5900566577911377,0.005560495425015688,0.5553469061851501,0.5243339538574219,-0.0007426129304803908,0.5569571852684021,0.47371622920036316,-0.0105282599106431,0.5629727840423584,0.4345000386238098,-0.02317202277481556,0.5715142488479614,0.4845297634601593,-0.02346378192305565,0.5691934823989868,0.4173263907432556,-0.04704247787594795,0.5682434439659119,0.3698576092720032,-0.06329329311847687,0.5703921318054199,0.3264555335044861,-0.07579459995031357,0.5821338891983032,0.49654605984687805,-0.0421890988945961,0.5742859244346619,0.41867199540138245,-0.06709296256303787,0.5753560662269592,0.36259543895721436,-0.08428646624088287,0.5797418355941772,0.3130679130554199,-0.09729177504777908,0.593766450881958,0.5222033858299255,-0.060199882835149765,0.5854480266571045,0.4484885334968567,-0.08493460714817047,0.5858962535858154,0.3981359601020813,-0.10014118254184723,0.5886363983154297,0.3541605472564697,-0.11108143627643585,0.60454261302948,0.556191623210907,-0.07720842212438583,0.5983126759529114,0.5084779858589172,-0.10125972330570221,0.5935338735580444,0.47135913372039795,-0.11458252370357513,0.5916016697883606,0.4349043369293213,-0.12450574338436127
18,right,0.2658267915248871,0.5549532175064087,6.2234551023721e-07,0.3136858642101288,0.49912694096565247,-0.005467731971293688,0.34091877937316895,0.4408666491508484,-0.015599366277456284,0.3706938624382019,0.40443775057792664,-0.027221370488405228,0.3994467258453369,0.3815341293811798,-0.03878578543663025,0.25805607438087463,0.3722374737262726,-0.006890485528856516,0.3109615743160248,0.33095163106918335,-0.02458258345723152,0.34326934814453125,0.30051225423812866,-0.04092080146074295,0.3712834119796753,0.2759229838848114,-0.05303780362010002,0.2462248057126999,0.38161778450012207,-0.01647237129509449,0.31096023321151733,0.32776153087615967,-0.032469913363456726,0.3466714322566986,0.2959548830986023,-0.044538769870996475,0.3779616951942444,0.267715185880661,-0.05322982743382454,0.2463143765926361,0.4041406512260437,-0.02762577123939991,0.30897143483161926,0.35443878173828125,-0.0445365235209465,0.34512460231781006,0.32420897483825684,-0.05357692763209343,0.3754804730415344,0.2958888113498688,-0.05925462767481804,0.2576937675476074,0.43554097414016724,-0.03966915234923363,0.30791541934013367,0.40503209829330444,-0.05468090623617172,0.33622413873672485,0.3856408894062042,-0.06013878434896469,0.36082467436790466,0.36546874046325684,-0.0629364624619484
18,left,0.6104777455329895,0.6519879698753357,3.690198582262383e-07,0.5668688416481018,0.5918397903442383,0.0050771296955645084,0.5556108951568604,0.5238103866577148,-0.0019485193770378828,0.5583317279815674,0.47054558992385864,-0.012257931753993034,0.5680102705955505,0.43120333552360535,-0.025257928296923637,0.5729519724845886,0.4867698848247528,-0.0235238429158926,0.5694304704666138,0.41811731457710266,-0.047078851610422134,0.568970263004303,0.3690706491470337,-0.0629793182015419,0.5708737373352051,0.3252866268157959,-0.07488013803958893,0.5847057700157166,0.5005941987037659,-0.04193273186683655,0.5738595128059387,0.4193856716156006,-0.06687501072883606,0.5747225284576416,0.36011481285095215,-0.08280319720506668,0.5786235332489014,0.3091966509819031,-0.09427808225154877,0.5955814123153687,0.5267356038093567,-0.05970848724246025,0.5829724073410034,0.4473308324813843,-0.0842302069067955,0.5839964747428894,0.3946893513202667,-0.09734898060560226,0.5878833532333374,0.3497539758682251,-0.106200210750103,0.6038312911987305,0.5597376823425293,-0.07655845582485199,0.5951564311981201,0.5085189342498779,-0.10035594552755356,0.5906618237495422,0.4689640998840332,-0.11259571462869644,0.5894153714179993,0.4304260015487671,-0.12115354835987091
19,right,0.29957470297813416,0.573599100112915,3.091134033184062e-07,0.36280950903892517,0.5158206224441528,-0.0027981188613921404,0.3927260637283325,0.457084983587265,-0.009378094226121902,0.40894919633865356,0.41522330045700073,-0.018766209483146667,0.4228212833404541,0.3881217837333679,-0.028129873797297478,0.31898045539855957,0.36986231803894043,-0.004068067763000727,0.37543773651123047,0.3364964723587036,-0.018923740833997726,0.4138904809951782,0.3194141983985901,-0.032572634518146515,0.4446343183517456,0.3102409541606903,-0.0422026664018631,0.3128209710121155,0.3807666301727295,-0.012523851357400417,0.3824422359466553,0.34867197275161743,-0.025754695758223534,0.4228929281234741,0.33596479892730713,-0.03544468432664871,0.4538896679878235,0.3280829191207886,-0.042038287967443466,0.3180193305015564,0.4061022400856018,-0.021922986954450607,0.38685616850852966,0.3829401135444641,-0.03709171339869499,0.42719584703445435,0.3798568546772003,-0.042253438383340836,0.4577701985836029,0.3807867467403412,-0.04366803541779518,0.3313903212547302,0.4396270513534546,-0.03212369605898857,0.3861358165740967,0.4200437068939209,-0.04314284399151802,0.4187612533569336,0.4148458242416382,-0.04412426799535751,0.44536739587783813,0.4125390350818634,-0.042564090341329575
19,left,0.5998048782348633,0.6526098847389221,3.6516365753413993e-07,0.5513889789581299,0.590849757194519,0.0024552487302571535,0.5429861545562744,0.5188648700714111,-0.0026899524964392185,0.5459533929824829,0.4654657244682312,-0.010648693889379501,0.5527917146682739,0.42283502221107483,-0.020628739148378372,0.5686007142066956,0.48403096199035645,-0.012342171743512154,0.5603871941566467,0.4180944561958313,-0.031405314803123474,0.5583348274230957,0.370291531085968,-0.04589647054672241,0.5582318305969238,0.3256196975708008,-0.0571405403316021,0.5801683664321899,0.4953058063983917,-0.026654474437236786,0.5618996620178223,0.4187929630279541,-0.046726398169994354,0.5586345195770264,0.36251378059387207,-0.06217202544212341,0.5578680038452148,0.3088226914405823,-0.0737244114279747,0.5877336263656616,0.5189257860183716,-0.04115068167448044,0.5689836144447327,0.4432927966117859,-0.06245553120970726,0.5655492544174194,0.39303550124168396,-0.07543192058801651,0.5649163722991943,0.3470844030380249,-0.08415540307760239,0.5884941816329956,0.5501981377601624,-0.05513589829206467,0.5773217082023621,0.5029964447021484,-0.07571809738874435,0.5719354748725891,0.467490017414093,-0.08670859783887863,0.5696634650230408,0.4314192533493042,-0.09449176490306854
20,right,0.3622855544090271,0.5783147811889648,7.701476079091663e-07,0.42170488834381104,0.5374472141265869,-0.01524125225841999,0.4541308581829071,0.48403221368789673,-0.029076728969812393,0.48330920934677124,0.4454513490200043,-0.04299701005220413,0.499847948551178,0.40993526577949524,-0.05536717176437378,0.38280993700027466,0.39127230644226074,-0.026364076882600784,0.4536648690700531,0.37145596742630005,-0.055918436497449875,0.5012327432632446,0.3550926744937897,-0.07863018661737442,0.5390849709510803,0.34277018904685974,-0.09314893931150436,0.3758411407470703,0.40755948424339294,-0.03358100727200508,0.46066364645957947,0.3797563910484314,-0.06347239017486572,0.5118793249130249,0.36398008465766907,-0.07983309030532837,0.5528706312179565,0.348242849111557,-0.08892953395843506,0.38134023547172546,0.43853065371513367,-0.042988985776901245,0.46224504709243774,0.41535964608192444,-0.0698593482375145,0.5112146139144897,0.40485870838165283,-0.07695074379444122,0.5480916500091553,0.3933481276035309,-0.0782877653837204,0.39445987343788147,0.47926077246665955,-0.054254744201898575,0.4588446021080017,0.4668583869934082,-0.07244065403938293,0.4932437837123871,0.45453396439552307,-0.07577071338891983,0.5204058289527893,0.4429633319377899,-0.07576266676187515
20,left,0.6007168889045715,0.6521705985069275,2.7719326567421376e-07,0.5462528467178345,0.5874108076095581,0.006078394129872322,0.5372971892356873,0.523480236530304,0.002151865279302001,0.5352147817611694,0.4727082848548889,-0.004782532341778278,0.5355830788612366,0.43060797452926636,-0.013710451312363148,0.5815169811248779,0.48729008436203003,-0.01146356575191021,0.5641058683395386,0.42240995168685913,-0.029800793156027794,0.5564093589782715,0.3758775591850281,-0.04295923560857773,0.5502181649208069,0.33205652236938477,-0.05343519151210785,0.5917868614196777,0.496967077255249,-0.02686278335750103,0.5679411292076111,0.41881829500198364,-0.04874144867062569,0.5575550198554993,0.361471027135849,-0.06417229026556015,0.5510973334312439,0.307473748922348,-0.07601255178451538,0.5917957425117493,0.5194737911224365,-0.04196994751691818,0.5707030892372131,0.4440935254096985,-0.06420360505580902,0.5620436668395996,0.3929368853569031,-0.07682843506336212,0.5587490797042847,0.3469206392765045,-0.08550354838371277,0.5798315405845642,0.5492534041404724,-0.05608590319752693,0.5678483247756958,0.5005161762237549,-0.07834415882825851,0.5620500445365906,0.46433618664741516,-0.0905614122748375,0.560335099697113,0.426786869764328,-0.09937360137701035
21,right,0.35288697481155396,0.5840430855751038,5.987540134810843e-07,0.41669905185699463,0.5293399095535278,-0.008221679367125034,0.44534891843795776,0.4785723388195038,-0.018846116960048676,0.4724785089492798,0.4448411166667938,-0.03122549317777157,0.4969777464866638,0.4201745092868805,-0.04189432039856911,0.37316787242889404,0.37924301624298096,-0.008483742363750935,0.447928249835968,0.3714989721775055,-0.030047686770558357,0.4927031397819519,0.3754122853279114,-0.04910995066165924,0.5291892290115356,0.3837973475456238,-0.062150079756975174,0.3632403314113617,0.3937428295612335,-0.016439616680145264,0.44917556643486023,0.3874875009059906,-0.03901410475373268,0.49676376581192017,0.3975812792778015,-0.0522460974752903,0.5346490740776062,0.40601465106010437,-0.05981872230768204,0.3655204474925995,0.42340612411499023,-0.02644393965601921,0.4504421651363373,0.42144083976745605,-0.04724954813718796,0.4964767098426819,0.4287228584289551,-0.053182438015937805,0.5317472219467163,0.43209415674209595,-0.05430443957448006,0.37689340114593506,0.4612445831298828,-0.037979401648044586,0.44733357429504395,0.46419987082481384,-0.05118285492062569,0.4816915690898895,0.4693811237812042,-0.0530545599758625,0.5079352855682373,0.4695022404193878,-0.051938991993665695
21,left,0.6059718132019043,0.6479763388633728,1.9764473790928605e-07,0.5525603294372559,0.5824247598648071,0.013208840042352676,0.5437732338905334,0.5167983174324036,0.010597572661936283,0.5425384640693665,0.4668212831020355,0.004309572279453278,0.5428777933120728,0.42549076676368713,-0.005438332911580801,0.5811170339584351,0.47798165678977966,-0.022742418572306633,0.5655240416526794,0.4147211015224457,-0.0443817637860775,0.5597290992736816,0.3684791326522827,-0.05791792646050453,0.5557522773742676,0.3250724971294403,-0.0687018409371376,0.5925455689430237,0.4929142892360687,-0.0431351363658905,0.5703498125076294,0.4177836775779724,-0.06870716065168381,0.5627692341804504,0.36211711168289185,-0.0835312232375145,0.5599097609519958,0.31043171882629395,-0.09523744136095047,0.5955158472061157,0.5205293893814087,-0.061949290335178375,0.5768136978149414,0.44737160205841064,-0.08878671377897263,0.5689864754676819,0.3940978944301605,-0.103680819272995,0.5672560334205627,0.34656625986099243,-0.11423750221729279,0.5882771611213684,0.5523536801338196,-0.0784255787730217,0.5743821263313293,0.503678023815155,-0.10711738467216492,0.5677717924118042,0.466467022895813,-0.12349185347557068,0.5672726631164551,0.42915254831314087,-0.13535550236701965
22,right,0.321842759847641,0.5820794701576233,6.289734528763802e-07,0.3870497941970825,0.5159559845924377,-0.005501292180269957,0.4139139652252197,0.4625568985939026,-0.015365410596132278,0.4349912703037262,0.4275846779346466,-0.027906496077775955,0.45060446858406067,0.40088820457458496,-0.039177797734737396,0.3356037139892578,0.3725053668022156,-0.00929495319724083,0.4088587462902069,0.36407342553138733,-0.03592903912067413,0.455792099237442,0.36818796396255493,-0.059323351830244064,0.49487125873565674,0.37706467509269714,-0.07484360784292221,0.32335129380226135,0.38605016469955444,-0.019536003470420837,0.40547654032707214,0.3854941725730896,-0.046996768563985825,0.45752784609794617,0.39191025495529175,-0.06427696347236633,0.5005425810813904,0.3986664414405823,-0.07455222308635712,0.3232491612434387,0.41621097922325134,-0.031729571521282196,0.4061830937862396,0.4193497598171234,-0.05829085782170296,0.45634809136390686,0.4298700988292694,-0.06791284680366516,0.49517613649368286,0.4363543689250946,-0.0705544501543045,0.3325703740119934,0.4530026614665985,-0.04505345970392227,0.4036872982978821,0.45814818143844604,-0.06354556232690811,0.4403858482837677,0.46863073110580444,-0.06768505275249481,0.4686106741428375,0.4743466079235077,-0.06719908118247986
22,left,0.6148820519447327,0.6521771550178528,3.2898927315727633e-07,0.5689136385917664,0.5888001918792725,0.0002624919288791716,0.5614969730377197,0.5188465118408203,-0.005260340869426727,0.5659589171409607,0.4659369885921478,-0.013667020946741104,0.5695948600769043,0.42604100704193115,-0.023985503241419792,0.5838455557823181,0.4810207486152649,-0.013987169601023197,0.5782621502876282,0.4155425727367401,-0.03455834463238716,0.5769726037979126,0.3665703535079956,-0.050485264509916306,0.5790765285491943,0.3206025958061218,-0.06287534534931183,0.5961237549781799,0.4914676249027252,-0.02808971144258976,0.5823029279708862,0.4167841672897339,-0.049983084201812744,0.5810214281082153,0.3596671223640442,-0.0667828842997551,0.5839446187019348,0.30562692880630493,-0.07927390187978745,0.6051815152168274,0.5147401094436646,-0.04267601668834686,0.5889014601707458,0.4415101110935211,-0.0648755431175232,0.5860037803649902,0.39105474948883057,-0.07817446440458298,0.5882236957550049,0.34569233655929565,-0.08721854537725449,0.6089192628860474,0.5461259484291077,-0.05725666508078575,0.5983585119247437,0.4985842704772949,-0.0779891163110733,0.5929800271987915,0.46225693821907043,-0.08910070359706879,0.592287003993988,0.42586392164230347,-0.09710825979709625
23,right,0.28689512610435486,0.558815062046051,4.956205543749093e-07,0.3405977189540863,0.5069862008094788,-0.005162894260138273,0.3630668520927429,0.4473552703857422,-0.014103440567851067,0.3834460377693176,0.40585723519325256,-0.02465856447815895,0.400057315826416,0.37785258889198303,-0.033338140696287155,0.281595915555954,0.3720146417617798,-0.012770146131515503,0.34833094477653503,0.3526802062988281,-0.035082265734672546,0.39045822620391846,0.35166773200035095,-0.05198951065540314,0.42418473958969116,0.35742616653442383,-0.0626642107963562,0.269317626953125,0.3877357244491577,-0.02094908431172371,0.34567633271217346,0.3583120107650757,-0.04467572271823883,0.3897041082382202,0.3634781539440155,-0.054198261350393295,0.4245050549507141,0.3719180226325989,-0.05816805735230446,0.27057400345802307,0.4141576290130615,-0.030655452981591225,0.3448042571544647,0.3868432343006134,-0.05163265019655228,0.387460321187973,0.3876349627971649,-0.053953491151332855,0.4182056188583374,0.39037951827049255,-0.05221907049417496,0.2837386429309845,0.4474356174468994,-0.0413539744913578,0.3416069447994232,0.4250047206878662,-0.05470387637615204,0.3730149269104004,0.4166613519191742,-0.05545501038432121,0.39661094546318054,0.41054198145866394,-0.05374911054968834
23,left,0.6170625686645508,0.6445209980010986,3.2055046972345735e-07,0.5760142803192139,0.5854442715644836,0.006313421297818422,0.5660178661346436,0.5198601484298706,0.00033461317070759833,0.5683756470680237,0.4698965847492218,-0.00942748412489891,0.5755775570869446,0.4330027401447296,-0.022203151136636734,0.5856946110725403,0.4765058159828186,-0.023365357890725136,0.5847974419593811,0.4070824086666107,-0.046780865639448166,0.5850978493690491,0.3594013452529907,-0.0630481168627739,0.5879157781600952,0.31562340259552,-0.07589618116617203,0.5967037081718445,0.4889262914657593,-0.042986106127500534,0.5904920101165771,0.4087375998497009,-0.0680348351597786,0.5926494598388672,0.35317325592041016,-0.0852416530251503,0.5974494814872742,0.3033220171928406,-0.09835364669561386,0.6076428890228271,0.5151111483573914,-0.06186617165803909,0.6007905006408691,0.43911033868789673,-0.08651838451623917,0.6024001836776733,0.38876187801361084,-0.10145764797925949,0.6062029600143433,0.3441060185432434,-0.11245448142290115,0.6168541312217712,0.5494651198387146,-0.07976599782705307,0.6116660237312317,0.5007231831550598,-0.10422636568546295,0.6069088578224182,0.46326878666877747,-0.1178043857216835,0.6048277616500854,0.4267193675041199,-0.1280505657196045
24,right,0.2918942868709564,0.5504881143569946,7.53715255541465e-07,0.3425149619579315,0.49767741560935974,-0.006438927259296179,0.37062180042266846,0.4411523938179016,-0.018111176788806915,0.4032154977321625,0.406625896692276,-0.03094801865518093,0.43407583236694336,0.38445669412612915,-0.044261496514081955,0.2851403057575226,0.3746410310268402,-0.01591815985739231,0.3417721688747406,0.33021456003189087,-0.037239499390125275,0.37638193368911743,0.2966681718826294,-0.05579134821891785,0.4068223237991333,0.2678893804550171,-0.06918437033891678,0.27627143263816833,0.3868589401245117,-0.026390952989459038,0.3413486182689667,0.3250146806240082,-0.04617886245250702,0.3780547082424164,0.2889801263809204,-0.06051354855298996,0.41027331352233887,0.25676482915878296,-0.07047750800848007,0.2813032567501068,0.4118967354297638,-0.037840861827135086,0.34153854846954346,0.35020726919174194,-0.057475198060274124,0.3787808120250702,0.31624752283096313,-0.068030945956707,0.4089724123477936,0.2859305739402771,-0.07445403188467026,0.2973405420780182,0.4453446865081787,-0.0499027743935585,0.34381231665611267,0.4064694344997406,-0.06653618812561035,0.37107616662979126,0.38141003251075745,-0.07248584181070328,0.3947047293186188,0.3586178421974182,-0.07574032992124557
24,left,0.6154407858848572,0.6399916410446167,3.7074406122883374e-07,0.5754886865615845,0.583869457244873,0.0006228733109310269,0.5659767985343933,0.5161615610122681,-0.007156840991228819,0.5705846548080444,0.46358636021614075,-0.017148548737168312,0.5794781446456909,0.4267020523548126,-0.029438475146889687,0.5853332281112671,0.47264108061790466,-0.026644224300980568,0.5830994248390198,0.39998695254325867,-0.050148140639066696,0.584654688835144,0.35100623965263367,-0.06568142026662827,0.5889167189598083,0.3073904514312744,-0.07719611376523972,0.5977643728256226,0.48514464497566223,-0.0423310250043869,0.588035523891449,0.4024246335029602,-0.06622898578643799,0.5916586518287659,0.34516647458076477,-0.08080576360225677,0.598143994808197,0.29575806856155396,-0.09120319038629532,0.6091968417167664,0.511171817779541,-0.057830724865198135,0.5975798964500427,0.4303886890411377,-0.08141620457172394,0.5999146699905396,0.37815046310424805,-0.09383002668619156,0.6057235598564148,0.3333043158054352,-0.10230030119419098,0.6179760694503784,0.5453017354011536,-0.07288666069507599,0.6107778549194336,0.49577343463897705,-0.09696412086486816,0.6068803668022156,0.45599544048309326,-0.10953639447689056,0.6062891483306885,0.4171574115753174,-0.11815164983272552
25,right,0.3231928050518036,0.5749514102935791,3.7552447906819e-07,0.39024269580841064,0.522358775138855,-0.002501013455912471,0.4246858060359955,0.46902570128440857,-0.010531405918300152,0.44624072313308716,0.4306689202785492,-0.02128753811120987,0.46181875467300415,0.4061894118785858,-0.031790006905794144,0.34680503606796265,0.3802117705345154,-0.007777663413435221,0.4071095883846283,0.3452664017677307,-0.023336991667747498,0.446615993976593,0.325663685798645,-0.0374055914580822,0.4783443808555603,0.3128793239593506,-0.0476030632853508,0.3425896465778351,0.3919951319694519,-0.017629139125347137,0.4160464406013489,0.35202836990356445,-0.03195115551352501,0.4587154686450958,0.3339847922325134,-0.042094506323337555,0.4921298027038574,0.32048341631889343,-0.04927799478173256,0.35182371735572815,0.4177568554878235,-0.0281600970774889,0.4244229197502136,0.3856237828731537,-0.0435856394469738,0.46904200315475464,0.3744664192199707,-0.05003323405981064,0.5029494762420654,0.36931711435317993,-0.05293657258152962,0.36997732520103455,0.4518628716468811,-0.03937702998518944,0.4281717538833618,0.42444169521331787,-0.05091872811317444,0.46408703923225403,0.41127654910087585,-0.05314934253692627,0.49435096979141235,0.4022690951824188,-0.05325968563556671
25,left,0.6095850467681885,0.6497429609298706,3.171815592395433e-07,0.5606030821800232,0.5858381986618042,-5.811002483824268e-05,0.5533393025398254,0.5155166387557983,-0.004825094249099493,0.5579372048377991,0.46209049224853516,-0.01200194377452135,0.561981201171875,0.4202972650527954,-0.02068444900214672,0.577579140663147,0.48040422797203064,-0.009496087208390236,0.5696893930435181,0.4155588150024414,-0.027468739077448845,0.5680038332939148,0.36801618337631226,-0.042090147733688354,0.5690892934799194,0.32325905561447144,-0.053641606122255325,0.5906890034675598,0.48910951614379883,-0.021773768588900566,0.5739161968231201,0.41419321298599243,-0.04043903946876526,0.5702667832374573,0.3596956133842468,-0.0553358756005764,0.5708042979240417,0.30805665254592896,-0.06694595515727997,0.5988959670066833,0.5101777911186218,-0.03490608185529709,0.5807069540023804,0.4355604350566864,-0.05471549928188324,0.5756760239601135,0.3867053985595703,-0.06664907187223434,0.5756171345710754,0.34286096692085266,-0.07503613829612732,0.6000563502311707,0.5392360687255859,-0.04810810089111328,0.5882089734077454,0.4914816915988922,-0.06710894405841827,0.5820960998535156,0.45600229501724243,-0.07760096341371536,0.5800624489784241,0.4199597239494324,-0.08538120985031128
26,right,0.3674320578575134,0.5924810171127319,6.758411927876296e-07,0.43094807863235474,0.5288988351821899,-0.006834537722170353,0.46028441190719604,0.47511956095695496,-0.017351564019918442,0.48297804594039917,0.4351123571395874,-0.030041484162211418,0.49941056966781616,0.4044031798839569,-0.041264232248067856,0.3874680697917938,0.3837672173976898,-0.00984047818928957,0.463584303855896,0.36650604009628296,-0.03299557417631149,0.5114642381668091,0.3538447320461273,-0.053337231278419495,0.5491874814033508,0.34493887424468994,-0.06688014417886734,0.3825629651546478,0.40139040350914,-0.019017521291971207,0.4700179100036621,0.3807947039604187,-0.04024043306708336,0.5212408304214478,0.3712978959083557,-0.05289953947067261,0.5630781054496765,0.35936710238456726,-0.060965005308389664,0.39029207825660706,0.4303523600101471,-0.030232831835746765,0.47641104459762573,0.41490650177001953,-0.04909740388393402,0.5247766375541687,0.405193567276001,-0.05339880660176277,0.5623763203620911,0.39392679929733276,-0.05425330996513367,0.40678954124450684,0.4674461781978607,-0.04318835586309433,0.47916755080223083,0.45550045371055603,-0.05369671434164047,0.5152263045310974,0.4467793107032776,-0.05299653485417366,0.5432586073875427,0.4363679587841034,-0.05080588161945343
26,left,0.6072017550468445,0.6420908570289612,3.5918262142331514e-07,0.5510283708572388,0.5745249390602112,0.003975213039666414,0.5418530106544495,0.5074038505554199,-0.0007845729123800993,0.5403621196746826,0.4560636579990387,-0.008224574849009514,0.5400794148445129,0.41422584652900696,-0.017581189051270485,0.5773207545280457,0.47150498628616333,-0.012642946094274521,0.5670739412307739,0.40712466835975647,-0.03211861848831177,0.5642577409744263,0.3597657382488251,-0.046787798404693604,0.5633113384246826,0.31392157077789307,-0.05844457820057869,0.5914303660392761,0.48241499066352844,-0.027179725468158722,0.5736046433448792,0.40640899538993835,-0.04907682165503502,0.5669064521789551,0.3488856554031372,-0.06483444571495056,0.5651448965072632,0.2933622896671295,-0.07722720503807068,0.5968277454376221,0.5067044496536255,-0.041836582124233246,0.5805371403694153,0.4318901598453522,-0.06477688252925873,0.5752322673797607,0.37895268201828003,-0.07800793647766113,0.5757855772972107,0.33147427439689636,-0.087203249335289,0.5901119112968445,0.5392252802848816,-0.05571243166923523,0.5795722007751465,0.49100661277770996,-0.07971661537885666,0.5749269127845764,0.4530680775642395,-0.09321155399084091,0.5755786299705505,0.4141393005847931,-0.10283207148313522
27,right,0.3352047801017761,0.5953889489173889,6.580715421478089e-07,0.4065905511379242,0.5330751538276672,-0.005308339837938547,0.44026729464530945,0.4840392470359802,-0.01575595512986183,0.47352662682533264,0.45123445987701416,-0.029162127524614334,0.4972580075263977,0.4238383173942566,-0.04047158360481262,0.3564881682395935,0.3777875602245331,-0.00021339864179026335,0.4357618987560272,0.3714190721511841,-0.0217229463160038,0.48339495062828064,0.3724554777145386,-0.04216833412647247,0.5231625437736511,0.3774149417877197,-0.05659308657050133,0.34763017296791077,0.391676664352417,-0.01006369199603796,0.4370381236076355,0.3876870274543762,-0.03260260075330734,0.4866027235984802,0.39464467763900757,-0.04669230431318283,0.5296716690063477,0.39846116304397583,-0.055321142077445984,0.3520125150680542,0.4195588231086731,-0.022333063185214996,0.4403935372829437,0.41855043172836304,-0.0423656590282917,0.489582896232605,0.42349493503570557,-0.048133742064237595,0.5292876958847046,0.4240138828754425,-0.04956585913896561,0.36593154072761536,0.4568817615509033,-0.036265648901462555,0.4399563670158386,0.45754915475845337,-0.047665614634752274,0.4758317172527313,0.46017125248908997,-0.04856039583683014,0.5045536756515503,0.4575602114200592,-0.04721137136220932
27,left,0.609154462814331,0.6407648324966431,3.362789300354052e-07,0.5603200793266296,0.5758928656578064,0.0019979572389274836,0.5524196624755859,0.5036069750785828,-0.0024180582258850336,0.5563786029815674,0.45152491331100464,-0.009576285257935524,0.5596588850021362,0.4125514030456543,-0.018781309947371483,0.5749210715293884,0.47023168206214905,-0.013877305202186108,0.569141685962677,0.403889000415802,-0.03359019383788109,0.5685120820999146,0.3552706241607666,-0.048560306429862976,0.5707514882087708,0.3093627691268921,-0.06029929593205452,0.5876874923706055,0.4804495573043823,-0.02789631299674511,0.5727571845054626,0.40593427419662476,-0.048919614404439926,0.5710300207138062,0.3491970896720886,-0.06496354937553406,0.5735350251197815,0.29505810141563416,-0.07716672122478485,0.5975178480148315,0.5036662220954895,-0.042177144438028336,0.5820418000221252,0.43160030245780945,-0.06364879757165909,0.5794094204902649,0.38088977336883545,-0.07737060636281967,0.5811907649040222,0.3351205587387085,-0.08697125315666199,0.6014187335968018,0.5351592302322388,-0.05616718530654907,0.5899519324302673,0.48922914266586304,-0.07687443494796753,0.584311842918396,0.45289841294288635,-0.08883349597454071,0.5834257006645203,0.4156879782676697,-0.09764709323644638
28,right,0.27956223487854004,0.5638810992240906,5.334235879672633e-07,0.34082648158073425,0.50837242603302,-0.008008986711502075,0.3651586174964905,0.45203733444213867,-0.017840193584561348,0.3821784257888794,0.41533562541007996,-0.029073555022478104,0.3991786241531372,0.3908289968967438,-0.03792812302708626,0.2819632887840271,0.3611520528793335,-0.00885571539402008,0.35828739404678345,0.3557659089565277,-0.03134887292981148,0.40387049317359924,0.36208927631378174,-0.05062738060951233,0.4410042464733124,0.3722153604030609,-0.0634240210056305,0.2724853456020355,0.37407371401786804,-0.016651801764965057,0.3595163822174072,0.36847245693206787,-0.04092475399374962,0.4097636044025421,0.3768971264362335,-0.05356375500559807,0.45217734575271606,0.3837849795818329,-0.059994686394929886,0.27560436725616455,0.40096110105514526,-0.02661566250026226,0.3626457154750824,0.3968639373779297,-0.049809977412223816,0.4112822413444519,0.4040091633796692,-0.055466581135988235,0.44876277446746826,0.4073684811592102,-0.05528595298528671,0.29114264249801636,0.4358922839164734,-0.03796732798218727,0.36364495754241943,0.43036460876464844,-0.052334047853946686,0.3998826742172241,0.43325814604759216,-0.05331498384475708,0.42706918716430664,0.4323362112045288,-0.05110079422593117
28,left,0.6018829941749573,0.6257203221321106,3.681453506487742e-07,0.5730903148651123,0.5696439146995544,0.018159661442041397,0.5685926675796509,0.5033392906188965,0.015002579428255558,0.5727944374084473,0.45538264513015747,0.006459381431341171,0.5838833451271057,0.4202260971069336,-0.006835626903921366,0.5802891254425049,0.46871933341026306,-0.025626759976148605,0.5803964138031006,0.40387171506881714,-0.050033170729875565,0.5814069509506226,0.3524555563926697,-0.06483151763677597,0.5860661268234253,0.30897411704063416,-0.07561108469963074,0.590813398361206,0.4823089838027954,-0.051589399576187134,0.5891232490539551,0.40488943457603455,-0.07767146080732346,0.5919761061668396,0.3448731601238251,-0.0917947068810463,0.598844587802887,0.29820409417152405,-0.10195483267307281,0.6030585765838623,0.5083051919937134,-0.07541410624980927,0.6004784107208252,0.4330267310142517,-0.10119181126356125,0.6024168729782104,0.378634512424469,-0.11443986743688583,0.6079035401344299,0.3337327241897583,-0.12351996451616287,0.614661455154419,0.5398831963539124,-0.09668639302253723,0.6096028089523315,0.4862132668495178,-0.1219480112195015,0.606875479221344,0.44681158661842346,-0.1347096711397171,0.6094678640365601,0.4128910303115845,-0.14400073885917664
29,right,0.2584162950515747,0.5636709332466125,5.400385134635144e-07,0.30859485268592834,0.5042418241500854,-0.0041159577667713165,0.3305000364780426,0.44946134090423584,-0.01380015630275011,0.35381558537483215,0.41172999143600464,-0.025656219571828842,0.37663397192955017,0.3839617073535919,-0.03597794845700264,0.2471911907196045,0.3698098361492157,-0.005806345492601395,0.31456679105758667,0.34553155303001404,-0.028227955102920532,0.35707372426986694,0.3460965156555176,-0.04738190770149231,0.3932073712348938,0.3522834777832031,-0.06003425642848015,0.23480230569839478,0.38067975640296936,-0.015090526081621647,0.3121007978916168,0.3497951626777649,-0.03919874504208565,0.35674381256103516,0.3541993498802185,-0.053048305213451385,0.3932031989097595,0.36178314685821533,-0.06020322069525719,0.23524895310401917,0.40519624948501587,-0.02597970701754093,0.30956149101257324,0.37819361686706543,-0.04698754474520683,0.35293951630592346,0.37875741720199585,-0.05356853827834129,0.3859115540981293,0.38129013776779175,-0.05476265400648117,0.2463454157114029,0.43700110912323,-0.037798114120960236,0.30446386337280273,0.4158795475959778,-0.052180323749780655,0.3384607136249542,0.4086368680000305,-0.055396001785993576,0.3653792440891266,0.4019962251186371,-0.05501138046383858
29,left,0.6205271482467651,0.6310750246047974,1.8600124462864187e-07,0.5843996405601501,0.5759044289588928,0.021932967007160187,0.5755501985549927,0.5148489475250244,0.02140171453356743,0.5774101614952087,0.4681069552898407,0.014488243497908115,0.5794928073883057,0.4334656000137329,0.002548500895500183,0.591581404209137,0.4690788984298706,-0.024655429646372795,0.5914252996444702,0.39922285079956055,-0.049987249076366425,0.5912354588508606,0.3499855399131775,-0.06601428240537643,0.594409704208374,0.30897513031959534,-0.07882002741098404,0.6030170321464539,0.48347920179367065,-0.05399258807301521,0.5992282032966614,0.4027303159236908,-0.0854986310005188,0.6018084287643433,0.34340378642082214,-0.1059795692563057,0.6075130105018616,0.29387450218200684,-0.12155517190694809,0.6140129566192627,0.5097997784614563,-0.08073224127292633,0.6128211617469788,0.4360971748828888,-0.11255279928445816,0.6150144338607788,0.38113945722579956,-0.13352227210998535,0.6197689771652222,0.33527788519859314,-0.14853323996067047,0.6240880489349365,0.5415257215499878,-0.10413619130849838,0.6213775873184204,0.48911482095718384,-0.1362982839345932,0.61882483959198,0.4495351314544678,-0.1561158448457718,0.6190397143363953,0.4148249626159668,-0.1713302880525589
30,right,0.27402353286743164,0.5592895150184631,6.062844590815075e-07,0.3278888463973999,0.5016050934791565,-0.005309017840772867,0.3546496629714966,0.44353845715522766,-0.015101202763617039,0.37685781717300415,0.4013287127017975,-0.025905737653374672,0.39059728384017944,0.3668019473552704,-0.03543587774038315,0.2623934745788574,0.37511470913887024,-0.012558907270431519,0.32428690791130066,0.3316573202610016,-0.033161867409944534,0.36527806520462036,0.30981534719467163,-0.05031828209757805,0.39875805377960205,0.2941058278083801,-0.06183531880378723,0.25412967801094055,0.3863148093223572,-0.021831022575497627,0.3281153738498688,0.32873421907424927,-0.040099017322063446,0.37203288078308105,0.30572688579559326,-0.051139961928129196,0.40795236825942993,0.2878801226615906,-0.05840833857655525,0.2594001889228821,0.41038402915000916,-0.03233418986201286,0.33338844776153564,0.36167117953300476,-0.050088271498680115,0.3772481679916382,0.3357047140598297,-0.05636635422706604,0.41114044189453125,0.31309831142425537,-0.05966572463512421,0.2767987549304962,0.441957950592041,-0.04361160844564438,0.33504241704940796,0.4077557623386383,-0.057059451937675476,0.36748987436294556,0.3897307515144348,-0.05915781483054161,0.39367997646331787,0.3739352822303772,-0.0593411847949028
30,left,0.610752284526825,0.634575605392456,3.458921185028885e-07,0.574924647808075,0.5827602744102478,0.0005432158941403031,0.5675168037414551,0.5126512050628662,-0.005884487647563219,0.5728729963302612,0.46070894598960876,-0.014333086088299751,0.5731394290924072,0.4260336756706238,-0.02533690817654133,0.5839167237281799,0.4681151509284973,-0.027532294392585754,0.5837894082069397,0.3981756865978241,-0.051327839493751526,0.5855036377906799,0.3493185043334961,-0.06731434166431427,0.5901773571968079,0.30619698762893677,-0.0790996104478836,0.596159815788269,0.4802037477493286,-0.04332372546195984,0.5921251177787781,0.4010646939277649,-0.0676804631948471,0.5951854586601257,0.34387341141700745,-0.08332032710313797,0.6014195084571838,0.29484128952026367,-0.09451930224895477,0.6082189083099365,0.5065336227416992,-0.058872904628515244,0.6051580905914307,0.43119776248931885,-0.08323206752538681,0.6080837249755859,0.37900665402412415,-0.0969572439789772,0.6137078404426575,0.3336411118507385,-0.10616741329431534,0.6190904378890991,0.5412634015083313,-0.07386810332536697,0.6166642308235168,0.49109137058258057,-0.0977090522646904,0.6141741275787354,0.45108774304389954,-0.1102345883846283,0.6152763366699219,0.4128872752189636,-0.11898116022348404
31,right,0.3420087695121765,0.5835597515106201,5.907012905481679e-07,0.3963519334793091,0.5309001803398132,-0.008073458448052406,0.4286297559738159,0.46742165088653564,-0.015863830223679543,0.45804089307785034,0.4240506589412689,-0.02555476315319538,0.476243793964386,0.3877005875110626,-0.03356990963220596,0.34499067068099976,0.37893709540367126,-0.009277109056711197,0.4104800522327423,0.3369339406490326,-0.030818626284599304,0.45656388998031616,0.3172125816345215,-0.048331331461668015,0.49256476759910583,0.3018181324005127,-0.06007271260023117,0.3420524597167969,0.39119628071784973,-0.018488217145204544,0.41595712304115295,0.3409212529659271,-0.03946733474731445,0.4633362889289856,0.3219617009162903,-0.05161567032337189,0.5020711421966553,0.3092704713344574,-0.058796677738428116,0.35271021723747253,0.4189338684082031,-0.030158057808876038,0.4214789867401123,0.36885175108909607,-0.05009686201810837,0.4661523699760437,0.3435817062854767,-0.05708649754524231,0.5018841624259949,0.3273544907569885,-0.05981123819947243,0.3736397922039032,0.4582277834415436,-0.043316952884197235,0.431009441614151,0.4241328537464142,-0.05608757957816124,0.46556055545806885,0.4068530797958374,-0.05861182138323784,0.49430233240127563,0.39686957001686096,-0.05933826044201851
31,left,0.5970843434333801,0.629165530204773,1.994372667013522e-07,0.553231418132782,0.5712969303131104,0.0027416313532739878,0.5507895946502686,0.5013962984085083,-0.002000803127884865,0.5557430982589722,0.4514271318912506,-0.009478130377829075,0.558168888092041,0.415498286485672,-0.01943753845989704,0.5727430582046509,0.4540078639984131,-0.013955233618617058,0.5685876607894897,0.39107781648635864,-0.03255505859851837,0.566804826259613,0.34739363193511963,-0.046682409942150116,0.5674682259559631,0.3066379129886627,-0.05791180953383446,0.5855329036712646,0.4661467373371124,-0.029273347929120064,0.575021505355835,0.3947194814682007,-0.04801357164978981,0.5742634534835815,0.3448585569858551,-0.062253210693597794,0.5762616991996765,0.29914459586143494,-0.0736733078956604,0.5950533151626587,0.4952177107334137,-0.04468194767832756,0.5816708207130432,0.426838219165802,-0.0655035600066185,0.5807545781135559,0.3809056282043457,-0.07805269956588745,0.5830879807472229,0.3386576473712921,-0.0871233344078064,0.5978648662567139,0.5348618626594543,-0.05950028821825981,0.5878135561943054,0.4932597279548645,-0.07985979318618774,0.5852336287498474,0.4582727253437042,-0.09027467668056488,0.5855112075805664,0.4219859838485718,-0.09819252789020538
32,right,0.3785872757434845,0.6066368818283081,5.497637971529912e-07,0.44176214933395386,0.5433713793754578,-0.005532134789973497,0.46790966391563416,0.49158886075019836,-0.014616303145885468,0.49155277013778687,0.4504563510417938,-0.02570590004324913,0.5101805329322815,0.42239612340927124,-0.03548438474535942,0.38963133096694946,0.40293455123901367,-0.006996681448072195,0.4619223475456238,0.3759925961494446,-0.026601925492286682,0.5069189667701721,0.3571247160434723,-0.04550701752305031,0.5404621362686157,0.34236904978752136,-0.05905982851982117,0.38899579644203186,0.4167017936706543,-0.016079552471637726,0.47296708822250366,0.37998896837234497,-0.032739702612161636,0.5213871598243713,0.3593955338001251,-0.04449034109711647,0.5583256483078003,0.3383270502090454,-0.05343741178512573,0.4005037844181061,0.44159993529319763,-0.026905503123998642,0.4818150997161865,0.40983396768569946,-0.04257512837648392,0.5269902944564819,0.39088404178619385,-0.04721315950155258,0.5605027079582214,0.3725418150424957,-0.04972056299448013,0.41990330815315247,0.47370126843452454,-0.039299238473176956,0.48541972041130066,0.4523186683654785,-0.04832139611244202,0.5173258781433105,0.4382665753364563,-0.047684088349342346,0.5424866676330566,0.423981249332428,-0.04664761945605278
32,left,0.588706374168396,0.6190415620803833,4.628880034829308e-08,0.5422431230545044,0.5472410321235657,0.007323871832340956,0.536541759967804,0.4819357395172119,0.004309105221182108,0.5366031527519226,0.4360983073711395,-0.0019396670395508409,0.5374094247817993,0.397665798664093,-0.011682074517011642,0.5674627423286438,0.4478168487548828,-0.018649837002158165,0.5618621110916138,0.3884291350841522,-0.03989002853631973,0.5591952800750732,0.34863463044166565,-0.055065859109163284,0.5580121278762817,0.30817586183547974,-0.06760250777006149,0.5793399810791016,0.4644160270690918,-0.03720716014504433,0.5706060528755188,0.39615628123283386,-0.06263529509305954,0.5674015879631042,0.3482278287410736,-0.07947979122400284,0.5664687156677246,0.2987014651298523,-0.09215947985649109,0.5867132544517517,0.49667757749557495,-0.055210717022418976,0.5787898302078247,0.42947107553482056,-0.08368328958749771,0.5770465731620789,0.38072365522384644,-0.10033043473958969,0.5775031447410583,0.3348838686943054,-0.11111580580472946,0.5858204960823059,0.536413311958313,-0.07156836241483688,0.5803366899490356,0.49000322818756104,-0.1016700342297554,0.5791752338409424,0.4538097381591797,-0.1178542897105217,0.5798038840293884,0.41689273715019226,-0.12899981439113617
33,right,0.34602344036102295,0.6084725856781006,6.608569833588263e-07,0.4134422242641449,0.5424367785453796,-0.006157791707664728,0.4466661214828491,0.4915039539337158,-0.016529489308595657,0.4793032109737396,0.45609012246131897,-0.02958030439913273,0.5030028820037842,0.42764055728912354,-0.04021751135587692,0.3587726354598999,0.3961923122406006,0.0012001929571852088,0.4388695955276489,0.38456490635871887,-0.020189477130770683,0.4866328239440918,0.38219717144966125,-0.0410422682762146,0.5266719460487366,0.3823090195655823,-0.055974941700696945,0.3519548773765564,0.4096307158470154,-0.008378274738788605,0.44117698073387146,0.39692962169647217,-0.030945051461458206,0.49055808782577515,0.3985639214515686,-0.045897677540779114,0.5341789126396179,0.3973948657512665,-0.055401552468538284,0.35849064588546753,0.43580546975135803,-0.02054702304303646,0.44631725549697876,0.4256182909011841,-0.04077540338039398,0.49556684494018555,0.4253568649291992,-0.046243056654930115,0.5355300903320312,0.42234528064727783,-0.04755399003624916,0.3745281994342804,0.47086068987846375,-0.03452190384268761,0.44675755500793457,0.4623369574546814,-0.045979440212249756,0.48222213983535767,0.45977550745010376,-0.04643276706337929,0.5106149911880493,0.45305758714675903,-0.044965922832489014
33,left,0.6148475408554077,0.6441713571548462,2.587855476576806e-07,0.5665017366409302,0.5833314657211304,-0.0009497070568613708,0.5588483214378357,0.5122776031494141,-0.0052273026667535305,0.5624502301216125,0.45990005135536194,-0.011381166987121105,0.5601387023925781,0.4210812747478485,-0.019287707284092903,0.5836264491081238,0.4790138900279999,-0.015387285500764847,0.575785219669342,0.41101065278053284,-0.0341976173222065,0.5729722380638123,0.3614852726459503,-0.04836098104715347,0.5724552869796753,0.3144090175628662,-0.059507567435503006,0.596844494342804,0.4896339476108551,-0.02760014496743679,0.5816099643707275,0.41284120082855225,-0.047855909913778305,0.5774477124214172,0.3567696213722229,-0.06274116039276123,0.5779492259025574,0.3019689917564392,-0.0739908292889595,0.604889452457428,0.5131457448005676,-0.04006895795464516,0.5891987681388855,0.4375668466091156,-0.06121015176177025,0.5856733322143555,0.3863595426082611,-0.07344721257686615,0.5872488617897034,0.33969250321388245,-0.08167528361082077,0.605422854423523,0.5446181893348694,-0.052469488233327866,0.5957807898521423,0.49570217728614807,-0.07302886247634888,0.592032790184021,0.46052446961402893,-0.08353161811828613,0.5929698944091797,0.4247473180294037,-0.09096252173185349
34,right,0.27755019068717957,0.5862094163894653,6.077092962186725e-07,0.3357795178890228,0.5240236520767212,-0.01220210175961256,0.36049434542655945,0.46560579538345337,-0.024136774241924286,0.3815612196922302,0.42345350980758667,-0.03735993802547455,0.3999848961830139,0.39577585458755493,-0.04732932150363922,0.2703014314174652,0.3731836676597595,-0.010595384985208511,0.35150521993637085,0.36683332920074463,-0.03763069957494736,0.3983694314956665,0.3776422441005707,-0.058825328946113586,0.43679744005203247,0.3902047574520111,-0.07243659347295761,0.25744834542274475,0.3858907222747803,-0.01770085282623768,0.3512592017650604,0.3808666467666626,-0.04668114334344864,0.4016095697879791,0.3922378420829773,-0.060238372534513474,0.4456866681575775,0.3997250497341156,-0.06700504571199417,0.258690744638443,0.4124925136566162,-0.028212398290634155,0.35367581248283386,0.41164419054985046,-0.05597476288676262,0.40396901965141296,0.42011719942092896,-0.061981335282325745,0.44537365436553955,0.4243198335170746,-0.06163104623556137,0.27240821719169617,0.44952476024627686,-0.04070271924138069,0.3514197766780853,0.44808071851730347,-0.05840526893734932,0.39045071601867676,0.45102158188819885,-0.061189789324998856,0.4219156801700592,0.4492126703262329,-0.060156866908073425
34,left,0.633106529712677,0.6503316760063171,3.025361365871504e-07,0.5908321738243103,0.5941023826599121,-0.003599114017561078,0.584800124168396,0.5195211172103882,-0.008729093708097935,0.5891628265380859,0.4664328694343567,-0.01497016940265894,0.5882082581520081,0.42684465646743774,-0.02259182371199131,0.5969194769859314,0.48202458024024963,-0.019483232870697975,0.6000961065292358,0.41272467374801636,-0.04001547396183014,0.6024099588394165,0.36311984062194824,-0.05453220009803772,0.6074957847595215,0.3204174339771271,-0.0649556815624237,0.6118059158325195,0.4927898943424225,-0.031040459871292114,0.6096728444099426,0.41520634293556213,-0.05090427026152611,0.6104711294174194,0.35826581716537476,-0.06530756503343582,0.6154056191444397,0.3076823949813843,-0.0755375325679779,0.6265756487846375,0.5158547759056091,-0.0431675985455513,0.6238166689872742,0.4409857392311096,-0.06366752833127975,0.6240928769111633,0.3903640806674957,-0.07596560567617416,0.6278353929519653,0.34465670585632324,-0.08419729769229889,0.6396476626396179,0.5474345684051514,-0.05540628731250763,0.6362125277519226,0.501913845539093,-0.07607190310955048,0.6321551203727722,0.4653533101081848,-0.0866132378578186,0.6316878199577332,0.43024665117263794,-0.09361542016267776
35,right,0.23633189499378204,0.5586134195327759,3.8619953102170257e-07,0.28797394037246704,0.5083560347557068,-0.009534813463687897,0.31456229090690613,0.4556393027305603,-0.025123992934823036,0.34503301978111267,0.41772696375846863,-0.04257908836007118,0.3749956488609314,0.391944020986557,-0.05940087512135506,0.2280922830104828,0.3718838691711426,-0.02518482878804207,0.2915571630001068,0.33119237422943115,-0.05273931100964546,0.33289703726768494,0.3240942358970642,-0.07351961731910706,0.365799218416214,0.32333746552467346,-0.08756060153245926,0.2133846879005432,0.38587185740470886,-0.03593166545033455,0.28794530034065247,0.3461485505104065,-0.06557291746139526,0.33622750639915466,0.3443133234977722,-0.08064115047454834,0.3724382519721985,0.3467661142349243,-0.08927496522665024,0.21295121312141418,0.41547679901123047,-0.04802780970931053,0.28509190678596497,0.38226109743118286,-0.0764199048280716,0.33448415994644165,0.37997299432754517,-0.08480195701122284,0.3709156811237335,0.3794630169868469,-0.08745989948511124,0.22469761967658997,0.45229148864746094,-0.06105826422572136,0.28578847646713257,0.4329395890235901,-0.08223237842321396,0.3240812420845032,0.4247402548789978,-0.08795316517353058,0.35440269112586975,0.4158124327659607,-0.08978885412216187
35,left,0.6429747939109802,0.6442908644676208,2.0462087491068814e-07,0.6047876477241516,0.5864578485488892,0.02013584040105343,0.5953844785690308,0.5197941064834595,0.01909821294248104,0.5981683731079102,0.4686620831489563,0.011215164326131344,0.5991822481155396,0.42870044708251953,-0.001824447768740356,0.6129737496376038,0.4735943078994751,-0.023611029610037804,0.6145006418228149,0.4047068655490875,-0.048960063606500626,0.615336000919342,0.35715311765670776,-0.06635477393865585,0.6193305253982544,0.31656065583229065,-0.08090026676654816,0.6260449886322021,0.48897719383239746,-0.05480492487549782,0.6238552927970886,0.40897244215011597,-0.08604300022125244,0.6267883777618408,0.35075247287750244,-0.10846731811761856,0.6327166557312012,0.3015822768211365,-0.1262153536081314,0.6383056044578552,0.5157919526100159,-0.08403647691011429,0.638207733631134,0.4443990886211395,-0.11569353193044662,0.6388660669326782,0.39030247926712036,-0.13803134858608246,0.641760528087616,0.34375107288360596,-0.15501835942268372,0.6488143801689148,0.5488646626472473,-0.11060420423746109,0.646009087562561,0.49649059772491455,-0.1427592635154724,0.6417558789253235,0.45720505714416504,-0.16355708241462708,0.6408938765525818,0.4228747487068176,-0.18036286532878876
36,right,0.27761760354042053,0.5614075660705566,7.048711267998442e-07,0.32932835817337036,0.5092083215713501,-0.008408501744270325,0.3558257222175598,0.4487364888191223,-0.019063444808125496,0.3831905722618103,0.408000648021698,-0.030933596193790436,0.4040188789367676,0.3790007531642914,-0.0425386056303978,0.2697266638278961,0.3814574182033539,-0.016084371134638786,0.3160627782344818,0.3283338248729706,-0.038173992186784744,0.3505512475967407,0.2886514663696289,-0.056924968957901,0.3788174092769623,0.2599923014640808,-0.06958391517400742,0.257590651512146,0.3928830623626709,-0.025721758604049683,0.3098311424255371,0.3222007155418396,-0.04551739618182182,0.3478398621082306,0.2801191210746765,-0.05967231094837189,0.37985146045684814,0.249445378780365,-0.06849207729101181,0.261849582195282,0.418785959482193,-0.03664365038275719,0.31622061133384705,0.35625314712524414,-0.05795559659600258,0.3555014729499817,0.32076430320739746,-0.06819020211696625,0.38698166608810425,0.29308247566223145,-0.0735166147351265,0.28039175271987915,0.453067421913147,-0.04833340272307396,0.33888041973114014,0.4189292788505554,-0.06549057364463806,0.37428924441337585,0.39861246943473816,-0.06985745579004288,0.40302860736846924,0.38303855061531067,-0.07119514793157578
36,left,0.6204299330711365,0.642332136631012,3.671599131394032e-07,0.5763625502586365,0.5834637880325317,-0.002526124007999897,0.5722358226776123,0.5101324319839478,-0.007138769142329693,0.5767888426780701,0.4584540128707886,-0.012993077747523785,0.5710502862930298,0.41945338249206543,-0.020605750381946564,0.5875094532966614,0.46950092911720276,-0.01745213381946087,0.5873526930809021,0.4023924469947815,-0.037117015570402145,0.5891731381416321,0.3537846803665161,-0.05169588327407837,0.5946412682533264,0.3097783327102661,-0.062475502490997314,0.6034965515136719,0.4799343943595886,-0.028924282640218735,0.5974980592727661,0.4053668975830078,-0.04727819934487343,0.5979833602905273,0.35118067264556885,-0.06130477413535118,0.6033720970153809,0.30126017332077026,-0.07200787216424942,0.6165961027145386,0.5048624277114868,-0.04103773832321167,0.6106877326965332,0.4335600733757019,-0.06041507050395012,0.6102709174156189,0.38533905148506165,-0.07239650934934616,0.6139090061187744,0.3412918746471405,-0.08090876042842865,0.6244375705718994,0.5392130613327026,-0.053213197737932205,0.6191263198852539,0.4940621852874756,-0.07313140481710434,0.6150397658348083,0.45854824781417847,-0.08386676013469696,0.6147660613059998,0.4239918291568756,-0.09150203317403793
