1,right,0,0,0,0,0,0,0,0,0,0,0,0,0,0,0,0,0,0,0,0,0,0,0,0,0,0,0,0,0,0,0,0,0,0,0,0,0,0,0,0,0,0,0,0,0,0,0,0,0,0,0,0,0,0,0,0,0,0,0,0,0,0,0
1,left,0,0,0,0,0,0,0,0,0,0,0,0,0,0,0,0,0,0,0,0,0,0,0,0,0,0,0,0,0,0,0,0,0,0,0,0,0,0,0,0,0,0,0,0,0,0,0,0,0,0,0,0,0,0,0,0,0,0,0,0,0,0,0
2,right,0,0,0,0,0,0,0,0,0,0,0,0,0,0,0,0,0,0,0,0,0,0,0,0,0,0,0,0,0,0,0,0,0,0,0,0,0,0,0,0,0,0,0,0,0,0,0,0,0,0,0,0,0,0,0,0,0,0,0,0,0,0,0
2,left,0,0,0,0,0,0,0,0,0,0,0,0,0,0,0,0,0,0,0,0,0,0,0,0,0,0,0,0,0,0,0,0,0,0,0,0,0,0,0,0,0,0,0,0,0,0,0,0,0,0,0,0,0,0,0,0,0,0,0,0,0,0,0
3,right,0.25312668085098267,0.673119843006134,1.960257947075661e-07,0.2853088080883026,0.6012592911720276,-0.007446662988513708,0.28413766622543335,0.5234048366546631,-0.013327269814908504,0.27224451303482056,0.4714387059211731,-0.020823968574404716,0.2680729329586029,0.4251435399055481,-0.030786171555519104,0.2518729865550995,0.4830974340438843,-0.02066608890891075,0.23733843863010406,0.4150918424129486,-0.0436205230653286,0.23091024160385132,0.36987972259521484,-0.060536984354257584,0.2271898090839386,0.33005398511886597,-0.07311706990003586,0.23478174209594727,0.5013147592544556,-0.03330584987998009,0.22092269361019135,0.4279195964336395,-0.05839752405881882,0.21414074301719666,0.37646484375,-0.07791440188884735,0.2092386782169342,0.329110324382782,-0.09202056378126144,0.22087408602237701,0.5334386229515076,-0.04754779860377312,0.20749813318252563,0.4620901048183441,-0.07516292482614517,0.20342251658439636,0.4114808440208435,-0.09337451308965683,0.20106926560401917,0.36660659313201904,-0.10529957711696625,0.20862232148647308,0.5758291482925415,-0.061739180237054825,0.2017897367477417,0.5237957835197449,-0.08822344988584518,0.2022128701210022,0.48630261421203613,-0.10225305706262589,0.2041883021593094,0.45201078057289124,-0.11178134381771088
3,left,0,0,0,0,0,0,0,0,0,0,0,0,0,0,0,0,0,0,0,0,0,0,0,0,0,0,0,0,0,0,0,0,0,0,0,0,0,0,0,0,0,0,0,0,0,0,0,0,0,0,0,0,0,0,0,0,0,0,0,0,0,0,0
4,right,0.2727659344673157,0.6380726099014282,5.266662839176206e-08,0.303710401058197,0.572439968585968,-0.005199326667934656,0.29684481024742126,0.4929254651069641,-0.010096636600792408,0.28417450189590454,0.43768420815467834,-0.016765112057328224,0.28344300389289856,0.3920500576496124,-0.025519423186779022,0.2719247341156006,0.44980597496032715,-0.020653966814279556,0.25784969329833984,0.3799160420894623,-0.0420706681907177,0.25148820877075195,0.33797094225883484,-0.057395245879888535,0.2447352558374405,0.3010355234146118,-0.06942932307720184,0.25536268949508667,0.46733996272087097,-0.034563638269901276,0.24468514323234558,0.386126846075058,-0.0579368881881237,0.23703458905220032,0.33573487401008606,-0.07497002184391022,0.22847764194011688,0.29106372594833374,-0.08764210343360901,0.24214790761470795,0.5004250407218933,-0.04974376782774925,0.23378637433052063,0.4233185052871704,-0.07525059580802917,0.22731536626815796,0.37655118107795715,-0.0919598713517189,0.2207106649875641,0.33322855830192566,-0.10357970744371414,0.23162506520748138,0.5436875224113464,-0.06473757326602936,0.22859911620616913,0.4950774312019348,-0.09052307158708572,0.2256239950656891,0.45742812752723694,-0.10453801602125168,0.22221320867538452,0.42021507024765015,-0.11457205563783646
4,left,0,0,0,0,0,0,0,0,0,0,0,0,0,0,0,0,0,0,0,0,0,0,0,0,0,0,0,0,0,0,0,0,0,0,0,0,0,0,0,0,0,0,0,0,0,0,0,0,0,0,0,0,0,0,0,0,0,0,0,0,0,0,0
5,right,0.28268709778785706,0.645163893699646,1.6808519376354525e-07,0.31471070647239685,0.5763222575187683,-0.0031924948561936617,0.3122461438179016,0.4955504536628723,-0.00721973879262805,0.30193015933036804,0.43890297412872314,-0.01338998880237341,0.2957923114299774,0.3897160291671753,-0.02180461399257183,0.28970324993133545,0.45284703373908997,-0.01731538027524948,0.28074654936790466,0.3869727849960327,-0.039253201335668564,0.27466604113578796,0.3407512605190277,-0.05558345466852188,0.2665424942970276,0.300424724817276,-0.06817303597927094,0.2731339633464813,0.46834272146224976,-0.032398346811532974,0.2640606462955475,0.38871997594833374,-0.056404318660497665,0.25597327947616577,0.3357297480106354,-0.07443977892398834,0.24533501267433167,0.2858015298843384,-0.08746043592691422,0.25971704721450806,0.500196099281311,-0.048609409481287,0.25202274322509766,0.4223117232322693,-0.07444734126329422,0.24556763470172882,0.37086060643196106,-0.09033843129873276,0.23794125020503998,0.321125864982605,-0.10099880397319794,0.24908962845802307,0.5434886813163757,-0.06458256393671036,0.2489592432975769,0.48950350284576416,-0.08931539207696915,0.24701638519763947,0.4488624930381775,-0.10181691497564316,0.2442387044429779,0.4085579812526703,-0.11061998456716537
5,left,0.5283378958702087,0.4978802800178528,-1.1915359721115237e-07,0.4587181508541107,0.47197580337524414,5.92587230130448e-06,0.4156416654586792,0.4250195026397705,-0.010109501890838146,0.3776589035987854,0.39998844265937805,-0.023509450256824493,0.3438313603401184,0.3858890235424042,-0.037479862570762634,0.45515182614326477,0.31166672706604004,-0.01271270401775837,0.40176454186439514,0.23916542530059814,-0.03248489275574684,0.36153778433799744,0.21639949083328247,-0.04677506163716316,0.3313041627407074,0.2074286788702011,-0.0550118051469326,0.458322674036026,0.32688361406326294,-0.024520689621567726,0.3897773027420044,0.25547611713409424,-0.04276634752750397,0.34656307101249695,0.2508690655231476,-0.05252031981945038,0.31957828998565674,0.25894659757614136,-0.05788517743349075,0.45612823963165283,0.3578079044818878,-0.03709641844034195,0.387112557888031,0.30187085270881653,-0.052771639078855515,0.34696319699287415,0.3027278184890747,-0.057115692645311356,0.3209838271141052,0.3091288208961487,-0.05831730738282204,0.4483932852745056,0.39723169803619385,-0.04969019815325737,0.3976892828941345,0.3535536527633667,-0.06046154722571373,0.3643512725830078,0.34017008543014526,-0.06223436817526817,0.33937162160873413,0.33193591237068176,-0.06200430169701576
6,right,0.2765045762062073,0.6282037496566772,4.053008950677395e-08,0.31378331780433655,0.5518003702163696,-0.0014210740337148309,0.3198554217815399,0.4770435094833374,-0.006123222876340151,0.3151567280292511,0.42817631363868713,-0.014599639922380447,0.3123278021812439,0.3872341811656952,-0.02393546886742115,0.2775081694126129,0.4044967591762543,0.0040314337238669395,0.273032546043396,0.3387830853462219,-0.014257516711950302,0.27133676409721375,0.30573415756225586,-0.03215847164392471,0.267524391412735,0.277240127325058,-0.046296827495098114,0.2612569034099579,0.4205639660358429,-0.01155809499323368,0.2622779607772827,0.3476242423057556,-0.029829833656549454,0.2629157304763794,0.30696508288383484,-0.04671308025717735,0.2602042257785797,0.26943400502204895,-0.059624820947647095,0.2505881190299988,0.4517817497253418,-0.029841193929314613,0.25480759143829346,0.3824964761734009,-0.04982546716928482,0.2563244700431824,0.3401419222354889,-0.06111738830804825,0.25471147894859314,0.2988682985305786,-0.06939711421728134,0.24525108933448792,0.49631595611572266,-0.04885585233569145,0.25180941820144653,0.4522362947463989,-0.06716649234294891,0.25407499074935913,0.41666537523269653,-0.07371720671653748,0.2550728917121887,0.37870970368385315,-0.07836633920669556
6,left,0.4941560924053192,0.5218052268028259,-2.4047577085184457e-07,0.4230046272277832,0.4838290214538574,0.004587159957736731,0.3857285976409912,0.43079429864883423,-0.0008797227637842298,0.3489381670951843,0.3969954550266266,-0.009014288894832134,0.31679198145866394,0.37353450059890747,-0.018322711810469627,0.44798824191093445,0.331108033657074,-0.006833944469690323,0.3684842586517334,0.3006599247455597,-0.02092486433684826,0.32298383116722107,0.2919263243675232,-0.033329904079437256,0.28752565383911133,0.28505152463912964,-0.042489323765039444,0.44819125533103943,0.34095337986946106,-0.01897810399532318,0.35892370343208313,0.29959240555763245,-0.033239029347896576,0.3081570267677307,0.2873324751853943,-0.04622609540820122,0.2645486891269684,0.2734690308570862,-0.05711882561445236,0.43961694836616516,0.36374175548553467,-0.030651623383164406,0.3559587895870209,0.3247166574001312,-0.042987190186977386,0.30872076749801636,0.3082483410835266,-0.05079624801874161,0.2701902985572815,0.28906747698783875,-0.05769118294119835,0.42252326011657715,0.39649641513824463,-0.041970331221818924,0.3603328466415405,0.3730173707008362,-0.05139270797371864,0.3251121938228607,0.36299580335617065,-0.054343000054359436,0.2959425747394562,0.35025009512901306,-0.05720560997724533
7,right,0.27211958169937134,0.6462999582290649,1.4228822919903905e-07,0.30989915132522583,0.5707427263259888,0.0003939107700716704,0.30773329734802246,0.4957818388938904,-0.0011637939605861902,0.29681360721588135,0.44776052236557007,-0.006309789605438709,0.28719231486320496,0.40818649530410767,-0.013410241343080997,0.28304609656333923,0.4376445412635803,-0.0005993695231154561,0.2726917862892151,0.37080031633377075,-0.018350038677453995,0.26547971367836,0.3255164623260498,-0.03436167538166046,0.25771456956863403,0.2841205298900604,-0.04689139127731323,0.2668589651584625,0.45003214478492737,-0.015928925946354866,0.2599234879016876,0.3720051646232605,-0.03421707823872566,0.2520599365234375,0.31886816024780273,-0.05138701945543289,0.24390992522239685,0.2668115794658661,-0.06390437483787537,0.25245150923728943,0.47901445627212524,-0.03301301598548889,0.24836622178554535,0.39715269207954407,-0.05377883091568947,0.24444755911827087,0.34735769033432007,-0.06848437339067459,0.24003992974758148,0.29911166429519653,-0.07850003987550735,0.23983906209468842,0.5208373665809631,-0.050067126750946045,0.23989132046699524,0.47104141116142273,-0.0706695169210434,0.24096570909023285,0.4325052499771118,-0.08076599985361099,0.24340713024139404,0.3927648067474365,-0.08753743022680283
7,left,0.5008941888809204,0.5375856757164001,-5.817928467877209e-07,0.42857441306114197,0.4888142943382263,0.011282662861049175,0.39695343375205994,0.44033282995224,0.007050975225865841,0.3715270161628723,0.4111553728580475,-0.0022250134497880936,0.3541233241558075,0.3884720206260681,-0.012646690011024475,0.4761531949043274,0.3389666676521301,0.0075714378617703915,0.39594438672065735,0.33117908239364624,-0.0065026795491576195,0.3503718376159668,0.3457450270652771,-0.022025449201464653,0.31860893964767456,0.3577840328216553,-0.03321336954832077,0.4787200391292572,0.34543564915657043,-0.007415978237986565,0.3859066963195801,0.32826298475265503,-0.01988431252539158,0.3410107493400574,0.34748804569244385,-0.034194737672805786,0.3075871169567108,0.3605418801307678,-0.04612783342599869,0.4714275598526001,0.3642089068889618,-0.02215270698070526,0.3849533796310425,0.34408703446388245,-0.0353517010807991,0.3386402726173401,0.35526955127716064,-0.04384257271885872,0.30294451117515564,0.3629245460033417,-0.05054895207285881,0.45332071185112,0.39434105157852173,-0.035861819982528687,0.3863413631916046,0.3843511641025543,-0.04667340964078903,0.3512459695339203,0.38750213384628296,-0.050451114773750305,0.32182830572128296,0.386744886636734,-0.0532427541911602
8,right,0.25451987981796265,0.626837968826294,3.385633329244797e-09,0.29007819294929504,0.5531991720199585,0.023057246580719948,0.2857948839664459,0.4811742305755615,0.024475304409861565,0.2788633704185486,0.43508633971214294,0.01693197339773178,0.274395227432251,0.3899150490760803,0.004014139994978905,0.2606169581413269,0.42851218581199646,-0.0056561133824288845,0.24970141053199768,0.36259329319000244,-0.027132472023367882,0.2446582317352295,0.3176504671573639,-0.04469349607825279,0.23793870210647583,0.2793508768081665,-0.060786426067352295,0.24781940877437592,0.44670990109443665,-0.04111534357070923,0.23883812129497528,0.36453011631965637,-0.07072723656892776,0.23253153264522552,0.30900806188583374,-0.09551210701465607,0.22356265783309937,0.26003527641296387,-0.11546312272548676,0.23679867386817932,0.47795990109443665,-0.07579126209020615,0.23109737038612366,0.4025138318538666,-0.10709165781736374,0.22701531648635864,0.3490855097770691,-0.13109424710273743,0.22157453000545502,0.29851269721984863,-0.149885892868042,0.22932815551757812,0.5183234810829163,-0.1078769713640213,0.22852423787117004,0.4635179042816162,-0.14010009169578552,0.22829493880271912,0.4214036762714386,-0.16055937111377716,0.2279389649629593,0.38115766644477844,-0.1775633543729782
8,left,0.5509671568870544,0.5679765939712524,-6.672690346931631e-07,0.49201855063438416,0.5232742428779602,0.01329606119543314,0.45237621665000916,0.47738775610923767,0.014918828383088112,0.41647639870643616,0.4506528675556183,0.011026919819414616,0.3899122476577759,0.4301925301551819,0.005627718288451433,0.5079825520515442,0.38081660866737366,0.015821168199181557,0.4457954466342926,0.3688439726829529,0.006946881301701069,0.4059431254863739,0.3845045864582062,-0.0047910623252391815,0.3750040531158447,0.3993529975414276,-0.013285161927342415,0.5187329053878784,0.3870471119880676,0.0013725144090130925,0.4436781406402588,0.3717620372772217,-0.009087515994906425,0.39932170510292053,0.3896089494228363,-0.023941954597830772,0.3647371232509613,0.4087318480014801,-0.03480622544884682,0.523132860660553,0.4062234163284302,-0.012916721403598785,0.44806498289108276,0.3894028663635254,-0.02434266172349453,0.40496376156806946,0.39998698234558105,-0.0333159975707531,0.37080100178718567,0.41334956884384155,-0.038747649639844894,0.5219572186470032,0.4374752342700958,-0.025786511600017548,0.45978572964668274,0.4198007583618164,-0.034684449434280396,0.42331042885780334,0.420916885137558,-0.03629205748438835,0.39332568645477295,0.42417407035827637,-0.036010369658470154
9,right,0.2520247995853424,0.6338370442390442,6.659005435949439e-08,0.2886027991771698,0.5559332966804504,0.020744502544403076,0.28259211778640747,0.4817121922969818,0.022430162876844406,0.27443888783454895,0.4332782030105591,0.016286175698041916,0.2726837992668152,0.38759616017341614,0.005234877113252878,0.25332820415496826,0.4389033019542694,-0.008636165410280228,0.24527403712272644,0.37428736686706543,-0.029640844091773033,0.24056658148765564,0.3275458812713623,-0.046173095703125,0.23314860463142395,0.2866930365562439,-0.06132236868143082,0.2395792007446289,0.4566805958747864,-0.03997360169887543,0.2331441342830658,0.37583234906196594,-0.06694338470697403,0.22707603871822357,0.31889086961746216,-0.09002260118722916,0.21765345335006714,0.26808881759643555,-0.10939589887857437,0.22842329740524292,0.4869999587535858,-0.07037028670310974,0.22629359364509583,0.41085875034332275,-0.09882420301437378,0.2224722057580948,0.35662931203842163,-0.12207704782485962,0.21645799279212952,0.3090061545372009,-0.14073024690151215,0.22163906693458557,0.525454044342041,-0.09821358323097229,0.22488859295845032,0.46918153762817383,-0.12847153842449188,0.22528702020645142,0.42565810680389404,-0.14947158098220825,0.22433710098266602,0.3858574628829956,-0.16698452830314636
9,left,0.5870862007141113,0.5961469411849976,-5.754217227149638e-07,0.5369993448257446,0.5449453592300415,0.0017015257617458701,0.5164945721626282,0.49350082874298096,-0.003367177676409483,0.5003443956375122,0.46190571784973145,-0.012232162989675999,0.4920223355293274,0.4376458525657654,-0.021496564149856567,0.5556578636169434,0.40953192114830017,-0.005345281679183245,0.5237230062484741,0.38231360912323,-0.031101182103157043,0.48842328786849976,0.4018299877643585,-0.05103142559528351,0.4631725549697876,0.42952650785446167,-0.06261026859283447,0.5714953541755676,0.42064782977104187,-0.018749140202999115,0.530524730682373,0.38688772916793823,-0.04709907993674278,0.4873883128166199,0.41055020689964294,-0.06539686769247055,0.4589824676513672,0.43852663040161133,-0.07468770444393158,0.5830996036529541,0.44520846009254456,-0.033661678433418274,0.5427789688110352,0.41431987285614014,-0.06119973585009575,0.4995599091053009,0.43022421002388,-0.07396837323904037,0.4705222547054291,0.4530779719352722,-0.07773692160844803,0.5885604619979858,0.48167741298675537,-0.04797956719994545,0.549384355545044,0.4609924852848053,-0.06781463325023651,0.5180569887161255,0.46069127321243286,-0.07494179904460907,0.4944661259651184,0.46521446108818054,-0.07669448852539062
10,right,0.27416449785232544,0.6387637257575989,1.80566345875377e-07,0.3036231994628906,0.5743811130523682,-0.006981292739510536,0.3023987114429474,0.49677401781082153,-0.01046174019575119,0.292957603931427,0.4423602521419525,-0.01547275297343731,0.28514978289604187,0.39546889066696167,-0.021428707987070084,0.27672383189201355,0.4466071128845215,-0.00820186547935009,0.26629289984703064,0.38030871748924255,-0.027547664940357208,0.2596482038497925,0.3327574133872986,-0.04338875785470009,0.2518005967140198,0.29160067439079285,-0.05480869114398956,0.26193031668663025,0.4579678475856781,-0.018763190135359764,0.25249385833740234,0.3803964853286743,-0.038219597190618515,0.24489560723304749,0.3253289461135864,-0.05362001061439514,0.23556143045425415,0.2740909457206726,-0.0639846995472908,0.2493957281112671,0.4837774336338043,-0.03146308287978172,0.24129444360733032,0.40606188774108887,-0.0524880513548851,0.23596787452697754,0.35546427965164185,-0.06437679380178452,0.22874554991722107,0.30696383118629456,-0.0714941918849945,0.23871983587741852,0.5216890573501587,-0.044838327914476395,0.23754915595054626,0.46997183561325073,-0.06468591094017029,0.23540601134300232,0.43043625354766846,-0.07318862527608871,0.2315523475408554,0.3917432725429535,-0.07827767729759216
10,left,0.6276668906211853,0.5722388625144958,-2.471111031354667e-07,0.5655425786972046,0.5274399518966675,-0.0014840897638350725,0.5258646607398987,0.46748167276382446,-0.009773481637239456,0.4890620708465576,0.4347790777683258,-0.02064637467265129,0.4553857743740082,0.4086848497390747,-0.03168748319149017,0.6123326420783997,0.38509953022003174,-0.006249602418392897,0.5479536056518555,0.3463585376739502,-0.026252420619130135,0.505307674407959,0.33401060104370117,-0.04438021034002304,0.473355770111084,0.3307892084121704,-0.05720412731170654,0.6228842735290527,0.3929101824760437,-0.01953049562871456,0.5439257025718689,0.34165269136428833,-0.03972381353378296,0.49353572726249695,0.3217942714691162,-0.05627889558672905,0.4526679515838623,0.3058817982673645,-0.06748145073652267,0.624823808670044,0.4151550233364105,-0.0339273065328598,0.5467854142189026,0.36028581857681274,-0.056331817060709,0.49880632758140564,0.335244745016098,-0.06602266430854797,0.45881393551826477,0.31304144859313965,-0.07091812044382095,0.6144888997077942,0.44946548342704773,-0.048024263232946396,0.5599309206008911,0.4210435748100281,-0.06849246472120285,0.5261257886886597,0.39955225586891174,-0.07498017698526382,0.4980083405971527,0.3775348663330078,-0.07781732082366943
11,right,0.2844162583351135,0.6417665481567383,2.512567505164043e-07,0.31785041093826294,0.5794246792793274,-0.006174819078296423,0.31708627939224243,0.5068932175636292,-0.01211121492087841,0.3016009032726288,0.45923951268196106,-0.019962286576628685,0.28839346766471863,0.4237641990184784,-0.02949836663901806,0.2923169434070587,0.4492458403110504,-0.013022525236010551,0.28983160853385925,0.384906530380249,-0.03565438091754913,0.2879318594932556,0.3373869061470032,-0.054152850061655045,0.2843649089336395,0.2948712706565857,-0.06783705949783325,0.27779218554496765,0.4610571265220642,-0.025935007259249687,0.27746355533599854,0.38453972339630127,-0.048438072204589844,0.2741805911064148,0.33086419105529785,-0.06650236994028091,0.26807335019111633,0.278554230928421,-0.0791768729686737,0.2661227285861969,0.48890429735183716,-0.040627822279930115,0.26668742299079895,0.4128292500972748,-0.06425905227661133,0.2652200162410736,0.3629113733768463,-0.0781480148434639,0.26090165972709656,0.31350722908973694,-0.08713366836309433,0.25709056854248047,0.5287774205207825,-0.05584936589002609,0.2615433633327484,0.47881075739860535,-0.07771622389554977,0.2639206051826477,0.4398575723171234,-0.08746320754289627,0.26610809564590454,0.3999052941799164,-0.09387962520122528
11,left,0.5728333592414856,0.543956995010376,-1.0142550621594637e-07,0.5142191052436829,0.5135396718978882,0.002504971344023943,0.4718187749385834,0.46097928285598755,-0.006785059813410044,0.4337313771247864,0.4270387887954712,-0.017165888100862503,0.3995456397533417,0.4045252203941345,-0.0282627921551466,0.5470299124717712,0.3796769380569458,-0.026442913338541985,0.47446319460868835,0.3252359628677368,-0.04162897914648056,0.4370653033256531,0.30899402499198914,-0.048206232488155365,0.4094120264053345,0.2992282211780548,-0.051806285977363586,0.5497010946273804,0.39601239562034607,-0.037898097187280655,0.46990641951560974,0.32846274971961975,-0.053555313497781754,0.42972928285598755,0.30897969007492065,-0.05926170200109482,0.39793169498443604,0.2961643636226654,-0.06336573511362076,0.5410242676734924,0.4234512448310852,-0.047708190977573395,0.4605655372142792,0.3664954602718353,-0.06233218312263489,0.42757683992385864,0.3605858087539673,-0.062380317598581314,0.4035670757293701,0.3554297387599945,-0.06144579499959946,0.520856499671936,0.4582492709159851,-0.05657082423567772,0.46010008454322815,0.41710638999938965,-0.06982448697090149,0.425676167011261,0.3965790569782257,-0.07150842249393463,0.39733490347862244,0.3766327202320099,-0.07180511206388474
12,right,0.3024676740169525,0.6058740615844727,3.2967328422728315e-08,0.3422585427761078,0.5257461071014404,0.012329024262726307,0.3559224605560303,0.45755869150161743,0.01629376970231533,0.3591265380382538,0.41504454612731934,0.014324930496513844,0.35565364360809326,0.38578179478645325,0.011683627031743526,0.3067626655101776,0.4013994038105011,0.027423175051808357,0.30679163336753845,0.3412953317165375,0.022204073145985603,0.30741313099861145,0.3109012842178345,0.011890633963048458,0.30424395203590393,0.2808595895767212,0.002120249904692173,0.29314953088760376,0.4143548905849457,0.010292653925716877,0.2938001751899719,0.3521084785461426,0.005055146757513285,0.2946665585041046,0.3132777810096741,-0.006941147614270449,0.29074814915657043,0.27455049753189087,-0.01777687296271324,0.28678658604621887,0.43960505723953247,-0.0083472840487957,0.2873418927192688,0.3803069293498993,-0.015636879950761795,0.28750115633010864,0.3439154326915741,-0.0224989615380764,0.2843002378940582,0.3077743947505951,-0.029367752373218536,0.28866976499557495,0.4732189476490021,-0.026978660374879837,0.29161760210990906,0.43768319487571716,-0.03350962698459625,0.29007452726364136,0.409396231174469,-0.03449505195021629,0.2882879972457886,0.3785974681377411,-0.036420855671167374
12,left,0.5215291976928711,0.5459611415863037,-5.8436563676878e-07,0.4386438727378845,0.4963511824607849,0.004526323638856411,0.4058341383934021,0.4446147084236145,-0.006414999719709158,0.3769308626651764,0.4090782105922699,-0.021385885775089264,0.35044652223587036,0.38760972023010254,-0.038200344890356064,0.4794950485229492,0.342003732919693,-0.014773719012737274,0.3937816023826599,0.29891765117645264,-0.03656625375151634,0.34552231431007385,0.2965986132621765,-0.05322428420186043,0.31412601470947266,0.29762002825737,-0.0639054924249649,0.48964405059814453,0.35681846737861633,-0.027957461774349213,0.3854954242706299,0.318619042634964,-0.0468287467956543,0.33588558435440063,0.32446837425231934,-0.05935036018490791,0.3057567775249481,0.3280631899833679,-0.07071512192487717,0.48800474405288696,0.3861364424228668,-0.04089541733264923,0.3900502026081085,0.3684968948364258,-0.05802454054355621,0.3502212166786194,0.3819224536418915,-0.061217743903398514,0.32863909006118774,0.39060360193252563,-0.06446515768766403,0.47351789474487305,0.4245463013648987,-0.053672127425670624,0.40558239817619324,0.4100474715232849,-0.06481199711561203,0.37077516317367554,0.4110463559627533,-0.06509590893983841,0.3457033634185791,0.4082906246185303,-0.06581497937440872
13,right,0.2844538688659668,0.6422319412231445,1.9196041023405996e-07,0.3302740454673767,0.5687194466590881,0.005659738089889288,0.33120542764663696,0.4962514638900757,0.002316783182322979,0.32740843296051025,0.4527171552181244,-0.005883425008505583,0.3295288383960724,0.41413649916648865,-0.0163628701120615,0.2842143177986145,0.4531184434890747,-0.008979136124253273,0.2897053062915802,0.38553404808044434,-0.031060252338647842,0.29120320081710815,0.33645060658454895,-0.049479588866233826,0.29043325781822205,0.2910653054714203,-0.06412556022405624,0.27352046966552734,0.4686470031738281,-0.029282666742801666,0.282459020614624,0.38619914650917053,-0.053598299622535706,0.28173965215682983,0.328433096408844,-0.0736316442489624,0.276563823223114,0.2712993621826172,-0.08828726410865784,0.26998016238212585,0.4967080354690552,-0.050159525126218796,0.27892744541168213,0.4140448272228241,-0.07446349412202835,0.27949777245521545,0.3595283031463623,-0.0910138189792633,0.27434825897216797,0.3084835708141327,-0.10244894027709961,0.2745034694671631,0.531599760055542,-0.07057947665452957,0.2830820381641388,0.4761606752872467,-0.09223832935094833,0.28372713923454285,0.4346798062324524,-0.10384949296712875,0.2818233370780945,0.39661574363708496,-0.11250854283571243
13,left,0.527351975440979,0.5636516213417053,-6.722405032633105e-07,0.4488403797149658,0.5052242875099182,0.007934007793664932,0.41293761134147644,0.4555538296699524,0.0018840752309188247,0.3846501111984253,0.4207635819911957,-0.008507807739078999,0.365010142326355,0.3924901485443115,-0.0198126919567585,0.4894458055496216,0.3490450382232666,0.0010860833572223783,0.4028317928314209,0.35542893409729004,-0.013272153213620186,0.35632961988449097,0.3736512064933777,-0.028272701427340508,0.32406386733055115,0.38298144936561584,-0.03905132785439491,0.49537843465805054,0.3628024160861969,-0.011888161301612854,0.39724236726760864,0.37375420331954956,-0.02220994234085083,0.3500334620475769,0.3890499174594879,-0.036168172955513,0.3138793110847473,0.3925308287143707,-0.04996449872851372,0.49277928471565247,0.38765817880630493,-0.024471880868077278,0.39919763803482056,0.4028581380844116,-0.033669907599687576,0.3516530990600586,0.41039296984672546,-0.0414179302752018,0.3139503300189972,0.40956154465675354,-0.050212834030389786,0.48164358735084534,0.42177608609199524,-0.03685901314020157,0.4111073315143585,0.4346295893192291,-0.04419095814228058,0.3736792802810669,0.4395950734615326,-0.047597736120224,0.34147173166275024,0.43970465660095215,-0.05138002336025238
14,right,0.28062254190444946,0.6155054569244385,4.923064267359223e-08,0.3178330361843109,0.5621872544288635,-0.007963280193507671,0.3215290307998657,0.4996333718299866,-0.015171169303357601,0.3156522512435913,0.4575093984603882,-0.02414551004767418,0.30561238527297974,0.4314075708389282,-0.034327294677495956,0.2930280268192291,0.42198777198791504,-0.012096400372684002,0.2877861261367798,0.3583035469055176,-0.0308777317404747,0.28537774085998535,0.32313865423202515,-0.04712171480059624,0.2801845669746399,0.2892714738845825,-0.06014082953333855,0.27933990955352783,0.4339030981063843,-0.02382517419755459,0.2803136706352234,0.3653298318386078,-0.04382218420505524,0.27756136655807495,0.32235291600227356,-0.0601520873606205,0.2715500593185425,0.27922260761260986,-0.07241611927747726,0.2686067223548889,0.46243736147880554,-0.037524450570344925,0.2727760672569275,0.3968566954135895,-0.05950496345758438,0.27164292335510254,0.3542613089084625,-0.07361802458763123,0.2666601836681366,0.3094409108161926,-0.0835520401597023,0.261597216129303,0.5036624670028687,-0.05196581780910492,0.2680582106113434,0.467592716217041,-0.0730619952082634,0.27055591344833374,0.43443024158477783,-0.08322998881340027,0.27223360538482666,0.3975568115711212,-0.09040477126836777
14,left,0.580382227897644,0.5919830203056335,-6.755481081199832e-07,0.5056627988815308,0.5516568422317505,-0.00041918858187273145,0.4655948281288147,0.497170627117157,-0.00858426745980978,0.4394895136356354,0.46214810013771057,-0.01934642344713211,0.42257973551750183,0.43516239523887634,-0.031085751950740814,0.5321347713470459,0.3831329941749573,-0.010781465098261833,0.44394829869270325,0.3993275463581085,-0.03368256986141205,0.3974100351333618,0.4224080741405487,-0.053822606801986694,0.36655640602111816,0.43781977891921997,-0.06590144336223602,0.5404058694839478,0.40058717131614685,-0.020339900627732277,0.4465997815132141,0.4168360233306885,-0.038448236882686615,0.3957756459712982,0.43583282828330994,-0.051498208194971085,0.35748934745788574,0.44918233156204224,-0.06105632707476616,0.5402783155441284,0.43106400966644287,-0.030781622976064682,0.45177218317985535,0.44570136070251465,-0.04788779467344284,0.40265724062919617,0.4554222822189331,-0.05242082476615906,0.3655453324317932,0.4602563679218292,-0.05459265410900116,0.5316922664642334,0.4702160060405731,-0.04147784411907196,0.4641221761703491,0.4767412841320038,-0.054319996386766434,0.4268586039543152,0.4816347360610962,-0.05617254599928856,0.3970974385738373,0.4812568128108978,-0.05531138554215431
15,right,0.2705528736114502,0.6110080480575562,2.0012150159232078e-08,0.31195732951164246,0.5555003881454468,-0.002831801073625684,0.3132084608078003,0.500203549861908,-0.012306451797485352,0.304103285074234,0.46714502573013306,-0.02553984709084034,0.29111066460609436,0.44529980421066284,-0.0409083254635334,0.28026166558265686,0.419890820980072,-0.016309523954987526,0.27456092834472656,0.35778966546058655,-0.03920573741197586,0.2745415270328522,0.3262619078159332,-0.058504506945610046,0.2713946998119354,0.29501697421073914,-0.07425854355096817,0.2644925117492676,0.4335050880908966,-0.034770283848047256,0.26485973596572876,0.36175593733787537,-0.05999275669455528,0.26310810446739197,0.3191429376602173,-0.0803217738866806,0.25790295004844666,0.27718180418014526,-0.09612821787595749,0.2531680762767792,0.4636492133140564,-0.0547541119158268,0.25756481289863586,0.3986837863922119,-0.08141794055700302,0.2583485245704651,0.3557707369327545,-0.0999429002404213,0.2556566298007965,0.31153491139411926,-0.11378925293684006,0.24926191568374634,0.505081295967102,-0.07483148574829102,0.25728583335876465,0.4690708518028259,-0.09937712550163269,0.2598607540130615,0.4371589124202728,-0.11223725229501724,0.26097288727760315,0.40276038646698,-0.1225297823548317
15,left,0.6637101769447327,0.6129465103149414,-3.321126769151306e-07,0.6020180583000183,0.5771582126617432,-0.003284682985395193,0.5644872188568115,0.5151597261428833,-0.01590915024280548,0.5325853824615479,0.47808948159217834,-0.0282297320663929,0.5028641819953918,0.4573029577732086,-0.04255932196974754,0.628034770488739,0.42104610800743103,-0.04209848493337631,0.5482818484306335,0.422473669052124,-0.06588511168956757,0.5030028820037842,0.43783730268478394,-0.0812087431550026,0.46945053339004517,0.4529995918273926,-0.09064383804798126,0.6449447870254517,0.4467082619667053,-0.051217950880527496,0.5513051748275757,0.4511575698852539,-0.07597078382968903,0.49877363443374634,0.4652555584907532,-0.08986691385507584,0.45771992206573486,0.47965294122695923,-0.10079023987054825,0.6486057639122009,0.4835739731788635,-0.05845633149147034,0.5567023754119873,0.48607271909713745,-0.08008888363838196,0.5066445469856262,0.49618998169898987,-0.08567723631858826,0.4693148732185364,0.506654679775238,-0.08895877748727798,0.6396864652633667,0.5258081555366516,-0.06479920446872711,0.5688288807868958,0.5211427211761475,-0.08190590143203735,0.5299930572509766,0.5212306380271912,-0.08535463362932205,0.5015525817871094,0.5187525749206543,-0.08686678856611252
16,right,0.2730289399623871,0.6102219223976135,3.790975355855153e-08,0.31094974279403687,0.5590415596961975,-0.005121416877955198,0.3141242265701294,0.5053993463516235,-0.014173771254718304,0.30660176277160645,0.47395506501197815,-0.025951065123081207,0.2936943471431732,0.4533724784851074,-0.03979300707578659,0.28240638971328735,0.422261118888855,-0.016875771805644035,0.2747982144355774,0.3607950508594513,-0.038455214351415634,0.2727191746234894,0.3281131386756897,-0.056453753262758255,0.26815930008888245,0.29560041427612305,-0.07073075324296951,0.2684152126312256,0.4352796673774719,-0.03273921087384224,0.2650381028652191,0.3637393116950989,-0.055394191294908524,0.2601933479309082,0.3208451271057129,-0.07380224019289017,0.25302359461784363,0.2784656882286072,-0.08798375725746155,0.25817978382110596,0.4661409556865692,-0.05011408403515816,0.2591487467288971,0.4035441279411316,-0.07508896291255951,0.2575432360172272,0.3614468574523926,-0.09184697270393372,0.25299543142318726,0.3165852725505829,-0.10403648018836975,0.25325334072113037,0.509448766708374,-0.06769011169672012,0.25917357206344604,0.47509443759918213,-0.0911356508731842,0.26212581992149353,0.44416722655296326,-0.10220641642808914,0.2639540731906891,0.4089828133583069,-0.11060209572315216
16,left,0.6417328715324402,0.5857671499252319,5.758603833783127e-07,0.5980765223503113,0.5623704195022583,-0.017234886065125465,0.5602161884307861,0.5329208970069885,-0.043582625687122345,0.5202134251594543,0.5238542556762695,-0.06956004351377487,0.4816153347492218,0.5163648128509521,-0.09964504092931747,0.5957159399986267,0.4370466470718384,-0.07190098613500595,0.5868194103240967,0.35167747735977173,-0.10812830179929733,0.573498547077179,0.29956111311912537,-0.13257431983947754,0.5617673397064209,0.2559685707092285,-0.1515468955039978,0.6175482869148254,0.4542334973812103,-0.08954912424087524,0.622398316860199,0.37658751010894775,-0.12782728672027588,0.6174130439758301,0.3318712115287781,-0.15153202414512634,0.6133648753166199,0.2941301465034485,-0.16956549882888794,0.6383096575737,0.49568629264831543,-0.10650373995304108,0.648617148399353,0.4337788224220276,-0.1460036039352417,0.6478829979896545,0.38880646228790283,-0.1689460575580597,0.6455535888671875,0.3482959270477295,-0.18611668050289154,0.6526432037353516,0.5501317977905273,-0.12298933416604996,0.6591290235519409,0.5325276851654053,-0.16037099063396454,0.6588364839553833,0.5179254412651062,-0.17642496526241302,0.6571752429008484,0.503311038017273,-0.18850591778755188
17,right,0.2831554114818573,0.582685112953186,-1.1781332576177306e-09,0.3188198208808899,0.5254408121109009,0.0010964532848447561,0.3311910033226013,0.46998846530914307,-0.006279224995523691,0.3378673493862152,0.43466949462890625,-0.016706665977835655,0.33389168977737427,0.411030113697052,-0.029353268444538116,0.28857478499412537,0.4095117747783661,-0.015701450407505035,0.28482022881507874,0.33866989612579346,-0.033965468406677246,0.28695353865623474,0.31071117520332336,-0.04880635067820549,0.28725215792655945,0.2856706976890564,-0.060821134597063065,0.2785697281360626,0.42681920528411865,-0.031245330348610878,0.27736008167266846,0.36049115657806396,-0.052618030458688736,0.2736124098300934,0.3239252269268036,-0.07114391773939133,0.2677994668483734,0.28640061616897583,-0.08606404811143875,0.2720034122467041,0.4579373002052307,-0.046770598739385605,0.27073201537132263,0.40021204948425293,-0.06848365068435669,0.26822805404663086,0.35661858320236206,-0.08481293171644211,0.26437216997146606,0.3110344111919403,-0.09817873686552048,0.2686884105205536,0.49577760696411133,-0.06138426065444946,0.2664543688297272,0.4730027914047241,-0.0824253112077713,0.2671927213668823,0.44395560026168823,-0.09332790970802307,0.268950879573822,0.4076245129108429,-0.10243169963359833
17,left,0,0,0,0,0,0,0,0,0,0,0,0,0,0,0,0,0,0,0,0,0,0,0,0,0,0,0,0,0,0,0,0,0,0,0,0,0,0,0,0,0,0,0,0,0,0,0,0,0,0,0,0,0,0,0,0,0,0,0,0,0,0,0
18,right,0.2764602303504944,0.6400843858718872,2.444940605528245e-07,0.32210081815719604,0.5717264413833618,0.001317482441663742,0.31870341300964355,0.5003706216812134,-0.005362018942832947,0.3099561035633087,0.4557785391807556,-0.015485555864870548,0.3090241849422455,0.4233340919017792,-0.027740970253944397,0.26608338952064514,0.45974090695381165,-0.020497553050518036,0.27759531140327454,0.39310362935066223,-0.04415961354970932,0.2796098291873932,0.3444874882698059,-0.061938364058732986,0.2796747386455536,0.3008353114128113,-0.07633864879608154,0.25517264008522034,0.4773104190826416,-0.03951352462172508,0.2729395925998688,0.3924690783023834,-0.06641951203346252,0.27380669116973877,0.3357096314430237,-0.08584141731262207,0.2700030207633972,0.28162699937820435,-0.09954021126031876,0.25400057435035706,0.5079566836357117,-0.058677591383457184,0.27210095524787903,0.4228324890136719,-0.08522986620664597,0.2749883830547333,0.3678971827030182,-0.10115592181682587,0.2724228799343109,0.3173203766345978,-0.1118130162358284,0.26192373037338257,0.5451580286026001,-0.0773422122001648,0.27538517117500305,0.49180349707603455,-0.10061304271221161,0.27827757596969604,0.45000818371772766,-0.11206616461277008,0.27908140420913696,0.41119158267974854,-0.12035547196865082
18,left,0.5293412208557129,0.5145459771156311,7.282205416458964e-08,0.522013783454895,0.45087456703186035,-0.004722764249891043,0.5001360177993774,0.394991397857666,-0.017936883494257927,0.4727802276611328,0.35481300950050354,-0.03052038513123989,0.44485190510749817,0.33086350560188293,-0.044990479946136475,0.48349615931510925,0.3807592988014221,-0.052578505128622055,0.41831573843955994,0.29557597637176514,-0.07269641757011414,0.38516563177108765,0.25657185912132263,-0.07923559844493866,0.3574846088886261,0.22598901391029358,-0.08243428170681,0.47430527210235596,0.41158708930015564,-0.06004415079951286,0.39653006196022034,0.34574154019355774,-0.0788499116897583,0.35370391607284546,0.3213067650794983,-0.08215709030628204,0.32191380858421326,0.30740058422088623,-0.08501787483692169,0.46423250436782837,0.4494825601577759,-0.06535148620605469,0.396867573261261,0.4114329516887665,-0.08005805313587189,0.36209791898727417,0.3959215581417084,-0.0821015015244484,0.33719801902770996,0.38500329852104187,-0.08393338322639465,0.4533577859401703,0.4873887300491333,-0.07005095481872559,0.4000677168369293,0.4664827287197113,-0.0821465328335762,0.3678133189678192,0.45710137486457825,-0.08446940034627914,0.3394591808319092,0.4503680467605591,-0.08584544062614441
19,right,0.26977336406707764,0.6535184383392334,3.413788931538875e-07,0.3175479471683502,0.5770416855812073,0.0020563809666782618,0.3177664279937744,0.5024877190589905,-0.0011909573804587126,0.3118059039115906,0.456935316324234,-0.007726733107119799,0.31400009989738464,0.4166026711463928,-0.016462579369544983,0.2627783417701721,0.4665891230106354,-0.00979373138397932,0.27884748578071594,0.4030870795249939,-0.02989177592098713,0.28473445773124695,0.3504854440689087,-0.047723568975925446,0.2862718403339386,0.30413925647735596,-0.06199057027697563,0.25110992789268494,0.4838483929634094,-0.02576511539518833,0.27017512917518616,0.4034876525402069,-0.046103011816740036,0.2744842767715454,0.34549829363822937,-0.0639817863702774,0.2723163068294525,0.28854015469551086,-0.07745475322008133,0.2504771649837494,0.5131993889808655,-0.042006198316812515,0.2688291370868683,0.42990046739578247,-0.06229269132018089,0.27226582169532776,0.3745436668395996,-0.07542090117931366,0.2694140076637268,0.3228243589401245,-0.0847625583410263,0.25988292694091797,0.5478515625,-0.05813252180814743,0.27427831292152405,0.49167129397392273,-0.0760398581624031,0.27689817547798157,0.4504184126853943,-0.08443403244018555,0.2779383063316345,0.4121169447898865,-0.09062400460243225
19,left,0.5218573808670044,0.5609971284866333,-1.897152372976052e-07,0.45097512006759644,0.5279005169868469,0.003788922680541873,0.4129771590232849,0.47675466537475586,-0.0022378310095518827,0.3800153136253357,0.44157859683036804,-0.010566269978880882,0.35313886404037476,0.4219896197319031,-0.01926622912287712,0.4835916757583618,0.3753112852573395,-0.012838812544941902,0.40748676657676697,0.3425959348678589,-0.02750582806766033,0.36227601766586304,0.3354921042919159,-0.037169843912124634,0.32902517914772034,0.3343587815761566,-0.04384421184659004,0.48702672123908997,0.38588812947273254,-0.024165086448192596,0.40310177206993103,0.34433814883232117,-0.04013002663850784,0.3571793735027313,0.3423902988433838,-0.04860494285821915,0.32137957215309143,0.34601062536239624,-0.05458906665444374,0.4803415536880493,0.410829097032547,-0.034916654229164124,0.3983100354671478,0.3807719647884369,-0.04936164245009422,0.3540967106819153,0.38172486424446106,-0.05306386947631836,0.32037100195884705,0.38427817821502686,-0.05522356182336807,0.463306725025177,0.4474439322948456,-0.04522208124399185,0.3993195593357086,0.4335344433784485,-0.057292625308036804,0.3619755208492279,0.4323677718639374,-0.06083163991570473,0.3304596245288849,0.42982980608940125,-0.06280389428138733
20,right,0.27371615171432495,0.6248174905776978,1.349544760387289e-07,0.31761881709098816,0.5667816996574402,-0.008194835856556892,0.31673288345336914,0.5066744685173035,-0.01747051067650318,0.30985140800476074,0.46900972723960876,-0.028532475233078003,0.30607953667640686,0.4470967650413513,-0.04115527123212814,0.2774738371372223,0.42839643359184265,-0.01794876717031002,0.27490758895874023,0.3645893335342407,-0.03919949755072594,0.2735268175601959,0.3264976441860199,-0.05739828199148178,0.2701677083969116,0.29056042432785034,-0.07222068309783936,0.2643914222717285,0.44358134269714355,-0.03107086941599846,0.2706253230571747,0.372738778591156,-0.053862836211919785,0.2695668935775757,0.32903048396110535,-0.07234439998865128,0.26462292671203613,0.28453314304351807,-0.08658239245414734,0.2578158974647522,0.4763636589050293,-0.045761071145534515,0.26609641313552856,0.4107910394668579,-0.06943479925394058,0.26622048020362854,0.3680312931537628,-0.0848114863038063,0.26166123151779175,0.32384225726127625,-0.09618445485830307,0.2578415870666504,0.520636260509491,-0.061151258647441864,0.26616084575653076,0.48409485816955566,-0.08298575133085251,0.26780712604522705,0.45156553387641907,-0.09388027340173721,0.2677905261516571,0.4158247113227844,-0.10224127024412155
20,left,0.5699412822723389,0.5965522527694702,-7.425308012898313e-07,0.49256619811058044,0.5530679225921631,0.009263505227863789,0.4548002779483795,0.497331440448761,0.004261146765202284,0.42197269201278687,0.4629332423210144,-0.005281056743115187,0.397393137216568,0.43990379571914673,-0.01682152785360813,0.528890073299408,0.3827582001686096,-0.0007780101150274277,0.44208815693855286,0.3900800347328186,-0.019278468564152718,0.39645934104919434,0.41762575507164,-0.0383370965719223,0.36573171615600586,0.43843182921409607,-0.05081060528755188,0.5355356931686401,0.3948552906513214,-0.01480984315276146,0.4398617744445801,0.3986808955669403,-0.029419034719467163,0.3912423551082611,0.428012490272522,-0.044667091220617294,0.35549023747444153,0.4508861303329468,-0.05710555985569954,0.5324821472167969,0.42271900177001953,-0.028512975201010704,0.4416588544845581,0.4256379306316376,-0.042068883776664734,0.393759548664093,0.4455949664115906,-0.051329709589481354,0.35804128646850586,0.4615684449672699,-0.05871245265007019,0.5190679430961609,0.4618547558784485,-0.04137565195560455,0.44870319962501526,0.46885520219802856,-0.05095180124044418,0.41137921810150146,0.479972243309021,-0.05504491552710533,0.381222665309906,0.4886278510093689,-0.05802334472537041
21,right,0.26462775468826294,0.6131774187088013,5.406896619319923e-08,0.3069365620613098,0.5560219287872314,-0.005518963560461998,0.3076704740524292,0.4975796043872833,-0.015515127219259739,0.29920366406440735,0.46270543336868286,-0.02842516452074051,0.2880329191684723,0.44062966108322144,-0.043440598994493484,0.2691202461719513,0.4274597764015198,-0.019075287505984306,0.2663761079311371,0.3648379445075989,-0.04319588094949722,0.2651159167289734,0.3307639956474304,-0.06353417783975601,0.2623979151248932,0.297324001789093,-0.08001028001308441,0.2574610710144043,0.4441487789154053,-0.03587883710861206,0.2604582905769348,0.37593919038772583,-0.06282927840948105,0.2585183084011078,0.33405065536499023,-0.08458001911640167,0.25360870361328125,0.2901740074157715,-0.10116423666477203,0.25079381465911865,0.4765529930591583,-0.05417262017726898,0.2575337886810303,0.41600239276885986,-0.08289002627134323,0.2593313753604889,0.37613460421562195,-0.10167507827281952,0.2573734223842621,0.3327144682407379,-0.11517177522182465,0.25020545721054077,0.5192176103591919,-0.07259340584278107,0.2567742168903351,0.48711514472961426,-0.09847751259803772,0.26070645451545715,0.4570249319076538,-0.11110509932041168,0.2638385593891144,0.42299333214759827,-0.12094320356845856
21,left,0.6435484290122986,0.6125194430351257,-5.384789574236493e-07,0.5745924115180969,0.5869197845458984,-0.001422101748175919,0.5309140086174011,0.5402557849884033,-0.010866386815905571,0.4969911277294159,0.5145134925842285,-0.02176385186612606,0.4709165692329407,0.49532589316368103,-0.03344385325908661,0.6028720736503601,0.4177631139755249,-0.017569825053215027,0.5243320465087891,0.43040239810943604,-0.03933241590857506,0.4800187945365906,0.4575916528701782,-0.05793919041752815,0.45003741979599,0.4853833317756653,-0.06973505020141602,0.6118667721748352,0.43280261754989624,-0.027239171788096428,0.5226348638534546,0.44326257705688477,-0.04819822311401367,0.47762277722358704,0.4726545214653015,-0.06393389403820038,0.44354093074798584,0.5003575086593628,-0.07553426176309586,0.6106676459312439,0.46219921112060547,-0.03682081773877144,0.5251680612564087,0.4699918329715729,-0.056444499641656876,0.47950899600982666,0.4922565519809723,-0.0651162713766098,0.44496068358421326,0.5139220952987671,-0.07015664875507355,0.5999757051467896,0.5035698413848877,-0.045890241861343384,0.5298311710357666,0.5104355216026306,-0.062241971492767334,0.49157851934432983,0.5222193598747253,-0.06782473623752594,0.4618377983570099,0.5317098498344421,-0.07037331163883209
22,right,0.26667359471321106,0.6549327969551086,2.520967825603293e-07,0.31114429235458374,0.5852435231208801,-8.742751379031688e-05,0.30916914343833923,0.5093057751655579,-0.006283331196755171,0.29871636629104614,0.4599979817867279,-0.015630647540092468,0.29087603092193604,0.4247666597366333,-0.02674456313252449,0.25540846586227417,0.47324544191360474,-0.018525781109929085,0.26676446199417114,0.40476006269454956,-0.04160269722342491,0.2688848674297333,0.3544561266899109,-0.05906594172120094,0.26843976974487305,0.31013724207878113,-0.07282454520463943,0.24385762214660645,0.49027591943740845,-0.03576892986893654,0.25949743390083313,0.404840350151062,-0.06177390739321709,0.2623973488807678,0.3463309407234192,-0.08075150847434998,0.2601645886898041,0.29161566495895386,-0.09388377517461777,0.24336203932762146,0.5190801024436951,-0.0532129742205143,0.2604082226753235,0.43290016055107117,-0.07793739438056946,0.26406538486480713,0.37851956486701965,-0.09216044098138809,0.26185035705566406,0.3290508985519409,-0.10136547684669495,0.25357964634895325,0.5538445115089417,-0.07051409780979156,0.2664920389652252,0.49677905440330505,-0.09112398326396942,0.268126517534256,0.4544350504875183,-0.10093752294778824,0.2665789723396301,0.4160904884338379,-0.10790477693080902
22,left,0.6540060639381409,0.5958997011184692,-1.2740126464905188e-07,0.6001643538475037,0.5693944096565247,-0.006726296618580818,0.5528342723846436,0.5203276872634888,-0.020742209628224373,0.5121124386787415,0.5012925267219543,-0.03657292202115059,0.47255101799964905,0.4958900213241577,-0.053729619830846786,0.607549786567688,0.4133496880531311,-0.016964441165328026,0.5493009686470032,0.39302530884742737,-0.04321310669183731,0.50920170545578,0.3752497732639313,-0.06688442826271057,0.4755692183971405,0.3636511266231537,-0.08423842489719391,0.6264350414276123,0.4168611466884613,-0.03129386529326439,0.5579584836959839,0.3883112967014313,-0.057824067771434784,0.5117471814155579,0.3691902160644531,-0.07969392091035843,0.47465816140174866,0.3541247248649597,-0.09567492455244064,0.6406033635139465,0.43892186880111694,-0.04735163226723671,0.5755401849746704,0.40345895290374756,-0.07569538056850433,0.5285663604736328,0.3826814889907837,-0.09142668545246124,0.4915778636932373,0.3644932508468628,-0.10112842917442322,0.645348072052002,0.47697511315345764,-0.06345391273498535,0.6040924191474915,0.4480654299259186,-0.08987224847078323,0.5717033743858337,0.424231618642807,-0.10180868953466415,0.5443400740623474,0.40097910165786743,-0.10894224047660828
23,right,0.2820073962211609,0.6122110486030579,1.2644915159398806e-07,0.31891879439353943,0.5579588413238525,-0.003620031988248229,0.31921306252479553,0.5025476217269897,-0.010945914313197136,0.30837398767471313,0.4703635573387146,-0.020989922806620598,0.29217299818992615,0.45185476541519165,-0.032959360629320145,0.28017038106918335,0.4379369020462036,-0.0124416034668684,0.280886173248291,0.3711996078491211,-0.03217011317610741,0.2817074954509735,0.33493104577064514,-0.04845156520605087,0.2799335718154907,0.3007817566394806,-0.061395175755023956,0.2713720202445984,0.45183074474334717,-0.027111656963825226,0.2772929072380066,0.37748128175735474,-0.04801981523633003,0.2768417000770569,0.33260053396224976,-0.06486306339502335,0.2731713652610779,0.2884056568145752,-0.07725077867507935,0.26722487807273865,0.4816775619983673,-0.04321608692407608,0.27285096049308777,0.41229182481765747,-0.06604278087615967,0.27468064427375793,0.3675634562969208,-0.08073589205741882,0.2735867500305176,0.32174456119537354,-0.09094661474227905,0.26735225319862366,0.5215541124343872,-0.05928150564432144,0.27117720246315,0.4868081212043762,-0.08033815026283264,0.2733982801437378,0.45468074083328247,-0.08952472358942032,0.2755439281463623,0.41971713304519653,-0.09616518020629883
23,left,0.6099260449409485,0.5648164749145508,2.3974672913595896e-08,0.5433672070503235,0.5461143255233765,-0.004728325176984072,0.4977670907974243,0.49370574951171875,-0.013247097842395306,0.46095749735832214,0.46123096346855164,-0.021367348730564117,0.4272828698158264,0.44152870774269104,-0.030562350526452065,0.5558843016624451,0.38735881447792053,-0.027581244707107544,0.500071108341217,0.331877738237381,-0.03943304345011711,0.46690529584884644,0.30840829014778137,-0.046976421028375626,0.43743735551834106,0.2921748757362366,-0.05267256870865822,0.5713906288146973,0.39538508653640747,-0.034481022506952286,0.5075181126594543,0.3292405605316162,-0.04864450916647911,0.46810391545295715,0.30695825815200806,-0.05907854065299034,0.4330919682979584,0.2937123477458954,-0.06694956868886948,0.5744525194168091,0.4205275774002075,-0.03995301574468613,0.504636287689209,0.3734760284423828,-0.055646009743213654,0.4647737443447113,0.3545234203338623,-0.06554591655731201,0.43455106019973755,0.34205982089042664,-0.0715458020567894,0.5638007521629333,0.45889949798583984,-0.04443914443254471,0.5036200284957886,0.44564980268478394,-0.05758403241634369,0.47258108854293823,0.44800058007240295,-0.06176476553082466,0.45060059428215027,0.45195841789245605,-0.06413760781288147
24,right,0.2764701247215271,0.6505950093269348,2.8153232278782525e-07,0.3221880793571472,0.5711717009544373,0.005596897564828396,0.32207757234573364,0.49491173028945923,0.0029881929513067007,0.3153679370880127,0.44541049003601074,-0.003473025280982256,0.31220805644989014,0.4022964537143707,-0.012098201550543308,0.2621942162513733,0.47489163279533386,-0.014033248648047447,0.2810441255569458,0.4061875343322754,-0.03574884682893753,0.28591322898864746,0.3539125621318817,-0.05254922807216644,0.2890646159648895,0.3080298602581024,-0.06574102491140366,0.2540567219257355,0.49422669410705566,-0.032304491847753525,0.2744741439819336,0.4066939353942871,-0.05681481584906578,0.2782326936721802,0.3478381633758545,-0.07531292736530304,0.27792415022850037,0.29034194350242615,-0.08798521757125854,0.25827255845069885,0.5232846140861511,-0.05004517361521721,0.27685266733169556,0.43177664279937744,-0.07341820746660233,0.27967265248298645,0.3771439492702484,-0.0872030109167099,0.27733561396598816,0.3262638747692108,-0.09596234560012817,0.2727309763431549,0.5553650856018066,-0.06701134890317917,0.28340816497802734,0.5000357627868652,-0.08752063661813736,0.28345897793769836,0.4588845372200012,-0.09749936312437057,0.2825004458427429,0.41996777057647705,-0.10410820692777634
24,left,0.5367107391357422,0.532684326171875,-1.1079342243647261e-07,0.5129141211509705,0.4621105194091797,0.0044160750694572926,0.46939754486083984,0.40974023938179016,-0.007211826276034117,0.4155418276786804,0.3895629942417145,-0.020904088392853737,0.37141576409339905,0.3864458203315735,-0.03665383532643318,0.47703373432159424,0.3812465965747833,-0.03392723947763443,0.4010702967643738,0.3161356449127197,-0.05735417455434799,0.3560042977333069,0.2957282066345215,-0.07075560837984085,0.3184628188610077,0.28481173515319824,-0.0782443955540657,0.4692617654800415,0.41450774669647217,-0.04781993478536606,0.3915705680847168,0.350576251745224,-0.06717643141746521,0.3400275707244873,0.326084166765213,-0.07521899789571762,0.2981973886489868,0.3121582269668579,-0.08231797069311142,0.4591515362262726,0.45541349053382874,-0.060114458203315735,0.3856576383113861,0.4062442183494568,-0.0743141919374466,0.3465532064437866,0.3901481330394745,-0.07722389698028564,0.3172915279865265,0.38024359941482544,-0.0804104283452034,0.4461127817630768,0.49918389320373535,-0.07146748155355453,0.3908279538154602,0.46576830744743347,-0.0826888158917427,0.3578602969646454,0.44850650429725647,-0.08493879437446594,0.3297845125198364,0.43443530797958374,-0.08698754012584686
25,right,0.477064311504364,0.5567760467529297,-6.132557928140159e-07,0.406045526266098,0.5114843845367432,0.0007310424698516726,0.3729395568370819,0.45746004581451416,-0.006360392551869154,0.35033056139945984,0.42303285002708435,-0.015750862658023834,0.33360835909843445,0.3945671617984772,-0.025903794914484024,0.4444420337677002,0.35732775926589966,-0.00901105348020792,0.3673907518386841,0.3284761905670166,-0.02812270075082779,0.32024553418159485,0.3261791467666626,-0.04630347713828087,0.2857499122619629,0.3248066306114197,-0.059059325605630875,0.45470720529556274,0.3710869550704956,-0.020560866221785545,0.36333218216896057,0.3383644223213196,-0.03450966253876686,0.3099295496940613,0.3332049548625946,-0.049068085849285126,0.2708500027656555,0.3278907239437103,-0.06265303492546082,0.45430582761764526,0.3990946114063263,-0.032944779843091965,0.3650806248188019,0.3710806965827942,-0.04731770604848862,0.31263527274131775,0.3644978702068329,-0.057093288749456406,0.27358976006507874,0.35975614190101624,-0.0660952776670456,0.44324585795402527,0.4382514953613281,-0.04535496607422829,0.3756251931190491,0.4281805753707886,-0.05842352285981178,0.3367820978164673,0.42233899235725403,-0.06355889141559601,0.3050931394100189,0.4153320789337158,-0.06789970397949219
25,left,0.5116711258888245,0.563120424747467,-9.865968308986339e-08,0.4349445104598999,0.5333709716796875,-0.0020701957400888205,0.3959387242794037,0.47249820828437805,-0.01114274188876152,0.3655102550983429,0.4296681582927704,-0.020742181688547134,0.34141963720321655,0.4037266671657562,-0.031010866165161133,0.4664696753025055,0.36799684166908264,-0.027036964893341064,0.3821556568145752,0.34377628564834595,-0.046072818338871,0.3316096067428589,0.3347589671611786,-0.05886216089129448,0.29128605127334595,0.3276495635509491,-0.06735808402299881,0.47365614771842957,0.38106799125671387,-0.03648004308342934,0.3766365349292755,0.3468586206436157,-0.05679267644882202,0.32138490676879883,0.337772011756897,-0.06715606898069382,0.2775093913078308,0.3324239253997803,-0.07445811480283737,0.46885454654693604,0.40885770320892334,-0.04506662115454674,0.374975323677063,0.38152068853378296,-0.06293598562479019,0.32136455178260803,0.37531983852386475,-0.06793520599603653,0.27992936968803406,0.3704759180545807,-0.07053019851446152,0.4524085819721222,0.44920703768730164,-0.05355774611234665,0.3822682499885559,0.43216797709465027,-0.06776398420333862,0.34001579880714417,0.4254228472709656,-0.07139623165130615,0.3046518564224243,0.41635268926620483,-0.07310819625854492
26,right,0.5406506061553955,0.5874075293540955,-7.51798324927222e-07,0.4643208086490631,0.5400091409683228,0.008059535175561905,0.4276054799556732,0.48729509115219116,0.0028037112206220627,0.39577990770339966,0.4585843086242676,-0.00732574425637722,0.3702368140220642,0.4381406307220459,-0.01927114650607109,0.5069800615310669,0.3739128112792969,0.0037780855782330036,0.42150720953941345,0.37591665983200073,-0.012552252970635891,0.374891996383667,0.40279245376586914,-0.03157980740070343,0.3457484841346741,0.4203105866909027,-0.0451803021132946,0.5142641067504883,0.38259705901145935,-0.009733977727591991,0.418783962726593,0.3816169202327728,-0.022168446332216263,0.3682020306587219,0.4060370922088623,-0.039349328726530075,0.33179157972335815,0.421464741230011,-0.054336223751306534,0.5114750862121582,0.40707021951675415,-0.02316748909652233,0.42131930589675903,0.4038390517234802,-0.0355226993560791,0.37118464708328247,0.4180891215801239,-0.04680532217025757,0.3340972065925598,0.42793771624565125,-0.05651340261101723,0.4974188506603241,0.44172021746635437,-0.03580857813358307,0.4239548444747925,0.4454023241996765,-0.04507468268275261,0.3852483332157135,0.45263734459877014,-0.04990212991833687,0.35503387451171875,0.45560476183891296,-0.053965769708156586
26,left,0.5491393208503723,0.5873042941093445,-7.063483735691989e-07,0.4708055853843689,0.5370932817459106,0.010525994002819061,0.4314756989479065,0.48361384868621826,0.005170901771634817,0.3957231938838959,0.4554738998413086,-0.005821596831083298,0.365156888961792,0.43772804737091064,-0.01860719360411167,0.5136190056800842,0.3721943497657776,0.006182958837598562,0.42601653933525085,0.377726286649704,-0.010452769696712494,0.37963029742240906,0.40016642212867737,-0.028951825574040413,0.34778791666030884,0.413973867893219,-0.04246412590146065,0.5205427408218384,0.38153013586997986,-0.010280311107635498,0.4223916232585907,0.38368159532546997,-0.02497379295527935,0.37278005480766296,0.40673279762268066,-0.04237668216228485,0.3344866931438446,0.41807958483695984,-0.057338446378707886,0.5172128677368164,0.4065169394016266,-0.02671041153371334,0.4246416985988617,0.40627795457839966,-0.041749004274606705,0.373588502407074,0.42033663392066956,-0.05275259166955948,0.334031879901886,0.42576146125793457,-0.061926260590553284,0.5039551258087158,0.44185298681259155,-0.04219955578446388,0.42818769812583923,0.44584062695503235,-0.05442700907588005,0.38805490732192993,0.45372068881988525,-0.06014183536171913,0.3557204604148865,0.4551587998867035,-0.06472792476415634
27,right,0.26625216007232666,0.6221863031387329,4.848087442610449e-08,0.30832359194755554,0.5640749931335449,-0.004997327458113432,0.3125463128089905,0.5045458674430847,-0.010657507926225662,0.304965078830719,0.4684215188026428,-0.019433066248893738,0.2925223112106323,0.4481258690357208,-0.029316578060388565,0.2716791033744812,0.4340595602989197,-0.0033433972857892513,0.26913243532180786,0.36931461095809937,-0.020314164459705353,0.26904425024986267,0.3357505202293396,-0.03606615960597992,0.2667127251625061,0.3037894070148468,-0.04893920570611954,0.2616705000400543,0.4498520493507385,-0.016886083409190178,0.264890193939209,0.38111069798469543,-0.03525235876441002,0.2638048529624939,0.3384963870048523,-0.05227629467844963,0.25973016023635864,0.2958589792251587,-0.06528881937265396,0.2566749155521393,0.4805501103401184,-0.03266461566090584,0.2630845010280609,0.4194850027561188,-0.054057858884334564,0.2642763555049896,0.37794265151023865,-0.06876262277364731,0.2617456316947937,0.33433935046195984,-0.07906807959079742,0.257313996553421,0.520877480506897,-0.049045637249946594,0.26334643363952637,0.48835289478302,-0.06903427839279175,0.26581183075904846,0.45724552869796753,-0.0780397430062294,0.26737353205680847,0.42300334572792053,-0.08461098372936249
27,left,0.5944600701332092,0.5968051552772522,-7.061223072923895e-07,0.5264360904693604,0.5542038679122925,0.005169643554836512,0.4873347580432892,0.5056517720222473,0.0013222473207861185,0.45498886704444885,0.4769613742828369,-0.007352484855800867,0.43019431829452515,0.45448264479637146,-0.017194902524352074,0.5517701506614685,0.39391210675239563,0.008898015134036541,0.48216331005096436,0.40021127462387085,-0.009797655045986176,0.4403022825717926,0.422139972448349,-0.030963731929659843,0.40875905752182007,0.44033023715019226,-0.045650843530893326,0.5631037354469299,0.4013751447200775,-0.004925181157886982,0.4804598093032837,0.40165218710899353,-0.021627381443977356,0.4351893663406372,0.4296036958694458,-0.04046466201543808,0.4002642035484314,0.45238545536994934,-0.05445413291454315,0.5666243433952332,0.42435649037361145,-0.02002766914665699,0.48517119884490967,0.4218156039714813,-0.037725042551755905,0.4400915503501892,0.44387781620025635,-0.04931875690817833,0.405662477016449,0.46243974566459656,-0.05645931512117386,0.5624074935913086,0.45871850848197937,-0.03480985760688782,0.492491215467453,0.4629004895687103,-0.048922356218099594,0.4554887115955353,0.47322434186935425,-0.05482453480362892,0.42512625455856323,0.47979435324668884,-0.057800982147455215
28,right,0.2712869942188263,0.6142826080322266,4.6024144495504515e-08,0.30895769596099854,0.5506670475006104,-0.0014450391754508018,0.30590274930000305,0.488945335149765,-0.006003167945891619,0.29536035656929016,0.45158302783966064,-0.013577302917838097,0.2832892835140228,0.4303991198539734,-0.022717924788594246,0.2682054042816162,0.4266316294670105,-0.004697287920862436,0.2686298191547394,0.3651537001132965,-0.020521357655525208,0.26936620473861694,0.3346151113510132,-0.03493117541074753,0.2677966356277466,0.30496570467948914,-0.047108739614486694,0.258163183927536,0.4441443383693695,-0.018570872023701668,0.26407262682914734,0.3767663538455963,-0.035451557487249374,0.2639850974082947,0.3376518487930298,-0.05103173479437828,0.2604080140590668,0.2966676354408264,-0.06382181495428085,0.25543421506881714,0.47554564476013184,-0.033933915197849274,0.26262277364730835,0.413882315158844,-0.05333605408668518,0.26342934370040894,0.375866562128067,-0.06694046407938004,0.2608534097671509,0.3337739109992981,-0.07768227159976959,0.25864073634147644,0.5165472030639648,-0.049368467181921005,0.2631925344467163,0.48820310831069946,-0.06781977415084839,0.2660922706127167,0.460132360458374,-0.07666517049074173,0.2692343592643738,0.4251117706298828,-0.08401181548833847
28,left,0.6599094271659851,0.5881301760673523,-6.238394689717097e-07,0.6004942655563354,0.5428780913352966,0.00036116273258812726,0.5628864765167236,0.4905024766921997,-0.008663889952003956,0.5312479138374329,0.46033185720443726,-0.020721830427646637,0.5032683610916138,0.43742939829826355,-0.03374910354614258,0.6336631774902344,0.38559043407440186,-0.008265696465969086,0.5600172281265259,0.3772483170032501,-0.033210672438144684,0.5161962509155273,0.3956741690635681,-0.05522450432181358,0.4878808557987213,0.41726240515708923,-0.06846793740987778,0.6493622064590454,0.39451563358306885,-0.019888266921043396,0.5629948973655701,0.3839169144630432,-0.040906909853219986,0.5160421133041382,0.4084944427013397,-0.05792110040783882,0.48413050174713135,0.4327724874019623,-0.07009201496839523,0.6546102166175842,0.4192664623260498,-0.032577987760305405,0.5727512836456299,0.4099949598312378,-0.051920335739851,0.5271037220954895,0.4292778968811035,-0.06185898184776306,0.49555397033691406,0.44788658618927,-0.06781061738729477,0.6489800810813904,0.45693105459213257,-0.04503033682703972,0.582912027835846,0.45726633071899414,-0.06052882596850395,0.5451158285140991,0.46479347348213196,-0.06708364933729172,0.5160637497901917,0.47100263833999634,-0.070468969643116
29,right,0.2745661735534668,0.6052314639091492,6.85619383489211e-08,0.312777578830719,0.5478165149688721,-0.0001732958626234904,0.3170996308326721,0.49578189849853516,-0.007037133909761906,0.31040599942207336,0.46645060181617737,-0.017730213701725006,0.29981398582458496,0.4503268003463745,-0.030658094212412834,0.2786681056022644,0.4300878942012787,-0.008128420449793339,0.277680903673172,0.36223194003105164,-0.025354206562042236,0.2798430621623993,0.3302307426929474,-0.04036905616521835,0.28061315417289734,0.29900500178337097,-0.05283202603459358,0.26997724175453186,0.4462634325027466,-0.024234473705291748,0.2745497226715088,0.37587282061576843,-0.04272991418838501,0.27504444122314453,0.33491843938827515,-0.05925275757908821,0.27339088916778564,0.293429434299469,-0.07241605222225189,0.2658572793006897,0.4766820967197418,-0.04148289933800697,0.2709011137485504,0.41289299726486206,-0.06217352673411369,0.27262288331985474,0.3703100085258484,-0.07693188637495041,0.27131035923957825,0.3252513110637665,-0.08824501186609268,0.2666627764701843,0.5147574543952942,-0.05850783362984657,0.2685425281524658,0.48572441935539246,-0.07816151529550552,0.2692749798297882,0.45567649602890015,-0.08713117241859436,0.27018317580223083,0.42011216282844543,-0.09433962404727936
29,left,0.6354196071624756,0.5617042779922485,1.944566321299135e-07,0.5751515626907349,0.5281749367713928,-0.005423166323453188,0.5288681983947754,0.47730374336242676,-0.016250113025307655,0.49109727144241333,0.4554738402366638,-0.029784107580780983,0.4561300277709961,0.45111170411109924,-0.04495354741811752,0.5756020545959473,0.3742530047893524,-0.01865202933549881,0.5439525246620178,0.3075457215309143,-0.03942906856536865,0.5259475111961365,0.26839929819107056,-0.055248335003852844,0.5101860165596008,0.23396740853786469,-0.06741329282522202,0.5966593623161316,0.37809041142463684,-0.033395424485206604,0.5629624128341675,0.3094260096549988,-0.05571229010820389,0.5401032567024231,0.26804250478744507,-0.07280592620372772,0.5176880359649658,0.22971367835998535,-0.08504334092140198,0.6143963932991028,0.40407586097717285,-0.049058351665735245,0.5730816125869751,0.3477531671524048,-0.073438860476017,0.548054575920105,0.30851811170578003,-0.08758673071861267,0.5251668095588684,0.27374786138534546,-0.0963907465338707,0.6246274709701538,0.4478374719619751,-0.06456777453422546,0.5987056493759155,0.4177358150482178,-0.08640017360448837,0.5738767981529236,0.39496615529060364,-0.09619449824094772,0.5509751439094543,0.37421175837516785,-0.10298512876033783
30,right,0.274405300617218,0.6538374423980713,2.8261808893148554e-07,0.3194754421710968,0.5889848470687866,0.0029799300245940685,0.3192417621612549,0.5133289694786072,-0.002060582395642996,0.3108217418193817,0.4638780355453491,-0.01040691789239645,0.30543720722198486,0.43337440490722656,-0.020905669778585434,0.26338905096054077,0.4729735255241394,-0.020449526607990265,0.2818933129310608,0.40304312109947205,-0.042328301817178726,0.28528669476509094,0.3503357768058777,-0.05840153619647026,0.2861774265766144,0.30473417043685913,-0.07166565954685211,0.25304725766181946,0.49295008182525635,-0.03860373795032501,0.2742263674736023,0.4027027487754822,-0.06502249091863632,0.2796999514102936,0.34408530592918396,-0.08412635326385498,0.27988460659980774,0.28857308626174927,-0.09690156579017639,0.2557058036327362,0.5237970352172852,-0.05584130436182022,0.27457451820373535,0.4319089949131012,-0.08086923509836197,0.2797051966190338,0.37789303064346313,-0.09465937316417694,0.2785561680793762,0.3265955448150635,-0.10325844585895538,0.2692127823829651,0.5580542087554932,-0.0723252147436142,0.28098443150520325,0.499807208776474,-0.09383316338062286,0.28286999464035034,0.4575912356376648,-0.10375668108463287,0.28256744146347046,0.4167861342430115,-0.11028558760881424
30,left,0.5524307489395142,0.514771580696106,-7.949922320449332e-08,0.5127806067466736,0.4637107253074646,0.0031167541164904833,0.4636423587799072,0.42149636149406433,-0.009445208124816418,0.42188262939453125,0.41600385308265686,-0.02491745352745056,0.3904728293418884,0.4189271628856659,-0.04137145355343819,0.49439284205436707,0.3360270857810974,-0.03048187866806984,0.43829017877578735,0.2853291630744934,-0.054389774799346924,0.4039735496044159,0.27630549669265747,-0.06898979842662811,0.37918660044670105,0.2696145176887512,-0.07789449393749237,0.5005736351013184,0.3572322130203247,-0.04592728242278099,0.43720129132270813,0.3056238293647766,-0.06746084988117218,0.4065024256706238,0.2973399758338928,-0.07506562769412994,0.3865921199321747,0.29037564992904663,-0.08007495850324631,0.5003842711448669,0.40044182538986206,-0.05999399721622467,0.416411429643631,0.38868680596351624,-0.08048004657030106,0.41288691759109497,0.4237411618232727,-0.0770794153213501,0.4246610403060913,0.44362539052963257,-0.07156029343605042,0.49434950947761536,0.4575769305229187,-0.0732550173997879,0.4262903928756714,0.4514085054397583,-0.08999641984701157,0.4054597318172455,0.46610814332962036,-0.08709099143743515,0.399058997631073,0.4726320207118988,-0.08224589377641678
31,right,0.2831514775753021,0.6264756917953491,1.4450714047598012e-07,0.3279971182346344,0.5576921701431274,-0.00044005142990499735,0.34172073006629944,0.49649739265441895,-0.005517684388905764,0.34877824783325195,0.45926958322525024,-0.014395610429346561,0.3527675271034241,0.4273079037666321,-0.02428785152733326,0.2918168604373932,0.43278589844703674,0.003958534449338913,0.2937982976436615,0.3699290454387665,-0.012894490733742714,0.29354795813560486,0.33372992277145386,-0.02992064133286476,0.29302045702934265,0.3018949031829834,-0.04376145824790001,0.27933669090270996,0.4466274082660675,-0.012034906074404716,0.2801782488822937,0.3770192265510559,-0.03059001825749874,0.28036803007125854,0.33332446217536926,-0.04939334839582443,0.2799796164035797,0.29366421699523926,-0.06318985670804977,0.2738231420516968,0.4756587743759155,-0.030159369111061096,0.27598807215690613,0.40750226378440857,-0.05120157077908516,0.2766529321670532,0.36464598774909973,-0.06691567599773407,0.2757313549518585,0.3251625597476959,-0.07790844142436981,0.2768903374671936,0.5154417753219604,-0.04854757338762283,0.2836453318595886,0.4834434986114502,-0.06886159628629684,0.28282424807548523,0.45266950130462646,-0.07840338349342346,0.2813833951950073,0.42093074321746826,-0.08508928120136261
31,left,0.5281258821487427,0.5539664626121521,-1.2792114034709812e-07,0.46259117126464844,0.5323989391326904,-0.0019563352689146996,0.4156652092933655,0.49525564908981323,-0.014271971769630909,0.3723818361759186,0.4784548282623291,-0.027870316058397293,0.3343580961227417,0.47224026918411255,-0.04246560111641884,0.47184786200523376,0.38285931944847107,-0.02330932579934597,0.39183908700942993,0.33977171778678894,-0.04519300162792206,0.3468703627586365,0.325364351272583,-0.06082514300942421,0.31102415919303894,0.32177114486694336,-0.07039989531040192,0.4732705056667328,0.3958186209201813,-0.034605804830789566,0.3869682848453522,0.3415338397026062,-0.05425278842449188,0.33671092987060547,0.3336274325847626,-0.06490746140480042,0.2971420884132385,0.3344721794128418,-0.07254265993833542,0.46647217869758606,0.42446768283843994,-0.04606226086616516,0.38727521896362305,0.37637802958488464,-0.06276574730873108,0.33967381715774536,0.36882591247558594,-0.06785903871059418,0.30314773321151733,0.36517783999443054,-0.07111819833517075,0.45189782977104187,0.4644162654876709,-0.05758035555481911,0.3947059214115143,0.43369945883750916,-0.07164480537176132,0.35795456171035767,0.41814228892326355,-0.07610483467578888,0.32664579153060913,0.4020959138870239,-0.07870657742023468
32,right,0.2646690607070923,0.657173752784729,2.709922171106882e-07,0.3129611015319824,0.5797827243804932,0.0036526948679238558,0.3130786120891571,0.5049198865890503,9.836535900831223e-05,0.3050602674484253,0.45722997188568115,-0.0073569705709815025,0.3009738326072693,0.41740918159484863,-0.016135403886437416,0.2558748722076416,0.47076544165611267,-0.010103024542331696,0.2711445987224579,0.40218663215637207,-0.03067634254693985,0.27549126744270325,0.3507670760154724,-0.04777003079652786,0.27627667784690857,0.30515217781066895,-0.06143293157219887,0.24726754426956177,0.48907941579818726,-0.027761222794651985,0.26840150356292725,0.4042927026748657,-0.05021798238158226,0.2724943459033966,0.34687739610671997,-0.0675898939371109,0.27022892236709595,0.2899479269981384,-0.07999918609857559,0.25001025199890137,0.518304705619812,-0.045768484473228455,0.26961037516593933,0.4322771430015564,-0.067116878926754,0.27575570344924927,0.37946560978889465,-0.0798334926366806,0.27445587515830994,0.329915314912796,-0.08840690553188324,0.2629804015159607,0.5527058839797974,-0.06362660229206085,0.2745112180709839,0.49826568365097046,-0.0819307267665863,0.27705371379852295,0.45691022276878357,-0.09075584262609482,0.2770223021507263,0.41845381259918213,-0.09709488600492477
32,left,0.5543754696846008,0.5738146305084229,-7.035305316094309e-07,0.4730598032474518,0.5333054065704346,0.013871453702449799,0.4343480169773102,0.48367756605148315,0.009438648819923401,0.4022173285484314,0.4558045268058777,-0.001106436480768025,0.37747684121131897,0.43302205204963684,-0.01325002871453762,0.500808835029602,0.364688903093338,0.007709943223744631,0.4137507379055023,0.379294753074646,-0.01022400613874197,0.37058597803115845,0.41129639744758606,-0.02859615348279476,0.3435671925544739,0.43512964248657227,-0.04066142812371254,0.5081089735031128,0.37356624007225037,-0.009257249534130096,0.41074109077453613,0.38604265451431274,-0.022811580449342728,0.3664921224117279,0.4193483293056488,-0.03734719753265381,0.3351426124572754,0.4415881633758545,-0.04991726577281952,0.5065497756004333,0.3984856903553009,-0.026072874665260315,0.4144837260246277,0.407199501991272,-0.03866151347756386,0.3687174320220947,0.4333920180797577,-0.0464521087706089,0.33520272374153137,0.4506964683532715,-0.05359435826539993,0.4957861006259918,0.43526819348335266,-0.04188201203942299,0.42296144366264343,0.44920140504837036,-0.050968535244464874,0.387355238199234,0.4654310345649719,-0.053926579654216766,0.35898450016975403,0.47483524680137634,-0.05664774402976036
33,right,0.2877747118473053,0.567044198513031,-1.1154835277693564e-08,0.3094850778579712,0.486173152923584,0.003247243817895651,0.31287699937820435,0.4072802662849426,0.001944055431522429,0.3144139349460602,0.34840574860572815,-0.001315686502493918,0.3092767596244812,0.3056144714355469,-0.005705752409994602,0.2866538166999817,0.39425456523895264,-0.005855849478393793,0.28771939873695374,0.3305201232433319,-0.019248761236667633,0.2873856723308563,0.3038414716720581,-0.031106717884540558,0.2853901982307434,0.27918410301208496,-0.04139123111963272,0.2775441110134125,0.4212029278278351,-0.018318286165595055,0.27946755290031433,0.3631698787212372,-0.03519690781831741,0.27515149116516113,0.32976579666137695,-0.051071442663669586,0.267713725566864,0.29265937209129333,-0.0642712265253067,0.2729741930961609,0.4576345384120941,-0.030669568106532097,0.27476343512535095,0.40455132722854614,-0.04884941875934601,0.2716646194458008,0.3621698319911957,-0.06101292744278908,0.26627492904663086,0.3164478838443756,-0.07150404155254364,0.2737855613231659,0.4980175495147705,-0.04189060628414154,0.27065736055374146,0.47750288248062134,-0.05946516618132591,0.27113503217697144,0.4499157667160034,-0.06698882579803467,0.2710268497467041,0.4144797921180725,-0.07354024052619934
33,left,0.605876624584198,0.5830032229423523,-5.273023475638183e-07,0.5299990773200989,0.5525485277175903,0.0031844768673181534,0.4876987934112549,0.5039597153663635,-0.004294990561902523,0.45559751987457275,0.47270724177360535,-0.01483445055782795,0.43888211250305176,0.4481043815612793,-0.026251021772623062,0.5599028468132019,0.3832840919494629,-0.0058905896730721,0.4793202877044678,0.3967045545578003,-0.02473975159227848,0.43617191910743713,0.42572158575057983,-0.042645860463380814,0.406471848487854,0.4474644958972931,-0.055027395486831665,0.5680316090583801,0.39231592416763306,-0.017805753275752068,0.4778003394603729,0.40269404649734497,-0.03636247292160988,0.43289798498153687,0.4332008361816406,-0.05274572595953941,0.3969099819660187,0.4545154273509979,-0.06538042426109314,0.5675142407417297,0.41655731201171875,-0.02957492507994175,0.4801058769226074,0.42208072543144226,-0.04831942915916443,0.43446722626686096,0.4477965533733368,-0.05704299360513687,0.3980284631252289,0.46713370084762573,-0.0624195858836174,0.5575876832008362,0.45391109585762024,-0.04062341898679733,0.48756498098373413,0.4619162380695343,-0.05613167956471443,0.4510820209980011,0.47596192359924316,-0.060929495841264725,0.4214140772819519,0.48563727736473083,-0.0630686804652214
34,right,0.2697452902793884,0.6303685903549194,2.671548315902328e-07,0.3103647232055664,0.5613701343536377,0.001653009676374495,0.30309826135635376,0.4944044351577759,-0.008043181151151657,0.2892705202102661,0.45115235447883606,-0.020899487659335136,0.277494877576828,0.4121836721897125,-0.036849476397037506,0.26099342107772827,0.4565339684486389,-0.03241676092147827,0.268342524766922,0.39276623725891113,-0.062272801995277405,0.26988929510116577,0.34522709250450134,-0.08305913209915161,0.27070507407188416,0.30466383695602417,-0.09918055683374405,0.2521335184574127,0.4765407145023346,-0.05404036119580269,0.26370421051979065,0.39480531215667725,-0.08918522298336029,0.26585692167282104,0.34081852436065674,-0.11263251304626465,0.2641635537147522,0.29125452041625977,-0.12934304773807526,0.2501235902309418,0.5084962844848633,-0.07530705630779266,0.2615864872932434,0.42783287167549133,-0.1098121702671051,0.2637435793876648,0.3771294355392456,-0.1291244924068451,0.2618321478366852,0.3308113217353821,-0.14217692613601685,0.25517624616622925,0.5471861362457275,-0.09535488486289978,0.2656339108943939,0.4991547465324402,-0.12611977756023407,0.26879245042800903,0.4588353931903839,-0.14184118807315826,0.2700982391834259,0.4200679063796997,-0.1534651517868042
34,left,0.6595027446746826,0.5893204212188721,-5.454457436826488e-07,0.594380795955658,0.5557912588119507,-0.00027953609242103994,0.5511088967323303,0.5108871459960938,-0.010332271456718445,0.5178869366645813,0.48567312955856323,-0.02223275415599346,0.49501946568489075,0.46471068263053894,-0.03497043997049332,0.6227098107337952,0.3891192078590393,-0.013854567892849445,0.5461605787277222,0.3982992172241211,-0.03629829362034798,0.5042963027954102,0.42058855295181274,-0.05609443783760071,0.47386065125465393,0.4425068199634552,-0.06881917268037796,0.6362793445587158,0.3978622853755951,-0.024755770340561867,0.5450380444526672,0.4033561944961548,-0.046066347509622574,0.5025317072868347,0.434731662273407,-0.06296110898256302,0.4699857831001282,0.4604106843471527,-0.07518785446882248,0.639710545539856,0.4229779541492462,-0.035549916326999664,0.5557469725608826,0.4271910786628723,-0.055947594344615936,0.5132690072059631,0.45217347145080566,-0.06496553122997284,0.48064175248146057,0.473274827003479,-0.0699801966547966,0.6310537457466125,0.4621838331222534,-0.04566172882914543,0.5654598474502563,0.47334498167037964,-0.06189631670713425,0.5304434299468994,0.4854430556297302,-0.06721097230911255,0.5020678639411926,0.4931483864784241,-0.06952818483114243
35,right,0.2760019898414612,0.6063315868377686,2.2272189426075784e-08,0.31398919224739075,0.5479405522346497,-0.001692625810392201,0.31252992153167725,0.49018940329551697,-0.008334752172231674,0.299951434135437,0.4554736614227295,-0.018433306366205215,0.2855610251426697,0.43327808380126953,-0.0304701067507267,0.27962619066238403,0.42575663328170776,-0.0112746711820364,0.2753106653690338,0.3613602817058563,-0.03142297640442848,0.2747715711593628,0.32945066690444946,-0.04783850535750389,0.27311161160469055,0.29890576004981995,-0.06104879453778267,0.2690785527229309,0.4420434832572937,-0.027483491227030754,0.2693321108818054,0.37266507744789124,-0.05056576803326607,0.2668868899345398,0.330448716878891,-0.06863195449113846,0.2625022530555725,0.2887295186519623,-0.08200395107269287,0.2627007067203522,0.4730580449104309,-0.04517900571227074,0.26631098985671997,0.4122937321662903,-0.07054169476032257,0.26560360193252563,0.3701270818710327,-0.08705770969390869,0.2629341781139374,0.3251912295818329,-0.09851645678281784,0.26096275448799133,0.5126817226409912,-0.06267180293798447,0.2623962461948395,0.48055532574653625,-0.0865742638707161,0.2645631432533264,0.44924235343933105,-0.09822501242160797,0.2678326368331909,0.4137379229068756,-0.10675370693206787
35,left,0.6527514457702637,0.5755271911621094,-2.334180404517383e-09,0.5889292359352112,0.5377145409584045,0.00023954338394105434,0.5447679162025452,0.48268449306488037,-0.010203021578490734,0.5051920413970947,0.45720893144607544,-0.023119548335671425,0.4662100672721863,0.4437077045440674,-0.03775373473763466,0.6155270338058472,0.39195775985717773,-0.02112129144370556,0.5606184601783752,0.34022414684295654,-0.04227501526474953,0.5210638642311096,0.3168303072452545,-0.05688345804810524,0.486084520816803,0.3015662729740143,-0.06797489523887634,0.6300090551376343,0.39864227175712585,-0.036941394209861755,0.5622946619987488,0.333229660987854,-0.0627037063241005,0.517931342124939,0.30869585275650024,-0.08002438396215439,0.4791114330291748,0.29063934087753296,-0.09168218076229095,0.6357862949371338,0.4217725694179535,-0.05212617665529251,0.569057047367096,0.3546348214149475,-0.07726869732141495,0.5278849005699158,0.3284860849380493,-0.08917026966810226,0.49380311369895935,0.30721211433410645,-0.09610015898942947,0.6288084387779236,0.45679542422294617,-0.06627044826745987,0.5832021832466125,0.42230337858200073,-0.08928512036800385,0.5535187125205994,0.40003904700279236,-0.09905557334423065,0.5286957621574402,0.37650588154792786,-0.10506851226091385
36,right,0.2763141393661499,0.6479842662811279,2.3150849415287666e-07,0.31948667764663696,0.5804474353790283,0.0012280162191018462,0.31667616963386536,0.5088599920272827,-0.005398712586611509,0.30538707971572876,0.46145665645599365,-0.015484873205423355,0.29822829365730286,0.4258490204811096,-0.027844496071338654,0.2729266881942749,0.4660636782646179,-0.021031750366091728,0.281517893075943,0.4000931978225708,-0.046296942979097366,0.2812806963920593,0.34936392307281494,-0.06494931131601334,0.27932634949684143,0.30531609058380127,-0.07974136620759964,0.26061293482780457,0.4825686812400818,-0.0400882363319397,0.27252525091171265,0.40001657605171204,-0.06951753795146942,0.27267372608184814,0.3415507972240448,-0.09078818559646606,0.2684878408908844,0.28764623403549194,-0.10564780235290527,0.2565203011035919,0.5112331509590149,-0.05920670926570892,0.26963797211647034,0.4284595251083374,-0.08788175880908966,0.271409809589386,0.37429171800613403,-0.10457009822130203,0.2681311368942261,0.3249005675315857,-0.11539776623249054,0.2613007128238678,0.5468246936798096,-0.07778932899236679,0.2730958163738251,0.4920750856399536,-0.10305815190076828,0.27392539381980896,0.4490634500980377,-0.11608554422855377,0.27179402112960815,0.4093772768974304,-0.1252865344285965
36,left,0.5905246138572693,0.5429536700248718,5.960271209914936e-08,0.5262802243232727,0.5193983316421509,-0.0019120235228911042,0.4762917160987854,0.4688509702682495,-0.014833406545221806,0.434647798538208,0.4442959129810333,-0.028899891301989555,0.395669162273407,0.4282737672328949,-0.04350772127509117,0.5330353379249573,0.3613351583480835,-0.03694963455200195,0.4731827974319458,0.2983875274658203,-0.05672900006175041,0.43622827529907227,0.27595892548561096,-0.06646144390106201,0.403287798166275,0.26313844323158264,-0.07276661694049835,0.5490431189537048,0.37490546703338623,-0.04996831342577934,0.4818579852581024,0.2974761724472046,-0.0726189911365509,0.43695297837257385,0.2815031409263611,-0.0825629010796547,0.3988359272480011,0.2758779525756836,-0.08934769034385681,0.5520527362823486,0.4089595377445221,-0.06126021221280098,0.4692934453487396,0.36771175265312195,-0.08372131735086441,0.44669732451438904,0.3807470500469208,-0.08548508584499359,0.43606671690940857,0.3913143277168274,-0.0836409404873848,0.5415282249450684,0.45722657442092896,-0.0717289075255394,0.4733032286167145,0.43986204266548157,-0.08858374506235123,0.44154173135757446,0.44185638427734375,-0.08973493427038193,0.4217770993709564,0.44237810373306274,-0.08892221748828888
