0.652084469795227,0.5728855729103088,-0.17973509430885315,0.26567524671554565,0.6474425792694092,-0.267611026763916
0.6524370908737183,0.5810230374336243,-0.19142021238803864,0.2643513083457947,0.6496699452400208,-0.2655182182788849
0.6528398990631104,0.5917151570320129,-0.1720614731311798,0.26471978425979614,0.6489706635475159,-0.041246652603149414
0.6562159657478333,0.5914465188980103,-0.19707909226417542,0.27338287234306335,0.6566696763038635,-0.03427133336663246
0.6557875871658325,0.5757057666778564,-0.1702365279197693,0.27812904119491577,0.6604178547859192,-0.04713691771030426
0.6561782956123352,0.5689561367034912,-0.26904016733169556,0.2791239619255066,0.6602860689163208,-0.08507691323757172
0.6579605340957642,0.565796434879303,-0.2764483094215393,0.27995193004608154,0.6567047238349915,-0.14963549375534058
0.6593073010444641,0.5642063617706299,-0.3032262921333313,0.28010880947113037,0.6543847322463989,-0.22028252482414246
0.6593185067176819,0.5579710602760315,-0.3715285360813141,0.2799959182739258,0.6435722708702087,-0.3122178912162781
0.6562671065330505,0.5581197142601013,-0.3594185411930084,0.27862340211868286,0.6436236500740051,-0.26379629969596863
0.6555637121200562,0.5571442246437073,-0.3288516700267792,0.2762323319911957,0.6405929327011108,-0.2538836896419525
0.6549957990646362,0.5573276281356812,-0.34004515409469604,0.2751198410987854,0.6422223448753357,-0.26834240555763245
0.6536340117454529,0.5558260083198547,-0.3331789970397949,0.2737028896808624,0.6416317820549011,-0.2681649625301361
0.6535974740982056,0.5568035244941711,-0.33397287130355835,0.2718886137008667,0.6463802456855774,-0.27015361189842224
0.6530013680458069,0.556535005569458,-0.32254457473754883,0.27149081230163574,0.6428691148757935,-0.2643786370754242
0.652073323726654,0.5583521723747253,-0.33805158734321594,0.2682932913303375,0.6432074308395386,-0.29681068658828735
0.6520734429359436,0.5583263039588928,-0.34043723344802856,0.2680043876171112,0.6404749751091003,-0.3010527789592743
0.6520652174949646,0.5583698153495789,-0.35336822271347046,0.26705437898635864,0.6405277848243713,-0.31287822127342224
0.6516567468643188,0.5575703978538513,-0.3484084904193878,0.26654377579689026,0.6374104619026184,-0.3074370324611664
0.653285562992096,0.5591980218887329,-0.34617775678634644,0.26679888367652893,0.6405782699584961,-0.30457013845443726
0.6532349586486816,0.5592532753944397,-0.36335304379463196,0.26680299639701843,0.6404694318771362,-0.32530778646469116
0.6540089845657349,0.5592731237411499,-0.3671819567680359,0.2668664753437042,0.64143967628479,-0.31899693608283997
0.6546546220779419,0.5599812269210815,-0.38243749737739563,0.26827460527420044,0.6417054533958435,-0.3175491392612457
0.6548090577125549,0.5609576106071472,-0.33879023790359497,0.2679350674152374,0.6421021223068237,-0.28658145666122437
0.6548237204551697,0.5609815120697021,-0.3672487139701843,0.2679586708545685,0.6414533257484436,-0.31318697333335876
0.6548253297805786,0.5595811605453491,-0.3734741508960724,0.2687624394893646,0.6363824605941772,-0.3121055066585541
0.654991090297699,0.5589691400527954,-0.3683369755744934,0.2689961791038513,0.6349804997444153,-0.3108663856983185
0.6550437808036804,0.5609787106513977,-0.3502569794654846,0.26906663179397583,0.6408261656761169,-0.28911063075065613
0.6550904512405396,0.5602099895477295,-0.32724806666374207,0.26913172006607056,0.635293185710907,-0.28319790959358215
0.655092179775238,0.5601249933242798,-0.33376187086105347,0.2691628336906433,0.6359534859657288,-0.28941622376441956
0.6542493104934692,0.5601093769073486,-0.3336707353591919,0.26921749114990234,0.6358205080032349,-0.2893911600112915
0.6542496085166931,0.5594914555549622,-0.3240815997123718,0.2707872986793518,0.6371802091598511,-0.26640385389328003
0.6541732549667358,0.5594976544380188,-0.2750500440597534,0.2711082100868225,0.6371945142745972,-0.20877030491828918
0.6536493897438049,0.5594488978385925,-0.2452314794063568,0.2714158892631531,0.6372236609458923,-0.17647933959960938
0.6537346243858337,0.5594505667686462,-0.29596811532974243,0.2716338634490967,0.6382115483283997,-0.2248944789171219
0.6531486511230469,0.5593261122703552,-0.2890799343585968,0.271442711353302,0.637440025806427,-0.23070740699768066
