0.6505977511405945,0.5670100450515747,-0.15632674098014832,0.2677619457244873,0.649953305721283,-0.24460069835186005
0.6504336595535278,0.5748613476753235,-0.2764880359172821,0.26749566197395325,0.6478186249732971,-0.2620235085487366
0.647517204284668,0.5766103267669678,-0.07611224055290222,0.26846399903297424,0.6607890725135803,0.0065349554643034935
0.6477321982383728,0.5649839043617249,-0.1801379919052124,0.270902544260025,0.6613138914108276,-0.08603445440530777
0.6525712013244629,0.5646705031394958,-0.22207637131214142,0.280864417552948,0.6613200306892395,-0.1168539896607399
0.6540521383285522,0.5615886449813843,-0.21206262707710266,0.28533703088760376,0.6605809330940247,-0.10676157474517822
0.6541714668273926,0.5603749752044678,-0.2743166983127594,0.2849675714969635,0.6590986847877502,-0.18520575761795044
0.654444694519043,0.5593374371528625,-0.243785098195076,0.28637081384658813,0.6588777303695679,-0.15468288958072662
0.6553600430488586,0.5583696961402893,-0.17887602746486664,0.2866504192352295,0.6583656668663025,-0.09021420776844025
0.6556103825569153,0.5583006143569946,-0.1797747015953064,0.2872231602668762,0.6572295427322388,-0.10031390190124512
0.6558167934417725,0.5571014285087585,-0.18075716495513916,0.28703346848487854,0.6557322144508362,-0.10259000957012177
0.6560444831848145,0.5570979714393616,-0.18160387873649597,0.2868739366531372,0.6540629267692566,-0.10624518245458603
0.656213104724884,0.5561144948005676,-0.1820061206817627,0.28680291771888733,0.649068295955658,-0.10882283747196198
0.6563345193862915,0.556244432926178,-0.18930678069591522,0.28599828481674194,0.649000346660614,-0.11659518629312515
0.6563637256622314,0.5555648803710938,-0.2205900400876999,0.28509753942489624,0.6466522812843323,-0.14818693697452545
0.6565409898757935,0.5553298592567444,-0.1681268960237503,0.2862076461315155,0.6459728479385376,-0.09042517840862274
0.6567575335502625,0.5556797385215759,-0.2041763961315155,0.28598278760910034,0.646081805229187,-0.1286047399044037
0.6568080186843872,0.5554420948028564,-0.20386537909507751,0.286296546459198,0.6459473967552185,-0.125298410654068
0.6568918228149414,0.5554488301277161,-0.14794905483722687,0.28857895731925964,0.6456969976425171,-0.05731261521577835
0.657048225402832,0.5551338791847229,-0.156559020280838,0.2885209918022156,0.6457921266555786,-0.07350052893161774
0.6570463180541992,0.5560392737388611,-0.155467689037323,0.28851670026779175,0.6460793018341064,-0.06829067319631577
0.6570425033569336,0.5552478432655334,-0.16990426182746887,0.288667231798172,0.6460733413696289,-0.07450899481773376
0.6571078300476074,0.5561229586601257,-0.18588773906230927,0.288968563079834,0.6473700404167175,-0.0752168744802475
0.6571108102798462,0.5549953579902649,-0.21943560242652893,0.28894656896591187,0.6472952365875244,-0.12296750396490097
0.656769871711731,0.5550038814544678,-0.25844231247901917,0.28797030448913574,0.6475959420204163,-0.1632855236530304
0.6565110087394714,0.5541543960571289,-0.2483275681734085,0.2871379554271698,0.6464707255363464,-0.15363669395446777
0.6563742160797119,0.5545218586921692,-0.27884453535079956,0.284634530544281,0.6519846320152283,-0.1891683042049408
0.6561556458473206,0.5544911623001099,-0.2386825829744339,0.28454509377479553,0.6517585515975952,-0.14682158827781677
0.6559985280036926,0.5544899702072144,-0.3204740881919861,0.28350821137428284,0.6533961892127991,-0.2340622842311859
0.6558042168617249,0.5524197816848755,-0.29506391286849976,0.28295499086380005,0.6526109576225281,-0.22577163577079773
0.6558447480201721,0.5524575114250183,-0.290784627199173,0.28296706080436707,0.6533852219581604,-0.2036156952381134
0.655863881111145,0.5524625778198242,-0.2516929805278778,0.28281936049461365,0.6527895331382751,-0.17521284520626068
0.6558030247688293,0.5526810884475708,-0.24206170439720154,0.28290891647338867,0.6532089114189148,-0.147133469581604
0.6556079387664795,0.5525476336479187,-0.24773892760276794,0.2829500138759613,0.6531983613967896,-0.1521461457014084
0.6553849577903748,0.5520833730697632,-0.27279967069625854,0.2829456627368927,0.6531836986541748,-0.16986329853534698
0.654718279838562,0.5494335889816284,-0.26916179060935974,0.28291645646095276,0.6526073217391968,-0.16963925957679749
