1,right,0,0,0,0,0,0,0,0,0,0,0,0,0,0,0,0,0,0,0,0,0,0,0,0,0,0,0,0,0,0,0,0,0,0,0,0,0,0,0,0,0,0,0,0,0,0,0,0,0,0,0,0,0,0,0,0,0,0,0,0,0,0,0
1,left,0,0,0,0,0,0,0,0,0,0,0,0,0,0,0,0,0,0,0,0,0,0,0,0,0,0,0,0,0,0,0,0,0,0,0,0,0,0,0,0,0,0,0,0,0,0,0,0,0,0,0,0,0,0,0,0,0,0,0,0,0,0,0
2,right,0,0,0,0,0,0,0,0,0,0,0,0,0,0,0,0,0,0,0,0,0,0,0,0,0,0,0,0,0,0,0,0,0,0,0,0,0,0,0,0,0,0,0,0,0,0,0,0,0,0,0,0,0,0,0,0,0,0,0,0,0,0,0
2,left,0,0,0,0,0,0,0,0,0,0,0,0,0,0,0,0,0,0,0,0,0,0,0,0,0,0,0,0,0,0,0,0,0,0,0,0,0,0,0,0,0,0,0,0,0,0,0,0,0,0,0,0,0,0,0,0,0,0,0,0,0,0,0
3,right,0,0,0,0,0,0,0,0,0,0,0,0,0,0,0,0,0,0,0,0,0,0,0,0,0,0,0,0,0,0,0,0,0,0,0,0,0,0,0,0,0,0,0,0,0,0,0,0,0,0,0,0,0,0,0,0,0,0,0,0,0,0,0
3,left,0,0,0,0,0,0,0,0,0,0,0,0,0,0,0,0,0,0,0,0,0,0,0,0,0,0,0,0,0,0,0,0,0,0,0,0,0,0,0,0,0,0,0,0,0,0,0,0,0,0,0,0,0,0,0,0,0,0,0,0,0,0,0
4,right,0.23661480844020844,0.5608214735984802,2.20222943880799e-07,0.2595720887184143,0.47532421350479126,0.0010010686237365007,0.2583228349685669,0.42495885491371155,-0.005578079726547003,0.25643011927604675,0.3848976492881775,-0.016476476565003395,0.2578525245189667,0.3579409420490265,-0.025791017338633537,0.17580604553222656,0.41553735733032227,-0.00023312581470236182,0.22014841437339783,0.35883358120918274,-0.018718700855970383,0.25670355558395386,0.3464146852493286,-0.0335535854101181,0.28273409605026245,0.34192198514938354,-0.042973194271326065,0.17495045065879822,0.43341925740242004,-0.01096536498516798,0.22334298491477966,0.37148842215538025,-0.029751542955636978,0.25879910588264465,0.3547269105911255,-0.03885297849774361,0.2870285212993622,0.34628623723983765,-0.044363923370838165,0.18541070818901062,0.45067405700683594,-0.023524204269051552,0.23185117542743683,0.3911859393119812,-0.039849575608968735,0.26409828662872314,0.3702850937843323,-0.04266698285937309,0.29041343927383423,0.35956528782844543,-0.04280703142285347,0.2048565000295639,0.4660046100616455,-0.036977075040340424,0.23997963964939117,0.41821515560150146,-0.04529929906129837,0.2621932029724121,0.3968740999698639,-0.044722557067871094,0.2818448543548584,0.3820820450782776,-0.04343937709927559
4,left,0,0,0,0,0,0,0,0,0,0,0,0,0,0,0,0,0,0,0,0,0,0,0,0,0,0,0,0,0,0,0,0,0,0,0,0,0,0,0,0,0,0,0,0,0,0,0,0,0,0,0,0,0,0,0,0,0,0,0,0,0,0,0
5,right,0.26775696873664856,0.5121435523033142,3.4448606811565696e-07,0.29644012451171875,0.44641727209091187,-0.0011165763717144728,0.30110129714012146,0.39723971486091614,-0.00646772189065814,0.307038813829422,0.3616451323032379,-0.014540345408022404,0.3111429512500763,0.3348279893398285,-0.020471347495913506,0.22174957394599915,0.38234731554985046,-0.0034733929205685854,0.26910853385925293,0.3328994810581207,-0.020689431577920914,0.30308353900909424,0.31972193717956543,-0.033401742577552795,0.3279261589050293,0.3153170049190521,-0.040678128600120544,0.22122769057750702,0.3910631537437439,-0.011399379000067711,0.27030059695243835,0.33443793654441833,-0.028116760775446892,0.30461785197257996,0.3231155276298523,-0.034977830946445465,0.3303181827068329,0.32125863432884216,-0.03804555535316467,0.23280073702335358,0.4007646441459656,-0.020891573280096054,0.28093135356903076,0.34850603342056274,-0.034843821078538895,0.3127553164958954,0.33551812171936035,-0.036218807101249695,0.3354310095310211,0.33144375681877136,-0.03499797359108925,0.25447529554367065,0.4096413850784302,-0.031350284814834595,0.29291024804115295,0.37005242705345154,-0.03832848742604256,0.3153451085090637,0.35743534564971924,-0.03701718896627426,0.33222395181655884,0.35168322920799255,-0.03484971821308136
5,left,0,0,0,0,0,0,0,0,0,0,0,0,0,0,0,0,0,0,0,0,0,0,0,0,0,0,0,0,0,0,0,0,0,0,0,0,0,0,0,0,0,0,0,0,0,0,0,0,0,0,0,0,0,0,0,0,0,0,0,0,0,0,0
6,right,0.274740606546402,0.5174347758293152,2.3077559774264955e-07,0.30176860094070435,0.4564521610736847,-0.002188264625146985,0.30765703320503235,0.40801888704299927,-0.00846739113330841,0.31487035751342773,0.37108564376831055,-0.01667633466422558,0.32069313526153564,0.34397777915000916,-0.02320321835577488,0.23233047127723694,0.3879207670688629,-0.0065834601409733295,0.27658674120903015,0.3413417339324951,-0.02275892347097397,0.31020867824554443,0.33050715923309326,-0.03547057509422302,0.33497288823127747,0.3290013372898102,-0.04314545914530754,0.2308734804391861,0.3975617587566376,-0.013517040759325027,0.2789546251296997,0.34691381454467773,-0.029697824269533157,0.3128809630870819,0.33681797981262207,-0.03737315535545349,0.33825206756591797,0.3356759250164032,-0.040855590254068375,0.2416762113571167,0.40983614325523376,-0.021491719409823418,0.2891031503677368,0.36129218339920044,-0.03597328066825867,0.32079821825027466,0.348353773355484,-0.03911736607551575,0.34381458163261414,0.34431684017181396,-0.03884917125105858,0.26170408725738525,0.4209291338920593,-0.03004276193678379,0.3028426170349121,0.3829321265220642,-0.03936994448304176,0.32638639211654663,0.36984682083129883,-0.04033771902322769,0.34498926997184753,0.36241039633750916,-0.03907022252678871
6,left,0.5857728123664856,0.5356113314628601,-3.098778051935369e-07,0.5684523582458496,0.4753667712211609,0.006741398014128208,0.5671161413192749,0.42220863699913025,0.002252427628263831,0.5571833252906799,0.37807753682136536,-0.0043387939222157,0.5422461032867432,0.34952694177627563,-0.011061144061386585,0.6326006650924683,0.41835811734199524,-0.009933465160429478,0.6002549529075623,0.3491392433643341,-0.024790069088339806,0.5675665736198425,0.3254145383834839,-0.03388437628746033,0.5439937114715576,0.31922417879104614,-0.037809427827596664,0.6292147636413574,0.4241286814212799,-0.019196124747395515,0.5925106406211853,0.3494519591331482,-0.03244481980800629,0.5587290525436401,0.3257388174533844,-0.03819649666547775,0.5342134237289429,0.32115262746810913,-0.041312433779239655,0.6167508363723755,0.4302672743797302,-0.027720991522073746,0.5791563987731934,0.35933858156204224,-0.03675169125199318,0.5494247078895569,0.3350009024143219,-0.03597703576087952,0.5276304483413696,0.32619184255599976,-0.034576598554849625,0.5980966687202454,0.43622273206710815,-0.03549210727214813,0.5710728764533997,0.3792704939842224,-0.0409201979637146,0.5514872074127197,0.35393860936164856,-0.03902627155184746,0.53534996509552,0.33981916308403015,-0.03672541305422783
7,right,0.2546520233154297,0.5341107845306396,2.5619291932343913e-07,0.2855674624443054,0.47601959109306335,-0.0017701357137411833,0.2947256565093994,0.4243650436401367,-0.007373655680567026,0.30427414178848267,0.3873792588710785,-0.014885269105434418,0.3129633367061615,0.36216050386428833,-0.021035034209489822,0.2221744805574417,0.3956916034221649,-0.004460605792701244,0.2713117301464081,0.35254451632499695,-0.019975148141384125,0.3071875274181366,0.3418666124343872,-0.03318529948592186,0.3342092037200928,0.34060728549957275,-0.041344571858644485,0.22035591304302216,0.40707486867904663,-0.011293476447463036,0.2727419137954712,0.36096036434173584,-0.026636963710188866,0.3093184232711792,0.3509680926799774,-0.03492099046707153,0.3367350697517395,0.35078611969947815,-0.03908845782279968,0.23013582825660706,0.4220811128616333,-0.019123971462249756,0.2804035246372223,0.3790532350540161,-0.03272823616862297,0.3143673539161682,0.368118017911911,-0.03590491786599159,0.3382977545261383,0.3667001724243164,-0.0356251560151577,0.2488444745540619,0.4358968138694763,-0.027556920424103737,0.2897915542125702,0.4018222689628601,-0.035354167222976685,0.3131406903266907,0.3910024166107178,-0.035653602331876755,0.3312259018421173,0.3865813612937927,-0.034024059772491455
7,left,0.5336623191833496,0.490176796913147,-3.6542553516483167e-07,0.5453221797943115,0.4312169551849365,0.007087988778948784,0.5549814105033875,0.38278326392173767,0.0024114688858389854,0.5416072607040405,0.3465099334716797,-0.004878643900156021,0.525547444820404,0.32594969868659973,-0.012123055756092072,0.5854550004005432,0.3621419370174408,-0.011181461624801159,0.5439591407775879,0.29965880513191223,-0.024881944060325623,0.5168758630752563,0.2946721315383911,-0.03246164694428444,0.5025244355201721,0.3043666183948517,-0.034917328506708145,0.5716338157653809,0.36992111802101135,-0.02017913945019245,0.530093789100647,0.29805317521095276,-0.030659805983304977,0.5043123960494995,0.2952542006969452,-0.03437192365527153,0.4905937910079956,0.30863043665885925,-0.03650007024407387,0.5530784130096436,0.37826478481292725,-0.02820020541548729,0.5175416469573975,0.3098212480545044,-0.034054215997457504,0.4961021840572357,0.30928340554237366,-0.032573800534009933,0.48519366979599,0.322538822889328,-0.03161847963929176,0.5300762057304382,0.3876343071460724,-0.035554204136133194,0.5066424012184143,0.3359733521938324,-0.03711014613509178,0.4933757483959198,0.32911962270736694,-0.03368128836154938,0.48414114117622375,0.3348657488822937,-0.03121868520975113
8,right,0.25304216146469116,0.5098093748092651,4.3401757920946693e-07,0.2813739776611328,0.442526251077652,-0.0009457308915443718,0.2883893847465515,0.3935798406600952,-0.0061570825055241585,0.296852171421051,0.35858437418937683,-0.013956302776932716,0.3053557574748993,0.3297543525695801,-0.020168455317616463,0.20928214490413666,0.37783345580101013,0.001283076941035688,0.2561653256416321,0.33564287424087524,-0.015288199298083782,0.28974470496177673,0.32010430097579956,-0.030401121824979782,0.317227303981781,0.3123563528060913,-0.04009009525179863,0.20517069101333618,0.3856464624404907,-0.0065731750801205635,0.2535834014415741,0.335383802652359,-0.024761121720075607,0.2894936501979828,0.3206993639469147,-0.03630535304546356,0.31932714581489563,0.3157920241355896,-0.04194370284676552,0.212844580411911,0.3958260715007782,-0.015714824199676514,0.25931409001350403,0.34719690680503845,-0.03186379000544548,0.2935691773891449,0.33099889755249023,-0.03697109967470169,0.31960034370422363,0.3235113024711609,-0.037413761019706726,0.22986730933189392,0.40526914596557617,-0.02549748495221138,0.26919353008270264,0.3681422173976898,-0.035592060536146164,0.2922419607639313,0.35478323698043823,-0.03653191775083542,0.31039145588874817,0.3472209870815277,-0.034929998219013214
8,left,0.5470598936080933,0.5076407790184021,-3.781861437346379e-07,0.5506290197372437,0.44936174154281616,0.008526353165507317,0.5541456341743469,0.39976766705513,0.0037484560161828995,0.5420483350753784,0.3602391183376312,-0.0041107595898211,0.5238655209541321,0.33584973216056824,-0.013505165465176105,0.5994789004325867,0.38759687542915344,-0.008787890896201134,0.5560648441314697,0.32705456018447876,-0.023304665461182594,0.5236355662345886,0.3122202455997467,-0.0335138663649559,0.5019235610961914,0.31112927198410034,-0.03855540603399277,0.5885133147239685,0.3958340287208557,-0.019017720595002174,0.5436500906944275,0.3280799388885498,-0.028117623180150986,0.5113533139228821,0.3162107467651367,-0.03163715824484825,0.4888203740119934,0.3170308768749237,-0.03490825742483139,0.5688170790672302,0.40393224358558655,-0.02852921187877655,0.5300557613372803,0.3388916850090027,-0.035510968416929245,0.5008852481842041,0.3262099623680115,-0.035266902297735214,0.4810888469219208,0.32497525215148926,-0.03577679023146629,0.5424055457115173,0.410935640335083,-0.037137940526008606,0.5164914727210999,0.35817036032676697,-0.04247111454606056,0.4969407916069031,0.34387916326522827,-0.04127362743020058,0.4811130166053772,0.33750560879707336,-0.0401071161031723
9,right,0.2780658006668091,0.5055899620056152,1.847684671929528e-07,0.3041609227657318,0.4501550495624542,0.001264410326257348,0.31047579646110535,0.40311309695243835,-0.0037222178652882576,0.3196784555912018,0.36737385392189026,-0.011538566090166569,0.3292405605316162,0.34100183844566345,-0.017932051792740822,0.23791943490505219,0.3817358613014221,-0.0009959243470802903,0.2775035500526428,0.33253195881843567,-0.014149297028779984,0.30727294087409973,0.31883811950683594,-0.025089707225561142,0.3300105333328247,0.31513381004333496,-0.03191523998975754,0.23783168196678162,0.3876276910305023,-0.009132753126323223,0.28012320399284363,0.3331201374530792,-0.022201912477612495,0.31092482805252075,0.3229711353778839,-0.029122205451130867,0.3347204029560089,0.3226909339427948,-0.03219424560666084,0.24941445887088776,0.3954720199108124,-0.01792478933930397,0.29143521189689636,0.34624800086021423,-0.029184801504015923,0.32141968607902527,0.3357974886894226,-0.03139609098434448,0.34288427233695984,0.3350951373577118,-0.030830269679427147,0.26974400877952576,0.40269914269447327,-0.02709718979895115,0.3055936098098755,0.36638832092285156,-0.03336930647492409,0.3274216949939728,0.3560182452201843,-0.032887622714042664,0.3443561792373657,0.35193106532096863,-0.030970774590969086
9,left,0.5700264573097229,0.5185866355895996,-3.753589510324673e-07,0.5506430268287659,0.4526294469833374,0.00042556613334454596,0.5545913577079773,0.40466880798339844,-0.006272641476243734,0.554853081703186,0.3720788061618805,-0.015234430320560932,0.5539170503616333,0.348293662071228,-0.02464563027024269,0.6333998441696167,0.4038507640361786,-0.00860697589814663,0.5981200337409973,0.3453949987888336,-0.026622634381055832,0.5664598941802979,0.3250007629394531,-0.04155625030398369,0.5403653383255005,0.31932562589645386,-0.04972332715988159,0.6321515440940857,0.41622477769851685,-0.016192028298974037,0.5944949984550476,0.3480801582336426,-0.030969079583883286,0.5596489310264587,0.3294082581996918,-0.04147641360759735,0.531720757484436,0.32722485065460205,-0.048894498497247696,0.6211933493614197,0.4255673587322235,-0.02443254180252552,0.5892804265022278,0.3610386252403259,-0.03717869520187378,0.5564860105514526,0.3427373766899109,-0.04270792007446289,0.5308851003646851,0.3409020006656647,-0.045742426067590714,0.6026270389556885,0.43238869309425354,-0.03263429179787636,0.5788661241531372,0.3799296021461487,-0.04207786172628403,0.5569128394126892,0.3608304262161255,-0.04494735971093178,0.537782609462738,0.3523103594779968,-0.04599611833691597
10,right,0.2707158327102661,0.5270878076553345,1.7858926071312453e-07,0.30050987005233765,0.4730735421180725,0.0006684443796984851,0.3111400306224823,0.42554280161857605,-0.003983146511018276,0.3221895098686218,0.3900580406188965,-0.010931972414255142,0.331948459148407,0.3679144084453583,-0.0167403407394886,0.2405492514371872,0.3907671868801117,-0.002489943988621235,0.28708717226982117,0.3520515561103821,-0.015633368864655495,0.32087793946266174,0.3428284823894501,-0.027455462142825127,0.34634754061698914,0.34267479181289673,-0.03517591953277588,0.24119791388511658,0.399492084980011,-0.010132639668881893,0.2903845012187958,0.35606274008750916,-0.023155540227890015,0.3242146670818329,0.3483050465583801,-0.03054334782063961,0.3498185873031616,0.3501625657081604,-0.03451094403862953,0.25311750173568726,0.41285815834999084,-0.018363377079367638,0.29970258474349976,0.37082362174987793,-0.029867934063076973,0.33141565322875977,0.3612847626209259,-0.03252711147069931,0.3539316654205322,0.3607495427131653,-0.032561976462602615,0.2730189859867096,0.4271821677684784,-0.02696487493813038,0.31153497099876404,0.3932647109031677,-0.03329896554350853,0.3337155282497406,0.38384395837783813,-0.03292764723300934,0.35128870606422424,0.3804472088813782,-0.03134727105498314
10,left,0.5683101415634155,0.507477343082428,-3.242541026793333e-07,0.5615811347961426,0.4544036388397217,-0.008120402693748474,0.5620611310005188,0.398019939661026,-0.01853916049003601,0.5531195402145386,0.3574063777923584,-0.02840208075940609,0.5405170321464539,0.3308449387550354,-0.03896770626306534,0.6296018362045288,0.39940086007118225,-0.024253254756331444,0.5887178778648376,0.32824912667274475,-0.043742835521698,0.5544597506523132,0.3022869825363159,-0.057430449873209,0.5282378196716309,0.29306867718696594,-0.06443145871162415,0.6216060519218445,0.40288037061691284,-0.02741326205432415,0.5815223455429077,0.3288124203681946,-0.04364235699176788,0.5453827977180481,0.3060171604156494,-0.05192963033914566,0.5170032382011414,0.3007960021495819,-0.057110823690891266,0.6040089130401611,0.4048525393009186,-0.03099607117474079,0.570691704750061,0.3368254005908966,-0.04554108902812004,0.5365142822265625,0.319420725107193,-0.05037447810173035,0.5115271806716919,0.31795257329940796,-0.05199510231614113,0.580431342124939,0.4074587821960449,-0.034769002348184586,0.5557680130004883,0.35565218329429626,-0.04811829701066017,0.5330872535705566,0.3365183472633362,-0.052060566842556,0.515002965927124,0.32869040966033936,-0.05244550108909607
11,right,0.2568303942680359,0.5178322196006775,3.7340254266382544e-07,0.2850807309150696,0.46168380975723267,-0.0010335546685382724,0.2916412353515625,0.41490277647972107,-0.005878375377506018,0.29973962903022766,0.3804076015949249,-0.013202565722167492,0.3066813051700592,0.3535268306732178,-0.018845971673727036,0.21786043047904968,0.39214402437210083,0.0002763447700999677,0.2604723572731018,0.346050500869751,-0.015091346576809883,0.2931939363479614,0.33247798681259155,-0.02860233001410961,0.31882259249687195,0.3307080566883087,-0.03652438148856163,0.2186284065246582,0.39954766631126404,-0.006403729319572449,0.2614164650440216,0.34754979610443115,-0.021594464778900146,0.2943339943885803,0.3347046971321106,-0.030744915828108788,0.3209582567214966,0.3341052532196045,-0.035218898206949234,0.2305147647857666,0.4091695547103882,-0.014292426407337189,0.27193814516067505,0.3603608310222626,-0.026723116636276245,0.3035717010498047,0.34720486402511597,-0.029980327934026718,0.32662031054496765,0.3454333543777466,-0.029998870566487312,0.2508707046508789,0.4192768633365631,-0.022882893681526184,0.28463178873062134,0.3815479874610901,-0.029875973239541054,0.3059418201446533,0.3696301281452179,-0.029504572972655296,0.32291489839553833,0.36552613973617554,-0.027504634112119675
11,left,0.534471333026886,0.502737283706665,-3.535763823947491e-07,0.5493825674057007,0.45227697491645813,0.007295507472008467,0.5620650053024292,0.4084704518318176,0.0006340847467072308,0.566116452217102,0.37490224838256836,-0.008747672662138939,0.5624959468841553,0.35419249534606934,-0.018629498779773712,0.5743844509124756,0.3823741674423218,-0.016929779201745987,0.5326754450798035,0.31675368547439575,-0.03420327231287956,0.5027641654014587,0.3115587830543518,-0.043752048164606094,0.4864581525325775,0.3210477828979492,-0.0471402183175087,0.5631502270698547,0.39259976148605347,-0.027346933260560036,0.5204193592071533,0.31665587425231934,-0.0410613976418972,0.49195972084999084,0.315097838640213,-0.04465390741825104,0.4778458774089813,0.3301985263824463,-0.046161141246557236,0.5449504256248474,0.40349826216697693,-0.03675878793001175,0.508468747138977,0.3337210416793823,-0.044284578412771225,0.4833134114742279,0.3309198021888733,-0.042095862329006195,0.4706108272075653,0.3412075936794281,-0.04038025438785553,0.5227881073951721,0.4136950969696045,-0.04548319801688194,0.49643516540527344,0.35998180508613586,-0.04778885468840599,0.48087039589881897,0.3506186902523041,-0.04377080872654915,0.4704538881778717,0.3517921566963196,-0.04091548174619675
12,right,0.2703559100627899,0.505424439907074,2.6634131700120633e-07,0.29824286699295044,0.4486818015575409,0.0006941508036106825,0.305716335773468,0.40243321657180786,-0.004632304422557354,0.3164606988430023,0.3668312132358551,-0.01270370464771986,0.324868381023407,0.3396952748298645,-0.019068116322159767,0.2294856160879135,0.37898001074790955,-0.0011532572098076344,0.271109402179718,0.331908255815506,-0.01505324337631464,0.30081868171691895,0.3178207278251648,-0.026038022711873055,0.32464268803596497,0.31361091136932373,-0.032387543469667435,0.22906585037708282,0.3862132132053375,-0.008935851976275444,0.2760860323905945,0.33322301506996155,-0.02304939739406109,0.30723631381988525,0.3244449496269226,-0.02994687855243683,0.33109840750694275,0.32406750321388245,-0.03257520869374275,0.2404036968946457,0.3957797586917877,-0.01752609759569168,0.2870887517929077,0.34859776496887207,-0.030432451516389847,0.3184964060783386,0.33975666761398315,-0.03316716104745865,0.3408457934856415,0.33973705768585205,-0.032145265489816666,0.26068636775016785,0.40434786677360535,-0.02642989717423916,0.2987188994884491,0.3689870834350586,-0.03404556214809418,0.32141876220703125,0.3599860966205597,-0.03397902473807335,0.3386840522289276,0.35699063539505005,-0.031760409474372864
12,left,0.5536245703697205,0.5093789100646973,-3.864208224513277e-07,0.5446271896362305,0.45342516899108887,0.0017272135009989142,0.5435848832130432,0.4016905725002289,-0.005017071962356567,0.5331571102142334,0.3623179495334625,-0.01335851103067398,0.5176620483398438,0.3392796814441681,-0.0224748682230711,0.5976248979568481,0.3790971636772156,-0.014094317331910133,0.548041045665741,0.3258054256439209,-0.03189584240317345,0.5126721262931824,0.3165837526321411,-0.04477531835436821,0.4882407784461975,0.32021504640579224,-0.05115535855293274,0.5919399857521057,0.39015886187553406,-0.020942559465765953,0.5386903882026672,0.33395451307296753,-0.03231072053313255,0.5041040182113647,0.3262859880924225,-0.03790702298283577,0.479479044675827,0.33141234517097473,-0.04275565221905708,0.5765315294265747,0.4017247259616852,-0.027909129858016968,0.529870331287384,0.3490506112575531,-0.03736801818013191,0.4974566698074341,0.34143197536468506,-0.03919938579201698,0.47459518909454346,0.34556305408477783,-0.04093014448881149,0.5532205104827881,0.41275444626808167,-0.03458145633339882,0.5190206170082092,0.371218740940094,-0.04260724037885666,0.4959409832954407,0.3619453012943268,-0.04379589110612869,0.4775736331939697,0.3594227135181427,-0.043906208127737045
13,right,0.26592689752578735,0.5226380228996277,1.4493316768948716e-07,0.2967380881309509,0.46917566657066345,0.0005055825458839536,0.3067062199115753,0.4202112555503845,-0.003759715473279357,0.3166028559207916,0.38487088680267334,-0.010242924094200134,0.3256576657295227,0.3618271052837372,-0.015586169436573982,0.23714514076709747,0.3845938444137573,-0.0021047110203653574,0.2829113304615021,0.3450062572956085,-0.01524527557194233,0.31693726778030396,0.3379055857658386,-0.026672396808862686,0.34147337079048157,0.3402669131755829,-0.033764347434043884,0.2367037832736969,0.39215871691703796,-0.009309706278145313,0.2858635485172272,0.34744346141815186,-0.021889107301831245,0.31980979442596436,0.3431415855884552,-0.028888996690511703,0.34454983472824097,0.34842827916145325,-0.03232673555612564,0.24774585664272308,0.4047193229198456,-0.01720104180276394,0.29490330815315247,0.362735778093338,-0.028970658779144287,0.3263978958129883,0.355788916349411,-0.03217705711722374,0.3485974967479706,0.35849764943122864,-0.032306816428899765,0.2673364579677582,0.4187316298484802,-0.025355994701385498,0.30609941482543945,0.38628554344177246,-0.03252604231238365,0.32933855056762695,0.3780907690525055,-0.03303898498415947,0.3475361168384552,0.3762788474559784,-0.031809281557798386
13,left,0.5565962195396423,0.484092116355896,-2.8916011274304765e-07,0.5352981686592102,0.4174005091190338,0.003139210632070899,0.5389367341995239,0.3701916038990021,-0.0009545768843963742,0.5392279624938965,0.3355782628059387,-0.007239119149744511,0.5382490754127502,0.3103012442588806,-0.01396193541586399,0.6156648397445679,0.3761027455329895,-0.007182548753917217,0.5792720317840576,0.3151826858520508,-0.02089294232428074,0.5468437671661377,0.29270756244659424,-0.031634025275707245,0.5223347544670105,0.28609463572502136,-0.03742951154708862,0.6135913729667664,0.38448482751846313,-0.014809466898441315,0.5772284269332886,0.31151556968688965,-0.026409411802887917,0.5426785349845886,0.29195213317871094,-0.03295539319515228,0.5154274106025696,0.29090970754623413,-0.03754805400967598,0.600532054901123,0.3907490670681,-0.02261260524392128,0.5673125386238098,0.3212692141532898,-0.03262753039598465,0.5366845726966858,0.3044944107532501,-0.03552946448326111,0.5137204527854919,0.3034602105617523,-0.03714581951498985,0.5786547660827637,0.39469456672668457,-0.030150597915053368,0.555447518825531,0.34003910422325134,-0.0384015291929245,0.5343769788742065,0.3232218027114868,-0.040498036891222,0.5166916251182556,0.31754785776138306,-0.04134201630949974
14,right,0.2504846453666687,0.5307138562202454,2.6721815515884373e-07,0.28181982040405273,0.4787510335445404,-0.0006494141416624188,0.29151269793510437,0.4284362196922302,-0.005215195007622242,0.3023236095905304,0.39302027225494385,-0.012036148458719254,0.31506791710853577,0.3690793514251709,-0.01751461811363697,0.2230282723903656,0.3919083774089813,-0.0025675445795059204,0.2746061682701111,0.3540591895580292,-0.01695314422249794,0.310617059469223,0.34665563702583313,-0.02967439964413643,0.337131142616272,0.3482098877429962,-0.037752438336610794,0.22357308864593506,0.4018230438232422,-0.009693625383079052,0.2755258083343506,0.3610888123512268,-0.023718399927020073,0.3117094337940216,0.3545607924461365,-0.031646110117435455,0.338998943567276,0.35715240240097046,-0.03602194786071777,0.2350929081439972,0.4161319434642792,-0.017759282141923904,0.2835170328617096,0.3768043518066406,-0.030211912468075752,0.31748849153518677,0.3683347702026367,-0.03325381129980087,0.3419105112552643,0.3690364360809326,-0.033466704189777374,0.2548326551914215,0.43052539229393005,-0.02637890912592411,0.2934039533138275,0.3989778459072113,-0.03325372934341431,0.3158576190471649,0.39101067185401917,-0.03296557813882828,0.3334951400756836,0.3894921839237213,-0.03140873834490776
14,left,0.5251765251159668,0.4900607466697693,-3.367312615409901e-07,0.5465204119682312,0.43838900327682495,0.006744328420609236,0.5574560165405273,0.39292606711387634,0.0015812072670087218,0.5472065806388855,0.3563505709171295,-0.005923861172050238,0.5304201245307922,0.3368668556213379,-0.013696624897420406,0.5711621642112732,0.37160807847976685,-0.014292399398982525,0.5322238206863403,0.308845579624176,-0.029783420264720917,0.5042081475257874,0.30295583605766296,-0.03787053003907204,0.48911455273628235,0.31283119320869446,-0.04027831181883812,0.5582572221755981,0.37959182262420654,-0.02354368008673191,0.5187560319900513,0.3090078830718994,-0.03520782291889191,0.49294185638427734,0.30703991651535034,-0.03739747405052185,0.4804398715496063,0.32244038581848145,-0.037915993481874466,0.5399772524833679,0.3891289234161377,-0.03202712908387184,0.5073046684265137,0.3215610682964325,-0.038972266018390656,0.4847952425479889,0.3195827901363373,-0.036327511072158813,0.47351810336112976,0.3326697051525116,-0.03407937288284302,0.5181822180747986,0.3991786241531372,-0.0398295633494854,0.494752436876297,0.3480893075466156,-0.04278166592121124,0.4812004864215851,0.3383077383041382,-0.039357610046863556,0.4721839129924774,0.3411322832107544,-0.03644873574376106
15,right,0.2586824893951416,0.5034862160682678,4.052386373132322e-07,0.2907175123691559,0.44286611676216125,-0.000744759920053184,0.30053848028182983,0.39563804864883423,-0.0052861664444208145,0.3109375834465027,0.36282795667648315,-0.012540762312710285,0.3178975284099579,0.3370538353919983,-0.017938030883669853,0.2177312672138214,0.3746581971645355,0.001818783930502832,0.26552945375442505,0.3343823254108429,-0.014601392671465874,0.2994953989982605,0.3216511309146881,-0.028922321274876595,0.32647237181663513,0.317852646112442,-0.037596285343170166,0.21585190296173096,0.3810523748397827,-0.005717444699257612,0.2643430233001709,0.3331933319568634,-0.023805318400263786,0.29962432384490967,0.3227121829986572,-0.03436224162578583,0.3283005654811859,0.3221520781517029,-0.038924019783735275,0.2260376214981079,0.3904801607131958,-0.01461203396320343,0.27347251772880554,0.3462117314338684,-0.030493343248963356,0.3078312277793884,0.3347523808479309,-0.03548586368560791,0.33338066935539246,0.331567645072937,-0.03553531691431999,0.24587532877922058,0.3999061584472656,-0.024094512686133385,0.2861604690551758,0.36703914403915405,-0.03368228301405907,0.3101039528846741,0.3564523160457611,-0.03488100692629814,0.32948848605155945,0.3513509929180145,-0.03337741270661354
15,left,0.5355091094970703,0.520340085029602,-4.1398968164685357e-07,0.5165802836418152,0.45977145433425903,0.002816880587488413,0.5161468386650085,0.4121013283729553,-0.0027299271896481514,0.5100681781768799,0.3762844204902649,-0.009899669326841831,0.5005564093589783,0.3504146933555603,-0.018119333311915398,0.5738725662231445,0.39224112033843994,-0.013211123645305634,0.526342511177063,0.33800676465034485,-0.028515344485640526,0.4920024275779724,0.3304133117198944,-0.03917258232831955,0.4711973965167999,0.33504462242126465,-0.04439283907413483,0.5698397159576416,0.4046725034713745,-0.020429203286767006,0.5199903249740601,0.342364639043808,-0.03213934227824211,0.4865056872367859,0.33630433678627014,-0.03666814789175987,0.4639970362186432,0.34264594316482544,-0.03970231115818024,0.5550245046615601,0.4177733361721039,-0.027357488870620728,0.5110728144645691,0.3568708896636963,-0.03785460814833641,0.4804252088069916,0.3477424383163452,-0.038036517798900604,0.46053576469421387,0.3496452569961548,-0.03740662336349487,0.5318834185600281,0.43010377883911133,-0.03371987119317055,0.501128077507019,0.3797307312488556,-0.04223688319325447,0.4809913635253906,0.3651984632015228,-0.04225309565663338,0.4663380980491638,0.35857564210891724,-0.04080183058977127
16,right,0.2746545970439911,0.492622435092926,1.542198049264698e-07,0.3046521544456482,0.44347986578941345,-0.002059484599158168,0.3134613633155823,0.3975628912448883,-0.008744311518967152,0.323112815618515,0.3617304563522339,-0.01780075952410698,0.3309180736541748,0.33924001455307007,-0.02512994408607483,0.24460548162460327,0.3673582375049591,-0.007436961401253939,0.2925195097923279,0.32345932722091675,-0.024656426161527634,0.32566407322883606,0.3285052180290222,-0.03664226830005646,0.346398264169693,0.34155333042144775,-0.04305999353528023,0.24081677198410034,0.3751852512359619,-0.014103904366493225,0.2917041778564453,0.32724085450172424,-0.03129536285996437,0.3249288499355316,0.33205124735832214,-0.03758864477276802,0.34766510128974915,0.3457532525062561,-0.03979690000414848,0.24881385266780853,0.387925386428833,-0.022043654695153236,0.29781031608581543,0.34401935338974,-0.03635774180293083,0.32901886105537415,0.3453393280506134,-0.03806043416261673,0.3503400683403015,0.3547433316707611,-0.03686582297086716,0.26619720458984375,0.4030973017215729,-0.030523454770445824,0.307162880897522,0.3735366761684418,-0.037629444152116776,0.32981064915657043,0.36713626980781555,-0.037343136966228485,0.3468547761440277,0.366642564535141,-0.03600899502635002
16,left,0.5586283206939697,0.5222596526145935,-3.0545689355676586e-07,0.5385199785232544,0.46151238679885864,-0.0019623253028839827,0.5427747368812561,0.41329219937324524,-0.009122268296778202,0.5448673367500305,0.3774253726005554,-0.017486559227108955,0.5417044758796692,0.35156938433647156,-0.026036210358142853,0.612874448299408,0.4039745628833771,-0.012841430492699146,0.5771660804748535,0.3471972346305847,-0.02924245037138462,0.5479190945625305,0.3264981210231781,-0.041947342455387115,0.5255976319313049,0.3221665620803833,-0.04898228123784065,0.6122215986251831,0.4141192138195038,-0.018425485119223595,0.5720792412757874,0.3499048054218292,-0.031913161277770996,0.5399110913276672,0.33423173427581787,-0.039623863995075226,0.5140845775604248,0.3354388177394867,-0.04520444571971893,0.6015317440032959,0.4232883155345917,-0.024653563275933266,0.5635051727294922,0.3605331480503082,-0.036436326801776886,0.531040370464325,0.34637683629989624,-0.03978664055466652,0.5059469938278198,0.3481397032737732,-0.04172254726290703,0.5828869938850403,0.4311566948890686,-0.03111058473587036,0.5527860522270203,0.38157227635383606,-0.04171052947640419,0.5294116735458374,0.36511701345443726,-0.0453011728823185,0.5099376440048218,0.35817617177963257,-0.04682232066988945
17,right,0.2671315670013428,0.524275541305542,2.5712614615258644e-07,0.29840001463890076,0.47010737657546997,-0.0012888716300949454,0.30843424797058105,0.4216884970664978,-0.006504697259515524,0.31998181343078613,0.3877831995487213,-0.013563050888478756,0.3304714560508728,0.36262354254722595,-0.01930021494626999,0.23641616106033325,0.388542115688324,-0.0027094122488051653,0.2838016748428345,0.3533552289009094,-0.01801951415836811,0.3179282248020172,0.34331515431404114,-0.03155054897069931,0.34519508481025696,0.3420802056789398,-0.040136195719242096,0.23252971470355988,0.3974848985671997,-0.009868220426142216,0.2872037887573242,0.35828012228012085,-0.02612815797328949,0.324903279542923,0.3516300320625305,-0.035400647670030594,0.3528507947921753,0.35308781266212463,-0.03973682224750519,0.24116858839988708,0.41160789132118225,-0.01804354041814804,0.2946541905403137,0.37429457902908325,-0.033713486045598984,0.33048057556152344,0.36746200919151306,-0.03825704753398895,0.3547295928001404,0.36788108944892883,-0.03809675574302673,0.25918132066726685,0.42629751563072205,-0.026603812351822853,0.3035533130168915,0.39580753445625305,-0.03689763322472572,0.3292387127876282,0.3893112540245056,-0.03812654688954353,0.3481115698814392,0.38804978132247925,-0.0364842489361763
17,left,0.5451545715332031,0.49938076734542847,-3.9203763435580186e-07,0.5655518770217896,0.4438219666481018,0.004105388652533293,0.5812423825263977,0.3927766680717468,-0.0011628519278019667,0.5670112371444702,0.35081806778907776,-0.008092683739960194,0.5465024709701538,0.33086472749710083,-0.014854400418698788,0.5986728072166443,0.3685052990913391,-0.011401110328733921,0.5550033450126648,0.3048935830593109,-0.02691700868308544,0.5222921371459961,0.30112549662590027,-0.036290187388658524,0.5049101710319519,0.31318047642707825,-0.03962540999054909,0.5840030908584595,0.37624499201774597,-0.018295621499419212,0.5406628847122192,0.3103426992893219,-0.02873782254755497,0.5117639899253845,0.3095552623271942,-0.032479267567396164,0.4966607093811035,0.3245735764503479,-0.03475011885166168,0.5642529726028442,0.38600677251815796,-0.024830492213368416,0.5265692472457886,0.3265719711780548,-0.03105984814465046,0.5026359558105469,0.3243264853954315,-0.02921977825462818,0.48934856057167053,0.3365214169025421,-0.027853813022375107,0.5399140119552612,0.3966410458087921,-0.03089783899486065,0.5133850574493408,0.3503776788711548,-0.03286157548427582,0.4985025227069855,0.3416880965232849,-0.029219018295407295,0.487662672996521,0.3444916009902954,-0.0261944979429245
18,right,0.2514011561870575,0.5108394622802734,2.1963143126413343e-07,0.2808670997619629,0.44908615946769714,-0.0003353142528794706,0.28373610973358154,0.4000299572944641,-0.0052264174446463585,0.2896507680416107,0.36370205879211426,-0.01302179042249918,0.29699504375457764,0.3357222080230713,-0.019114118069410324,0.2089954912662506,0.3791494071483612,-0.0020167019683867693,0.2525905668735504,0.3337538242340088,-0.019201939925551414,0.2861499786376953,0.3230147361755371,-0.0329795703291893,0.3094368577003479,0.3201095759868622,-0.041709788143634796,0.20593759417533875,0.38718822598457336,-0.010571494698524475,0.25284913182258606,0.3315452039241791,-0.029168667271733284,0.2877601981163025,0.32540687918663025,-0.038130056113004684,0.3121362626552582,0.3267552852630615,-0.04221351072192192,0.21483679115772247,0.397683322429657,-0.0205730888992548,0.2576986849308014,0.3459780812263489,-0.037816371768713,0.28995728492736816,0.33585870265960693,-0.04169473797082901,0.3124479055404663,0.33406683802604675,-0.04145405441522598,0.2332392930984497,0.40819185972213745,-0.031029343605041504,0.27011749148368835,0.36949649453163147,-0.04180867224931717,0.29322487115859985,0.360592246055603,-0.04293256998062134,0.3106449246406555,0.35715556144714355,-0.04198567941784859
18,left,0.5494425296783447,0.5092726945877075,-3.676530297980207e-07,0.5629499554634094,0.4537203311920166,0.00823474396020174,0.5690368413925171,0.40394753217697144,0.0031808086205273867,0.5569273829460144,0.3633617162704468,-0.004970490466803312,0.5385090112686157,0.3387397825717926,-0.015016427263617516,0.6002820730209351,0.39108040928840637,-0.009760738350450993,0.5552653074264526,0.3286406993865967,-0.02611873298883438,0.5214023590087891,0.3125510513782501,-0.037773456424474716,0.4984363913536072,0.31242454051971436,-0.04320194199681282,0.5880395770072937,0.40000927448272705,-0.019653961062431335,0.5432641506195068,0.33021843433380127,-0.02980179898440838,0.5104477405548096,0.3176177740097046,-0.03396547958254814,0.4869377613067627,0.3210318684577942,-0.037550050765275955,0.5684952735900879,0.40874484181404114,-0.028962908312678337,0.5318545699119568,0.34275704622268677,-0.03654927387833595,0.5023993253707886,0.3311631977558136,-0.03689253702759743,0.48175421357154846,0.3339649438858032,-0.03755176067352295,0.5430063009262085,0.41591793298721313,-0.03735165670514107,0.5185816884040833,0.362806499004364,-0.042724329978227615,0.49991509318351746,0.3499036729335785,-0.04178709536790848,0.48415619134902954,0.34633058309555054,-0.04079395532608032
19,right,0.27593994140625,0.511252224445343,2.0208673845445446e-07,0.30502867698669434,0.45553234219551086,-0.0009364427533000708,0.31275492906570435,0.40913131833076477,-0.007031949236989021,0.3211961090564728,0.37436264753341675,-0.015482285059988499,0.3310207724571228,0.3484492301940918,-0.022590292617678642,0.23706915974617004,0.3781197667121887,-0.003864770755171776,0.2843366861343384,0.33246392011642456,-0.019058773294091225,0.3179014325141907,0.3207300007343292,-0.0317077562212944,0.3440168499946594,0.3171952962875366,-0.0397629551589489,0.23538902401924133,0.38385191559791565,-0.011847292073071003,0.28656214475631714,0.3324545621871948,-0.0275504719465971,0.322203129529953,0.32421743869781494,-0.03568265214562416,0.34951791167259216,0.3242684602737427,-0.03912803530693054,0.24629080295562744,0.3931539058685303,-0.02067313902080059,0.2967166006565094,0.34485167264938354,-0.035128023475408554,0.33083415031433105,0.33545488119125366,-0.03824874386191368,0.354827344417572,0.33427923917770386,-0.03757726028561592,0.2666095793247223,0.4023372232913971,-0.029968423768877983,0.3090798854827881,0.36778053641319275,-0.03889431431889534,0.33387619256973267,0.36166152358055115,-0.03858131915330887,0.35204505920410156,0.36069566011428833,-0.0361199676990509
19,left,0.573316752910614,0.5088346600532532,-3.667263399620424e-07,0.5528380274772644,0.44263672828674316,0.0016924190567806363,0.5561208128929138,0.394155353307724,-0.003182417480275035,0.5561076998710632,0.35869842767715454,-0.010728263296186924,0.5541952252388,0.33359524607658386,-0.018487803637981415,0.6350039839744568,0.39227357506752014,-0.0029386167880147696,0.5977305173873901,0.33371472358703613,-0.018188906833529472,0.565995991230011,0.31672075390815735,-0.031250618398189545,0.5416257977485657,0.3150962293148041,-0.03830523043870926,0.6345124840736389,0.4030148386955261,-0.010354660451412201,0.5950659513473511,0.3360365033149719,-0.022491980344057083,0.5606341361999512,0.3205077052116394,-0.031081607565283775,0.5328299403190613,0.3217712938785553,-0.03677348047494888,0.6242486238479614,0.4116624891757965,-0.018638331443071365,0.588873028755188,0.3485100269317627,-0.02944440394639969,0.5564001798629761,0.3334100842475891,-0.03362433984875679,0.5305681228637695,0.33412057161331177,-0.03546154499053955,0.6060258746147156,0.4187445640563965,-0.02696370892226696,0.5774747729301453,0.36922773718833923,-0.035711877048015594,0.5545408725738525,0.35174497961997986,-0.03834430128335953,0.5346159934997559,0.3446889817714691,-0.038819290697574615
20,right,0.273714154958725,0.5256580710411072,1.9016465557797346e-07,0.30527007579803467,0.4712599515914917,-0.0012747420696541667,0.31689897179603577,0.4223926365375519,-0.0072498442605137825,0.3298417329788208,0.3858431279659271,-0.015328476205468178,0.3410119414329529,0.36130866408348083,-0.02183951996266842,0.24480298161506653,0.38787439465522766,-0.003519501769915223,0.2925933599472046,0.34890326857566833,-0.017872564494609833,0.3272717297077179,0.34111884236335754,-0.03036932274699211,0.3531995117664337,0.34113407135009766,-0.03853568062186241,0.24357642233371735,0.39521339535713196,-0.011020408011972904,0.29469314217567444,0.3499091565608978,-0.02624635025858879,0.33044561743736267,0.34478116035461426,-0.03442645072937012,0.35685306787490845,0.34718596935272217,-0.03833158686757088,0.25422897934913635,0.40743595361709595,-0.019449204206466675,0.30299505591392517,0.36247482895851135,-0.03362434357404709,0.3371407091617584,0.35299354791641235,-0.03734187036752701,0.3617222011089325,0.35164332389831543,-0.03751838207244873,0.27434858679771423,0.42046672105789185,-0.028319185599684715,0.31606465578079224,0.3858793079853058,-0.037347909063100815,0.3406734764575958,0.37590187788009644,-0.03828660026192665,0.3597528636455536,0.37089046835899353,-0.03722751885652542
20,left,0.5805854797363281,0.5100167989730835,-4.4635163476414164e-07,0.5579206943511963,0.4413160979747772,0.003661441383883357,0.5588127374649048,0.38679611682891846,-0.003962514456361532,0.5565081238746643,0.3479073643684387,-0.013793681748211384,0.5556702017784119,0.3228004574775696,-0.023246638476848602,0.6311976909637451,0.3704598844051361,-0.014478909783065319,0.5927123427391052,0.30647537112236023,-0.035342443734407425,0.5550631880760193,0.2960982024669647,-0.049335867166519165,0.5280150771141052,0.3000783622264862,-0.055746689438819885,0.6345648765563965,0.3833070993423462,-0.0228715967386961,0.5915120244026184,0.3149859607219696,-0.040522150695323944,0.5519403219223022,0.3080083429813385,-0.04828285425901413,0.5246943831443787,0.31485697627067566,-0.05275154486298561,0.6266173124313354,0.3942332863807678,-0.031021565198898315,0.5861364603042603,0.33241143822669983,-0.04356062039732933,0.5509939789772034,0.3239268958568573,-0.04395465925335884,0.5261442065238953,0.32938775420188904,-0.04303968325257301,0.6104807257652283,0.40418541431427,-0.03887065872550011,0.5810362100601196,0.3599940836429596,-0.0444369874894619,0.5563193559646606,0.3486238121986389,-0.042219214141368866,0.5365914106369019,0.3472054600715637,-0.03989018127322197
21,right,0.26064732670783997,0.5295343399047852,3.647981259291555e-07,0.28861767053604126,0.4716287851333618,-0.0012704272521659732,0.2953517735004425,0.4213443398475647,-0.005958054680377245,0.30243799090385437,0.3844583332538605,-0.012945953756570816,0.3073144257068634,0.35686707496643066,-0.018480435013771057,0.22367583215236664,0.3956269323825836,-0.0014255684800446033,0.26736578345298767,0.3553747534751892,-0.01851927861571312,0.3017614185810089,0.34292447566986084,-0.03334352746605873,0.3291017413139343,0.3409321904182434,-0.04233551025390625,0.2202083021402359,0.40507104992866516,-0.008654261007905006,0.26723796129226685,0.35892874002456665,-0.02608155459165573,0.3036746680736542,0.34800878167152405,-0.03639998286962509,0.3318912982940674,0.3473759889602661,-0.04164772853255272,0.22873443365097046,0.4183114469051361,-0.017191119492053986,0.27352333068847656,0.37383753061294556,-0.03328677639365196,0.3083280622959137,0.36229169368743896,-0.03833555802702904,0.3337543308734894,0.36055701971054077,-0.038931913673877716,0.24641478061676025,0.4319782853126526,-0.02621440775692463,0.2854674458503723,0.39706507325172424,-0.03675498440861702,0.30993643403053284,0.3873645067214966,-0.03832918778061867,0.3291933536529541,0.38414791226387024,-0.037235159426927567
21,left,0.5501335859298706,0.5081994533538818,-3.5336387327333796e-07,0.5545594096183777,0.4476463496685028,0.005894516594707966,0.5589026212692261,0.39777687191963196,0.0022332812659442425,0.5472650527954102,0.3572006821632385,-0.004148582927882671,0.5296273827552795,0.33028486371040344,-0.01245814748108387,0.5975430011749268,0.38180461525917053,-0.006914551369845867,0.5571357607841492,0.31646695733070374,-0.019609641283750534,0.5262423753738403,0.30144447088241577,-0.028791727498173714,0.5067318081855774,0.3015758991241455,-0.03334574028849602,0.589539647102356,0.3931787610054016,-0.014997703954577446,0.5463072657585144,0.32148048281669617,-0.023664172738790512,0.5156068801879883,0.31025460362434387,-0.02808413654565811,0.4952687919139862,0.31403112411499023,-0.03182819113135338,0.5724968910217285,0.4038180410861969,-0.022649426013231277,0.5346410274505615,0.33663251996040344,-0.03135271370410919,0.5061057209968567,0.3250678479671478,-0.03325676918029785,0.4874859154224396,0.3285122513771057,-0.03409356251358986,0.5487656593322754,0.4121934771537781,-0.029437240213155746,0.5240322351455688,0.3582206964492798,-0.0368400402367115,0.5053574442863464,0.3436351418495178,-0.037131719291210175,0.4905477464199066,0.3401985168457031,-0.0360635481774807
22,right,0.27167510986328125,0.5075498819351196,3.404771291570796e-07,0.30520275235176086,0.4470371603965759,-0.002626294968649745,0.3126901686191559,0.39550673961639404,-0.007926899939775467,0.3217736482620239,0.35808199644088745,-0.015647366642951965,0.32594749331474304,0.33133578300476074,-0.020932169631123543,0.23215222358703613,0.3718867301940918,-0.0031958206091076136,0.28141114115715027,0.32710546255111694,-0.02181560918688774,0.31766998767852783,0.3195573389530182,-0.03600435331463814,0.34473270177841187,0.318416565656662,-0.044572971761226654,0.22753944993019104,0.38015657663345337,-0.010911332443356514,0.2809906005859375,0.324878066778183,-0.03140585124492645,0.31807777285575867,0.3201620876789093,-0.04034003987908363,0.34587445855140686,0.3227750360965729,-0.04382622614502907,0.23577553033828735,0.3916090130805969,-0.02049458585679531,0.28619906306266785,0.34230199456214905,-0.03898690640926361,0.32142505049705505,0.3317740559577942,-0.042614564299583435,0.3470951318740845,0.32887527346611023,-0.04172249510884285,0.25487858057022095,0.4044506251811981,-0.030934777110815048,0.2976277768611908,0.36793312430381775,-0.041824568063020706,0.32230034470558167,0.35851895809173584,-0.042732514441013336,0.3413507342338562,0.3538886308670044,-0.04147745296359062
22,left,0.5680303573608398,0.5176126956939697,-3.9109301042117295e-07,0.5426133275032043,0.45209550857543945,0.0011130168568342924,0.5416265726089478,0.4020613133907318,-0.006063925568014383,0.5380974411964417,0.3665657937526703,-0.014978129416704178,0.5337579846382141,0.3400030732154846,-0.024765130132436752,0.615526020526886,0.39284461736679077,-0.015367408283054829,0.5716899037361145,0.32947787642478943,-0.03374818339943886,0.5375081896781921,0.31312763690948486,-0.047471750527620316,0.5116090774536133,0.3114820718765259,-0.05443677678704262,0.6125113368034363,0.40479135513305664,-0.022842740640044212,0.5657208561897278,0.33311396837234497,-0.03647172451019287,0.5289124846458435,0.31931018829345703,-0.04430260881781578,0.5023068189620972,0.3201315402984619,-0.050358738750219345,0.5986254811286926,0.4151953458786011,-0.03036672994494438,0.5575207471847534,0.3471955358982086,-0.04182069003582001,0.5232331156730652,0.33553436398506165,-0.04524015635251999,0.5000008344650269,0.33658087253570557,-0.047650840133428574,0.5757312178611755,0.42360690236091614,-0.037595391273498535,0.5465246438980103,0.3703914284706116,-0.046718303114175797,0.5231339931488037,0.3571338653564453,-0.048541754484176636,0.5056145191192627,0.3528023064136505,-0.0491781085729599
23,right,0.28137919306755066,0.5154737830162048,1.819967678784451e-07,0.3119729161262512,0.458673357963562,-0.001212265924550593,0.32223349809646606,0.41225558519363403,-0.007444733288139105,0.3336687386035919,0.3756639063358307,-0.016047682613134384,0.34433358907699585,0.350974440574646,-0.023077692836523056,0.24918977916240692,0.38007041811943054,-0.0033645646180957556,0.2963544726371765,0.33636653423309326,-0.018207967281341553,0.3303278386592865,0.3290765881538391,-0.030532456934452057,0.35590362548828125,0.33012184500694275,-0.03815995156764984,0.24823611974716187,0.38715851306915283,-0.011029223911464214,0.2994421720504761,0.33775755763053894,-0.02665584161877632,0.33392685651779175,0.3329862952232361,-0.034694407135248184,0.3592664301395416,0.3367116451263428,-0.03795424848794937,0.259347528219223,0.39857134222984314,-0.019606489688158035,0.30826520919799805,0.3508969843387604,-0.03326844796538353,0.3406645655632019,0.3430192768573761,-0.03637746721506119,0.36356857419013977,0.34404653310775757,-0.035742420703172684,0.2787743806838989,0.41038253903388977,-0.028687575832009315,0.32010921835899353,0.37500235438346863,-0.03691518306732178,0.34342384338378906,0.365679532289505,-0.037032876163721085,0.3613257110118866,0.3622604012489319,-0.035036299377679825
23,left,0.5741183161735535,0.5002908706665039,-3.1125730970416043e-07,0.5572613477706909,0.43116021156311035,0.00621053809300065,0.5620900988578796,0.3838583528995514,0.002944577718153596,0.5619286894798279,0.34973958134651184,-0.0032343859784305096,0.5606255531311035,0.32532674074172974,-0.009936651214957237,0.6377986669540405,0.39030778408050537,-0.0032710516825318336,0.6038545370101929,0.327587366104126,-0.015505652874708176,0.5733999609947205,0.30424439907073975,-0.02568143978714943,0.5501272678375244,0.2958306074142456,-0.031559236347675323,0.6352180242538452,0.39920574426651,-0.012702970765531063,0.6011092066764832,0.32343459129333496,-0.023169832304120064,0.5682709813117981,0.3028298020362854,-0.03029119223356247,0.5428747534751892,0.297383189201355,-0.035672493278980255,0.6217707991600037,0.4057350158691406,-0.021947696805000305,0.5914835929870605,0.3331129848957062,-0.031590402126312256,0.561947762966156,0.31452545523643494,-0.03499191626906395,0.5396162271499634,0.30968260765075684,-0.03713751956820488,0.5986842513084412,0.4096330404281616,-0.030544854700565338,0.5766944289207458,0.3532772660255432,-0.03827014937996864,0.5568587779998779,0.3350762128829956,-0.039991818368434906,0.5400104522705078,0.3267962336540222,-0.040693506598472595
24,right,0.26954466104507446,0.5069762468338013,2.5044616336344916e-07,0.3041456341743469,0.4570329189300537,-0.003780324710533023,0.3151110112667084,0.4103209674358368,-0.011334997601807117,0.32867950201034546,0.37570226192474365,-0.02102641761302948,0.34000062942504883,0.3522090017795563,-0.028655897825956345,0.23956234753131866,0.3770592510700226,-0.009488269686698914,0.2943034768104553,0.33401086926460266,-0.028803132474422455,0.3328542709350586,0.3332769274711609,-0.04267273098230362,0.3597375452518463,0.3393223285675049,-0.05078974738717079,0.23587580025196075,0.38514670729637146,-0.0166623517870903,0.29522499442100525,0.3373481035232544,-0.037044867873191833,0.33385518193244934,0.3379579186439514,-0.04477668181061745,0.3611207604408264,0.34606868028640747,-0.04777981713414192,0.24460703134536743,0.39782923460006714,-0.02538638561964035,0.30120840668678284,0.3549838960170746,-0.043241456151008606,0.3372420072555542,0.3525180220603943,-0.04570886865258217,0.362111359834671,0.3575133979320526,-0.04444766789674759,0.2639049291610718,0.41161197423934937,-0.0348990224301815,0.31052902340888977,0.38198408484458923,-0.04474622756242752,0.3355647921562195,0.37674519419670105,-0.04470985755324364,0.35435718297958374,0.376156210899353,-0.04310081526637077
24,left,0.5426761507987976,0.49249011278152466,-4.3572782715273206e-07,0.552819550037384,0.4338214695453644,0.008749265223741531,0.5635550022125244,0.38327333331108093,0.0038561851251870394,0.5543545484542847,0.34180882573127747,-0.003465634770691395,0.5388690233230591,0.320422500371933,-0.011101700365543365,0.5924937725067139,0.3604218661785126,-0.011385523714125156,0.5544402599334717,0.2912513017654419,-0.025906138122081757,0.5251342058181763,0.2895370125770569,-0.03433063626289368,0.5103447437286377,0.3039022982120514,-0.037213653326034546,0.5811898708343506,0.3698667585849762,-0.02045147679746151,0.54361492395401,0.29748421907424927,-0.02924763783812523,0.515968918800354,0.2974393367767334,-0.030919263139367104,0.5022602677345276,0.31326958537101746,-0.032373834401369095,0.5634878277778625,0.38110464811325073,-0.028464440256357193,0.5308074951171875,0.3121647238731384,-0.03210016340017319,0.5072434544563293,0.31013157963752747,-0.027154598385095596,0.49468737840652466,0.3217751979827881,-0.024837307631969452,0.5410934090614319,0.3922618627548218,-0.035681311041116714,0.5158499479293823,0.3401986062526703,-0.035821907222270966,0.5004867911338806,0.3285115957260132,-0.029870983213186264,0.48955705761909485,0.3270222842693329,-0.0258457213640213
25,right,0.27373093366622925,0.5027832984924316,4.1436257447458047e-07,0.30080723762512207,0.4450613856315613,-0.0005321708740666509,0.3055175542831421,0.3982776999473572,-0.005754969548434019,0.3131101131439209,0.36318787932395935,-0.013101328164339066,0.3211008608341217,0.33652985095977783,-0.018770815804600716,0.22828727960586548,0.3783639669418335,-0.003483265172690153,0.2761322855949402,0.3309818506240845,-0.020501229912042618,0.31009116768836975,0.3157999813556671,-0.03459969535470009,0.339000403881073,0.30907508730888367,-0.04329921305179596,0.22669528424739838,0.38434821367263794,-0.011439003050327301,0.27803704142570496,0.32983946800231934,-0.03002292290329933,0.3147675395011902,0.31827065348625183,-0.03963644057512283,0.3441254198551178,0.3152475357055664,-0.04367593675851822,0.23743674159049988,0.3928148150444031,-0.020365815609693527,0.28705233335494995,0.34293416142463684,-0.035970576107501984,0.3214440643787384,0.329855740070343,-0.03990308567881584,0.345791757106781,0.3247954249382019,-0.03962045907974243,0.2572433650493622,0.4003640413284302,-0.029815563932061195,0.2978995144367218,0.36329349875450134,-0.03917602077126503,0.3214702606201172,0.35307830572128296,-0.03952017426490784,0.33918389678001404,0.34889474511146545,-0.03751029446721077
25,left,0.5460320711135864,0.5005884170532227,-3.569419391169504e-07,0.5510196089744568,0.4446440637111664,0.0054325200617313385,0.5558339357376099,0.3966812789440155,-0.0011149339843541384,0.5452545285224915,0.35563763976097107,-0.010050955228507519,0.5290128588676453,0.3293361961841583,-0.020362282171845436,0.5991493463516235,0.38380444049835205,-0.012324283830821514,0.5588016510009766,0.3175322711467743,-0.02882668562233448,0.5270722508430481,0.2994813621044159,-0.0399649441242218,0.5061601400375366,0.29816722869873047,-0.045135095715522766,0.5883129239082336,0.39205458760261536,-0.02103610336780548,0.5475391149520874,0.3163253366947174,-0.03288545832037926,0.5150490403175354,0.30389758944511414,-0.037231218069791794,0.49310967326164246,0.30719274282455444,-0.04018386825919151,0.5694510340690613,0.3987422287464142,-0.029329949989914894,0.5347937345504761,0.32782304286956787,-0.038217831403017044,0.5057130455970764,0.31625691056251526,-0.038512684404850006,0.48677611351013184,0.3187069594860077,-0.03859252855181694,0.544754683971405,0.40342840552330017,-0.03696568310260773,0.5211297273635864,0.3490351438522339,-0.04307275265455246,0.5026557445526123,0.3368555009365082,-0.042401380836963654,0.4883100986480713,0.33294400572776794,-0.041296638548374176
26,right,0.2844808101654053,0.5066854357719421,1.605372688118223e-07,0.31250953674316406,0.4537288546562195,-0.0007052390719763935,0.32194799184799194,0.4060753285884857,-0.006729125045239925,0.33138585090637207,0.36899736523628235,-0.014916345477104187,0.3404838442802429,0.3443301022052765,-0.02181437611579895,0.251015841960907,0.37763845920562744,-0.005176931153982878,0.29570239782333374,0.3327919542789459,-0.01968519389629364,0.3289026916027069,0.3252602219581604,-0.03137999400496483,0.35318225622177124,0.3269082307815552,-0.03836487606167793,0.2503145635128021,0.38495203852653503,-0.012487797066569328,0.29863396286964417,0.33271074295043945,-0.026580024510622025,0.33259859681129456,0.32670873403549194,-0.033545803278684616,0.3576219379901886,0.3303180932998657,-0.03648574277758598,0.26156288385391235,0.395048052072525,-0.020530756562948227,0.30855169892311096,0.34595274925231934,-0.033787526190280914,0.34100013971328735,0.3374682068824768,-0.036816734820604324,0.3640074133872986,0.33890044689178467,-0.03630755841732025,0.28138917684555054,0.4049009680747986,-0.028837056830525398,0.32125169038772583,0.367935448884964,-0.036878444254398346,0.34507113695144653,0.35889163613319397,-0.03713591769337654,0.36302950978279114,0.3564717173576355,-0.035411618649959564
26,left,0.5623287558555603,0.4960166811943054,-3.340782086524996e-07,0.542910099029541,0.43071886897087097,0.003224567510187626,0.5457885265350342,0.3828008770942688,-0.001996915554627776,0.5449866056442261,0.34691643714904785,-0.009282540529966354,0.5413394570350647,0.3204319477081299,-0.017059072852134705,0.6203057765960693,0.3816033601760864,-0.009311308152973652,0.5817087292671204,0.3177948594093323,-0.02424311637878418,0.5492913722991943,0.29651713371276855,-0.03583867475390434,0.5249241590499878,0.29049432277679443,-0.04206882789731026,0.6169676780700684,0.3911133408546448,-0.01720423810184002,0.5786926746368408,0.31705498695373535,-0.029008302837610245,0.5450276732444763,0.2989472448825836,-0.03538619726896286,0.5192297697067261,0.2968219220638275,-0.04014769196510315,0.6029112339019775,0.3979306221008301,-0.025087282061576843,0.5676431655883789,0.3284146785736084,-0.03566151484847069,0.5368183255195618,0.3137250244617462,-0.037819668650627136,0.5146082043647766,0.3127242922782898,-0.0390179380774498,0.5801752805709839,0.4018517732620239,-0.032592665404081345,0.5543029308319092,0.34884247183799744,-0.04135779291391373,0.5334616303443909,0.33365753293037415,-0.042802631855010986,0.516947329044342,0.3272899389266968,-0.04294394701719284
27,right,0.27684617042541504,0.5284869074821472,2.6089441007570713e-07,0.31096693873405457,0.47312551736831665,-0.0025493199937045574,0.3227463960647583,0.4252457022666931,-0.00871632993221283,0.33575475215911865,0.3913123905658722,-0.016727101057767868,0.34655529260635376,0.36664247512817383,-0.02316087670624256,0.24814341962337494,0.38961395621299744,-0.004868051037192345,0.29893097281455994,0.35132455825805664,-0.021418413147330284,0.3347877264022827,0.34386879205703735,-0.0352591872215271,0.36249253153800964,0.3416720926761627,-0.04405602067708969,0.24692624807357788,0.398050993680954,-0.012225288897752762,0.30298808217048645,0.35535961389541626,-0.029675643891096115,0.34119126200675964,0.3498334288597107,-0.03862863779067993,0.3698667883872986,0.34984028339385986,-0.04272531345486641,0.2571090757846832,0.41170164942741394,-0.020764579996466637,0.3118266463279724,0.37155115604400635,-0.03729518875479698,0.34794747829437256,0.36416229605674744,-0.04119923710823059,0.37321433424949646,0.3623405694961548,-0.04072697088122368,0.2762138545513153,0.4261060357093811,-0.0298555176705122,0.3207891285419464,0.39489808678627014,-0.04046984016895294,0.3463704288005829,0.38772380352020264,-0.04113123193383217,0.3656342327594757,0.3842371702194214,-0.03920381888747215
27,left,0.5443766713142395,0.49115264415740967,-4.323159430441592e-07,0.5585172176361084,0.4314348101615906,0.007225568871945143,0.5696825385093689,0.38022878766059875,0.003384875599294901,0.5589911341667175,0.3383358120918274,-0.002798740053549409,0.5435732007026672,0.31640034914016724,-0.009062851779162884,0.5932044982910156,0.3562406599521637,-0.007668178528547287,0.555279016494751,0.29199159145355225,-0.022550463676452637,0.5254707336425781,0.2883346378803253,-0.03200738504528999,0.5080345869064331,0.3009432554244995,-0.03547117859125137,0.5833246111869812,0.36533322930336,-0.015904853120446205,0.5434155464172363,0.29738232493400574,-0.025803646072745323,0.5147289633750916,0.29534977674484253,-0.02922213263809681,0.4983552098274231,0.3104756772518158,-0.03136583790183067,0.5666674971580505,0.3758779466152191,-0.023697955533862114,0.5295222997665405,0.3135582208633423,-0.029473232105374336,0.5057753324508667,0.31031376123428345,-0.026992548257112503,0.4921236038208008,0.32097387313842773,-0.025392595678567886,0.5444270968437195,0.3868395686149597,-0.030781611800193787,0.5167064666748047,0.33840757608413696,-0.032383065670728683,0.5015659928321838,0.3294958174228668,-0.027803128585219383,0.4904537796974182,0.33054521679878235,-0.024257337674498558
28,right,0.2620314657688141,0.5112326145172119,2.460846815210971e-07,0.2939385771751404,0.4497913122177124,-0.0021013107616454363,0.29785946011543274,0.39831942319869995,-0.007784950081259012,0.304401159286499,0.36086490750312805,-0.016292089596390724,0.31269240379333496,0.333207905292511,-0.0228195171803236,0.2218451052904129,0.37886789441108704,-0.0038432267028838396,0.2685967683792114,0.33078238368034363,-0.022464027628302574,0.3052920699119568,0.3214349150657654,-0.03680777922272682,0.3314840495586395,0.3199896216392517,-0.045712362974882126,0.21883225440979004,0.3879701793193817,-0.012128378264605999,0.2683672308921814,0.3317036032676697,-0.03208208084106445,0.3055996894836426,0.3232628107070923,-0.04127214476466179,0.3324652910232544,0.32350412011146545,-0.04548204690217972,0.22823631763458252,0.3996841609477997,-0.022166915237903595,0.2739275395870209,0.34697937965393066,-0.04027625545859337,0.3080630302429199,0.3347633481025696,-0.04424622282385826,0.3327886462211609,0.33147576451301575,-0.044022172689437866,0.2475753128528595,0.41124972701072693,-0.03294755890965462,0.28712525963783264,0.37204793095588684,-0.04408666864037514,0.31147995591163635,0.36147165298461914,-0.04527287930250168,0.3306577503681183,0.35685303807258606,-0.044443774968385696
28,left,0.5570402145385742,0.5033910870552063,-4.0830073544384504e-07,0.532183825969696,0.4361988604068756,0.003674234263598919,0.531195342540741,0.3899597227573395,-0.0028090737760066986,0.5270457863807678,0.35272619128227234,-0.01190177071839571,0.5210793018341064,0.32411646842956543,-0.021804871037602425,0.6038270592689514,0.3791769742965698,-0.010228179395198822,0.5608441829681396,0.3157041668891907,-0.026743751019239426,0.5269138813018799,0.3007358908653259,-0.03905278444290161,0.5038138628005981,0.3016582727432251,-0.04544069617986679,0.599642276763916,0.3879846930503845,-0.018655285239219666,0.5545482039451599,0.31386980414390564,-0.031605444848537445,0.5187685489654541,0.30459195375442505,-0.03862610086798668,0.49413421750068665,0.3098405599594116,-0.04357444494962692,0.5854761004447937,0.39567169547080994,-0.027004867792129517,0.5435488820075989,0.3272961378097534,-0.037009578198194504,0.5107137560844421,0.31853926181793213,-0.03952265903353691,0.48883822560310364,0.321786105632782,-0.0413421206176281,0.5628852248191833,0.40242522954940796,-0.03503691032528877,0.5320225954055786,0.35153821110725403,-0.04253991320729256,0.5095292925834656,0.33969059586524963,-0.043877288699150085,0.49271148443222046,0.33543920516967773,-0.04432054981589317
29,right,0.2882847189903259,0.49850454926490784,2.398391245606035e-07,0.3201364278793335,0.44247227907180786,-0.001263911253772676,0.3243991434574127,0.39523643255233765,-0.007137381937354803,0.33045804500579834,0.36080560088157654,-0.015770629048347473,0.338422954082489,0.335651695728302,-0.022470638155937195,0.2494780719280243,0.36788538098335266,-0.004707731306552887,0.2989833652973175,0.3176695704460144,-0.021407298743724823,0.3333679735660553,0.3137229084968567,-0.03352239355444908,0.3573944866657257,0.3193163275718689,-0.04037538170814514,0.24747008085250854,0.3743883967399597,-0.012170044705271721,0.30394789576530457,0.3184365928173065,-0.02989823743700981,0.3383561670780182,0.32006609439849854,-0.037201471626758575,0.36088991165161133,0.33043912053108215,-0.03981670364737511,0.2579243779182434,0.38423413038253784,-0.020910371094942093,0.31356173753738403,0.3350127339363098,-0.03496425598859787,0.34568896889686584,0.3341072201728821,-0.037008725106716156,0.36590251326560974,0.34202539920806885,-0.03577636927366257,0.27762070298194885,0.39540690183639526,-0.03035084344446659,0.3216802775859833,0.36052727699279785,-0.037548162043094635,0.34549617767333984,0.3542412519454956,-0.037320658564567566,0.3620361387729645,0.3544136583805084,-0.03568725660443306
29,left,0.5687605738639832,0.4959383010864258,-3.523119005421904e-07,0.5485799312591553,0.4280301332473755,0.005495829042047262,0.5513513684272766,0.3807651996612549,0.0010431675473228097,0.5501346588134766,0.3445262312889099,-0.005989762023091316,0.5473813414573669,0.31821125745773315,-0.013624015264213085,0.6279022693634033,0.3798767924308777,-0.006863112561404705,0.5875166058540344,0.3169519901275635,-0.02030082605779171,0.5544610023498535,0.29751530289649963,-0.031072592362761497,0.530276894569397,0.293484091758728,-0.037125468254089355,0.6254515647888184,0.38940131664276123,-0.015647638589143753,0.5849459767341614,0.3153006434440613,-0.02637576311826706,0.5501066446304321,0.2993136942386627,-0.03273879364132881,0.5237389802932739,0.29886603355407715,-0.0378011092543602,0.6119822263717651,0.39676880836486816,-0.024111280217766762,0.5751324892044067,0.32703086733818054,-0.0335366427898407,0.5434561371803284,0.3134383261203766,-0.035799916833639145,0.5205756425857544,0.3136369287967682,-0.037413354963064194,0.5893128514289856,0.40139639377593994,-0.03201230242848396,0.562076210975647,0.3484121263027191,-0.0399128682911396,0.5408582091331482,0.3322469890117645,-0.04149603471159935,0.5237227082252502,0.3253573179244995,-0.04202241078019142
30,right,0.28164541721343994,0.5168547034263611,1.944209344628689e-07,0.3130587637424469,0.4616647958755493,0.00017801104695536196,0.32378771901130676,0.4151075780391693,-0.004641971085220575,0.33618348836898804,0.3800554871559143,-0.012058140709996223,0.3472829759120941,0.35489344596862793,-0.018202604725956917,0.25098881125450134,0.3786030113697052,-0.0005298108444549143,0.2984921932220459,0.33817625045776367,-0.0144670894369483,0.33198633790016174,0.32901450991630554,-0.026406915858387947,0.3577877879142761,0.32712921500205994,-0.03394409641623497,0.25003108382225037,0.3850894272327423,-0.008564078249037266,0.3022487461566925,0.33929988741874695,-0.023319385945796967,0.33745211362838745,0.3349713087081909,-0.031308863312006,0.36384496092796326,0.3377278745174408,-0.034796059131622314,0.2605695426464081,0.39676836133003235,-0.017530281096696854,0.31180691719055176,0.3539969027042389,-0.03187352418899536,0.3458494544029236,0.3478527367115021,-0.03582213073968887,0.3700546324253082,0.3483846187591553,-0.03550693020224571,0.2798921465873718,0.409633994102478,-0.02680056542158127,0.32228100299835205,0.3766002655029297,-0.035763632506132126,0.34729883074760437,0.36873602867126465,-0.03656601533293724,0.3663564920425415,0.3652099668979645,-0.0349159799516201
30,left,0.5441545248031616,0.486870676279068,-4.251919847320096e-07,0.5553441643714905,0.4326913058757782,0.00796898640692234,0.566775918006897,0.3837912082672119,0.0026142040733247995,0.558529794216156,0.3452146351337433,-0.004558679647743702,0.5452533960342407,0.32567426562309265,-0.011811169795691967,0.5924932360649109,0.35743749141693115,-0.015296192839741707,0.5532288551330566,0.28887873888015747,-0.02946271374821663,0.5243764519691467,0.2888396680355072,-0.03640110045671463,0.5099086761474609,0.3028718829154968,-0.03808039054274559,0.5828111171722412,0.36583560705184937,-0.02382436953485012,0.5441715717315674,0.29177314043045044,-0.03299538791179657,0.516488790512085,0.29332318902015686,-0.03342267498373985,0.5030737519264221,0.30856868624687195,-0.03353801369667053,0.5657357573509216,0.37580910325050354,-0.031041396781802177,0.5319028496742249,0.30583375692367554,-0.03475011885166168,0.5077380537986755,0.3044970631599426,-0.0291062630712986,0.49505478143692017,0.31586354970932007,-0.02597031742334366,0.5432966351509094,0.38605791330337524,-0.03745317459106445,0.5164293050765991,0.3354548513889313,-0.03696921840310097,0.5011953711509705,0.32508066296577454,-0.03038083389401436,0.49082934856414795,0.32472100853919983,-0.025794798508286476
31,right,0.27568694949150085,0.5087840557098389,3.94895835142961e-07,0.3037349283695221,0.4517628252506256,-0.0012665257090702653,0.308168888092041,0.40424787998199463,-0.006568573880940676,0.31551510095596313,0.36862868070602417,-0.014034426771104336,0.3227809965610504,0.34061139822006226,-0.01976219192147255,0.23365435004234314,0.381997674703598,-0.0031759203411638737,0.279282808303833,0.3349628746509552,-0.020325548946857452,0.3140620291233063,0.3218787908554077,-0.03437525033950806,0.34172436594963074,0.3198409676551819,-0.04256732389330864,0.23182107508182526,0.3886926770210266,-0.010096311569213867,0.28050854802131653,0.33338749408721924,-0.027859129011631012,0.31698426604270935,0.32359081506729126,-0.03720570728182793,0.3447082042694092,0.3250296115875244,-0.041158564388751984,0.24221152067184448,0.3977414071559906,-0.018169082701206207,0.2887657880783081,0.346070796251297,-0.033248331397771835,0.3228394389152527,0.33499056100845337,-0.03731067478656769,0.34655100107192993,0.3342810273170471,-0.037154704332351685,0.2616989016532898,0.40613099932670593,-0.026770655065774918,0.300528883934021,0.369000107049942,-0.03610648214817047,0.3239695727825165,0.3587198257446289,-0.03709276393055916,0.3415178060531616,0.355511337518692,-0.035580169409513474
31,left,0.5491989850997925,0.49780651926994324,-3.8386164646908583e-07,0.5320528745651245,0.4358348846435547,0.00405478710308671,0.5320011973381042,0.39012160897254944,-0.0028766384348273277,0.5251796841621399,0.3525558412075043,-0.011901157908141613,0.5145893096923828,0.32475200295448303,-0.021831732243299484,0.5987882614135742,0.37768611311912537,-0.012849155813455582,0.5577065348625183,0.3132036030292511,-0.02774663455784321,0.5255433320999146,0.29912298917770386,-0.03776353970170021,0.5047862529754639,0.3010764718055725,-0.04273645579814911,0.5928691625595093,0.38593927025794983,-0.02115274965763092,0.5496000647544861,0.3104114234447479,-0.033156659454107285,0.5160875916481018,0.3019082248210907,-0.037878844887018204,0.49398571252822876,0.3083649277687073,-0.041049059480428696,0.5773824453353882,0.3935587704181671,-0.028999043628573418,0.5372134447097778,0.3224185109138489,-0.03872152045369148,0.5071173310279846,0.3138638734817505,-0.039312828332185745,0.48814019560813904,0.3184523284435272,-0.039520263671875,0.5542690753936768,0.3999202251434326,-0.036278631538152695,0.524934709072113,0.3456851840019226,-0.04383484646677971,0.5044329762458801,0.33506831526756287,-0.04378269240260124,0.48978644609451294,0.3329536020755768,-0.04290289804339409
32,right,0.2909654676914215,0.5069347023963928,2.524916453694459e-07,0.31792959570884705,0.44772201776504517,0.0011382360244169831,0.32360485196113586,0.4023609459400177,-0.004168013110756874,0.3315226137638092,0.3686705231666565,-0.012498845346271992,0.3392098546028137,0.3426983952522278,-0.019424237310886383,0.24762345850467682,0.38184893131256104,-0.0011850094888359308,0.2888009250164032,0.33073896169662476,-0.01567104272544384,0.3190988302230835,0.31498709321022034,-0.0274571031332016,0.34348031878471375,0.30942973494529724,-0.03447219356894493,0.2469848096370697,0.3880417048931122,-0.009804938919842243,0.2941421568393707,0.3320806622505188,-0.024728482589125633,0.3271556496620178,0.32154569029808044,-0.03256731107831001,0.3522445559501648,0.32086706161499023,-0.035820458084344864,0.25884556770324707,0.39562201499938965,-0.01917036809027195,0.3060247004032135,0.34383630752563477,-0.03283527120947838,0.33871006965637207,0.3342404365539551,-0.03622811287641525,0.36193108558654785,0.334272176027298,-0.03558836504817009,0.27980348467826843,0.40222257375717163,-0.028805797919631004,0.318183571100235,0.36228471994400024,-0.03703022375702858,0.34163418412208557,0.35271430015563965,-0.03704650700092316,0.3594001829624176,0.3496781289577484,-0.03481321781873703
32,left,0.5628758072853088,0.4927677512168884,-3.439409113070724e-07,0.5393520593643188,0.4284748435020447,0.002073299139738083,0.5406320095062256,0.3821090757846832,-0.0040610008873045444,0.5389328598976135,0.34687626361846924,-0.011934000998735428,0.535028874874115,0.320130318403244,-0.02047296240925789,0.6160798072814941,0.37783971428871155,-0.011501641012728214,0.575239360332489,0.31460440158843994,-0.026028748601675034,0.541869580745697,0.2958199977874756,-0.03750569745898247,0.5182042717933655,0.2922671139240265,-0.04389999434351921,0.6133345365524292,0.38593676686286926,-0.0184785146266222,0.5725839734077454,0.3124581277370453,-0.02997887320816517,0.5375471711158752,0.29729944467544556,-0.036432914435863495,0.5121615529060364,0.2982075810432434,-0.04145355150103569,0.599898636341095,0.39222800731658936,-0.025308050215244293,0.5619567632675171,0.3237469792366028,-0.03501511365175247,0.5293129682540894,0.3108069896697998,-0.03774614259600639,0.5066619515419006,0.31149375438690186,-0.0398683175444603,0.577578604221344,0.3964546322822571,-0.031851522624492645,0.5492632985115051,0.3471418023109436,-0.03990143910050392,0.5264615416526794,0.3319077789783478,-0.04210547357797623,0.5089460611343384,0.32538607716560364,-0.043253131210803986
33,right,0.2803311049938202,0.5171692371368408,3.112005515504279e-07,0.30644091963768005,0.4601055979728699,-0.0013469898840412498,0.3135237395763397,0.41477030515670776,-0.007840698584914207,0.323565810918808,0.3787901699542999,-0.016577988862991333,0.33484986424446106,0.3520156741142273,-0.023831769824028015,0.23873446881771088,0.38923370838165283,-0.004242811817675829,0.2867368161678314,0.3404792547225952,-0.020749835297465324,0.32247185707092285,0.3250974416732788,-0.03465215116739273,0.35065793991088867,0.3184904456138611,-0.043346356600522995,0.2379698008298874,0.3960588872432709,-0.01184463407844305,0.28875261545181274,0.3431280255317688,-0.0290539488196373,0.3262783885002136,0.3310541808605194,-0.03787830471992493,0.35490939021110535,0.3280678689479828,-0.04198142886161804,0.24921199679374695,0.40467655658721924,-0.02050289325416088,0.2998409569263458,0.3553045094013214,-0.036423444747924805,0.3347254693508148,0.34348636865615845,-0.04034562408924103,0.3593106269836426,0.3405380845069885,-0.03991572931408882,0.2692585587501526,0.41233018040657043,-0.029644198715686798,0.3106350302696228,0.37381482124328613,-0.03946560621261597,0.3352763056755066,0.3644576370716095,-0.04012686759233475,0.3540400266647339,0.36042600870132446,-0.038192182779312134
33,left,0.5607588887214661,0.48481041193008423,-2.573225117430411e-07,0.5695110559463501,0.43698468804359436,0.0001123397087212652,0.5747825503349304,0.3859013617038727,-0.0075842952355742455,0.5624603033065796,0.3453691601753235,-0.01660846546292305,0.5437750220298767,0.32132017612457275,-0.026959192007780075,0.614122211933136,0.3758417069911957,-0.01836010254919529,0.5754867792129517,0.3106551766395569,-0.03478780388832092,0.5435010194778442,0.2918879985809326,-0.04543856903910637,0.5220137238502502,0.28950035572052,-0.05049645155668259,0.6019793152809143,0.3832075595855713,-0.024760127067565918,0.5653469562530518,0.3130141496658325,-0.03709139674901962,0.533626139163971,0.29603493213653564,-0.04202340915799141,0.510615885257721,0.2958020269870758,-0.045515671372413635,0.5818846225738525,0.3901243209838867,-0.03080976940691471,0.5518426895141602,0.32363370060920715,-0.04149879887700081,0.5226194262504578,0.30902910232543945,-0.043168287724256516,0.5025467276573181,0.31097277998924255,-0.0435352548956871,0.5560821294784546,0.39494526386260986,-0.03638234734535217,0.537632167339325,0.34254127740859985,-0.04554152488708496,0.519784688949585,0.32505643367767334,-0.04686405137181282,0.5051774382591248,0.3200373947620392,-0.04640902578830719
34,right,0.27305442094802856,0.511023759841919,4.156392776621942e-07,0.2965647578239441,0.44768235087394714,-0.0003841223078779876,0.2976813018321991,0.4013019800186157,-0.005314301233738661,0.3035707175731659,0.3665388822555542,-0.012579193338751793,0.3113342821598053,0.3391684591770172,-0.018269110471010208,0.22187256813049316,0.38955777883529663,-0.0019057041499763727,0.2668219804763794,0.33872827887535095,-0.01830740086734295,0.2990558445453644,0.3193306624889374,-0.03235134854912758,0.32701626420021057,0.3083755373954773,-0.041240841150283813,0.22053304314613342,0.39559486508369446,-0.010055252350866795,0.2676290273666382,0.33723047375679016,-0.028624465689063072,0.30344054102897644,0.32141226530075073,-0.03884943202137947,0.3328356146812439,0.31502917408943176,-0.04323512688279152,0.23159052431583405,0.402978777885437,-0.01920989342033863,0.2780228555202484,0.3485810160636902,-0.035458534955978394,0.31201449036598206,0.3321828544139862,-0.040519289672374725,0.33654484152793884,0.32454872131347656,-0.04068268463015556,0.25131797790527344,0.40805137157440186,-0.028831223025918007,0.28951388597488403,0.36725395917892456,-0.03925272449851036,0.31328776478767395,0.355182945728302,-0.04050495848059654,0.33116278052330017,0.34937018156051636,-0.038922153413295746
34,left,0.5475296378135681,0.4949067533016205,-3.667102816962142e-07,0.5270681977272034,0.4346931576728821,0.0030386236030608416,0.5274024605751038,0.38838183879852295,-0.002971037058159709,0.5221495032310486,0.3537371754646301,-0.011256244964897633,0.5142714381217957,0.32640036940574646,-0.020490296185016632,0.5985197424888611,0.3791079521179199,-0.01033726241439581,0.5589814782142639,0.3163142800331116,-0.024961557239294052,0.5272787809371948,0.2992352545261383,-0.03529677167534828,0.5046621561050415,0.298174113035202,-0.040575508028268814,0.5938929915428162,0.3893899917602539,-0.01861344836652279,0.5527514815330505,0.3175751864910126,-0.030086476355791092,0.5185760855674744,0.3051244914531708,-0.03535822033882141,0.49549275636672974,0.30695074796676636,-0.03901314362883568,0.5793477296829224,0.3985031843185425,-0.026813147589564323,0.5412758588790894,0.3306970000267029,-0.03738268092274666,0.5107932686805725,0.3199220299720764,-0.0386127345263958,0.4914872646331787,0.3224813938140869,-0.03878965228796005,0.5562289953231812,0.4054819643497467,-0.0346473790705204,0.5278569459915161,0.3527778089046478,-0.04401688277721405,0.5075998306274414,0.3388633131980896,-0.045067284256219864,0.49352139234542847,0.3358581066131592,-0.044410817325115204
35,right,0.2874608635902405,0.5125382542610168,1.727201635048914e-07,0.3148534893989563,0.4533447325229645,0.0015834236983209848,0.32305264472961426,0.40611732006073,-0.0034790844656527042,0.3323155641555786,0.36918672919273376,-0.011340117081999779,0.34047988057136536,0.34409502148628235,-0.01822901889681816,0.24983608722686768,0.38099291920661926,-0.003280601231381297,0.2929750680923462,0.3309958577156067,-0.016825344413518906,0.3243260085582733,0.31611353158950806,-0.027310211211442947,0.34801793098449707,0.31129398941993713,-0.03360673412680626,0.2496630698442459,0.3878611624240875,-0.011832505464553833,0.29767751693725586,0.33273619413375854,-0.02549760788679123,0.3308185636997223,0.3240969777107239,-0.0318598672747612,0.35518166422843933,0.3250824213027954,-0.03429596126079559,0.26188749074935913,0.397361159324646,-0.020846255123615265,0.31009310483932495,0.3465900719165802,-0.033559318631887436,0.3418582081794739,0.3379332423210144,-0.03581245243549347,0.3639768064022064,0.3384782373905182,-0.03465558588504791,0.2827029228210449,0.4068075716495514,-0.03002171963453293,0.3226335942745209,0.3684716820716858,-0.03790830448269844,0.34688395261764526,0.3588991165161133,-0.037474293261766434,0.3650612235069275,0.35604336857795715,-0.034945812076330185
35,left,0.5619634389877319,0.49583521485328674,-3.712741261097108e-07,0.537488579750061,0.4310910105705261,0.0016107510309666395,0.539103090763092,0.383867084980011,-0.0042389798909425735,0.5375224351882935,0.3488990068435669,-0.011995922774076462,0.5338178873062134,0.3230198621749878,-0.020463397726416588,0.6167834401130676,0.3799188435077667,-0.01139454822987318,0.5750607848167419,0.316519558429718,-0.024942360818386078,0.5416866540908813,0.3012169599533081,-0.03531748801469803,0.5179092884063721,0.3014785647392273,-0.04123910889029503,0.6153135895729065,0.3898496627807617,-0.01862977258861065,0.5729665756225586,0.3175599277019501,-0.029613399878144264,0.5382637977600098,0.30283012986183167,-0.035897597670555115,0.5120006203651428,0.3043407201766968,-0.04093282297253609,0.6027276515960693,0.39821627736091614,-0.02582756243646145,0.5647516846656799,0.3286100924015045,-0.03634187951683998,0.5320445895195007,0.31473344564437866,-0.0396173857152462,0.5083330273628235,0.31548458337783813,-0.0418541245162487,0.5810176730155945,0.40391021966934204,-0.03273289278149605,0.5522259473800659,0.3530021905899048,-0.042907364666461945,0.5289077162742615,0.33569514751434326,-0.046544868499040604,0.5103763937950134,0.32831090688705444,-0.048325035721063614
36,right,0.2815997302532196,0.5242609977722168,2.9560959546870436e-07,0.31058669090270996,0.46432656049728394,-0.0019517760956659913,0.32041269540786743,0.4173593819141388,-0.008488534018397331,0.3328728675842285,0.3829415738582611,-0.017427632585167885,0.34368231892585754,0.3579098880290985,-0.024837784469127655,0.245548278093338,0.3872869312763214,-0.003987081348896027,0.2961619794368744,0.34378302097320557,-0.0212085023522377,0.3316774070262909,0.33304691314697266,-0.03540097549557686,0.3588973879814148,0.32932403683662415,-0.044111933559179306,0.24510756134986877,0.3965299129486084,-0.011689619161188602,0.30038607120513916,0.3494470715522766,-0.029660385102033615,0.33791428804397583,0.34150421619415283,-0.03874878212809563,0.3667392432689667,0.34042778611183167,-0.04280349984765053,0.2558577358722687,0.409066379070282,-0.020662548020482063,0.3107352554798126,0.3649437129497528,-0.036918044090270996,0.3457222282886505,0.3566025495529175,-0.04053284972906113,0.3705403506755829,0.3546625077724457,-0.039747387170791626,0.2754378616809845,0.4212324619293213,-0.03029075637459755,0.3196074366569519,0.38716647028923035,-0.03991343080997467,0.3445219099521637,0.3787340521812439,-0.040296733379364014,0.3634280860424042,0.3740561604499817,-0.03818543255329132
36,left,0.5598123073577881,0.48804759979248047,-2.8595954404408985e-07,0.5646152496337891,0.4385337829589844,0.0015776891959831119,0.569119930267334,0.38757383823394775,-0.004730367101728916,0.5593023896217346,0.3487381637096405,-0.012913651764392853,0.5425847768783569,0.32491737604141235,-0.022351063787937164,0.6120790839195251,0.37417396903038025,-0.01394303422421217,0.5717371106147766,0.310055136680603,-0.029333414509892464,0.5398064851760864,0.29519954323768616,-0.03943829983472824,0.5189417004585266,0.2965540885925293,-0.04414350539445877,0.6013725399971008,0.3811691999435425,-0.020922541618347168,0.5630014538764954,0.31366294622421265,-0.031750764697790146,0.5320143103599548,0.30029940605163574,-0.03593756631016731,0.5096487402915955,0.30164462327957153,-0.038816239684820175,0.5826218724250793,0.3881743848323822,-0.027715852484107018,0.5505187511444092,0.3244268596172333,-0.03766794875264168,0.5217472910881042,0.3119487166404724,-0.03895745798945427,0.5017532110214233,0.3135945498943329,-0.03904133290052414,0.557233452796936,0.39384251832962036,-0.034034132957458496,0.5347898006439209,0.3435525596141815,-0.0435192845761776,0.5162133574485779,0.32776787877082825,-0.044912781566381454,0.5014057755470276,0.32264941930770874,-0.04413396120071411
