1,right,0,0,0,0,0,0,0,0,0,0,0,0,0,0,0,0,0,0,0,0,0,0,0,0,0,0,0,0,0,0,0,0,0,0,0,0,0,0,0,0,0,0,0,0,0,0,0,0,0,0,0,0,0,0,0,0,0,0,0,0,0,0,0
1,left,0,0,0,0,0,0,0,0,0,0,0,0,0,0,0,0,0,0,0,0,0,0,0,0,0,0,0,0,0,0,0,0,0,0,0,0,0,0,0,0,0,0,0,0,0,0,0,0,0,0,0,0,0,0,0,0,0,0,0,0,0,0,0
2,right,0,0,0,0,0,0,0,0,0,0,0,0,0,0,0,0,0,0,0,0,0,0,0,0,0,0,0,0,0,0,0,0,0,0,0,0,0,0,0,0,0,0,0,0,0,0,0,0,0,0,0,0,0,0,0,0,0,0,0,0,0,0,0
2,left,0,0,0,0,0,0,0,0,0,0,0,0,0,0,0,0,0,0,0,0,0,0,0,0,0,0,0,0,0,0,0,0,0,0,0,0,0,0,0,0,0,0,0,0,0,0,0,0,0,0,0,0,0,0,0,0,0,0,0,0,0,0,0
3,right,0,0,0,0,0,0,0,0,0,0,0,0,0,0,0,0,0,0,0,0,0,0,0,0,0,0,0,0,0,0,0,0,0,0,0,0,0,0,0,0,0,0,0,0,0,0,0,0,0,0,0,0,0,0,0,0,0,0,0,0,0,0,0
3,left,0,0,0,0,0,0,0,0,0,0,0,0,0,0,0,0,0,0,0,0,0,0,0,0,0,0,0,0,0,0,0,0,0,0,0,0,0,0,0,0,0,0,0,0,0,0,0,0,0,0,0,0,0,0,0,0,0,0,0,0,0,0,0
4,right,0,0,0,0,0,0,0,0,0,0,0,0,0,0,0,0,0,0,0,0,0,0,0,0,0,0,0,0,0,0,0,0,0,0,0,0,0,0,0,0,0,0,0,0,0,0,0,0,0,0,0,0,0,0,0,0,0,0,0,0,0,0,0
4,left,0,0,0,0,0,0,0,0,0,0,0,0,0,0,0,0,0,0,0,0,0,0,0,0,0,0,0,0,0,0,0,0,0,0,0,0,0,0,0,0,0,0,0,0,0,0,0,0,0,0,0,0,0,0,0,0,0,0,0,0,0,0,0
5,right,0.22624796628952026,0.505495011806488,9.977146930850722e-08,0.2584872543811798,0.4417194724082947,-0.002272108569741249,0.264209508895874,0.39075785875320435,-0.01051325909793377,0.27199819684028625,0.34955546259880066,-0.02204800210893154,0.2784375548362732,0.319707453250885,-0.032527707517147064,0.19440829753875732,0.35485580563545227,-0.010245577432215214,0.24387776851654053,0.3151513636112213,-0.03023657016456127,0.2794262766838074,0.3164731562137604,-0.044842928647994995,0.30236154794692993,0.319135457277298,-0.054393500089645386,0.18697494268417358,0.3697507977485657,-0.01937907375395298,0.24304278194904327,0.33072370290756226,-0.040456295013427734,0.2795674800872803,0.3327189087867737,-0.04899710416793823,0.30606719851493835,0.3361385762691498,-0.054052580147981644,0.19149374961853027,0.3901228606700897,-0.030073201283812523,0.24531976878643036,0.35258641839027405,-0.04974833130836487,0.2791443467140198,0.34972959756851196,-0.052648529410362244,0.30508819222450256,0.35078829526901245,-0.05270875617861748,0.2051113098859787,0.4124731719493866,-0.041356973350048065,0.2478983998298645,0.3804394006729126,-0.05357673764228821,0.2739908695220947,0.3714858293533325,-0.054252807050943375,0.2959643602371216,0.3646168112754822,-0.0536414198577404
5,left,0.584492027759552,0.5623260736465454,-2.473210543030291e-07,0.5541672110557556,0.4986032247543335,0.004054372198879719,0.5539421439170837,0.4458724856376648,-0.0011452261824160814,0.5488623380661011,0.4069456458091736,-0.008602838963270187,0.5419569611549377,0.38114556670188904,-0.01644885540008545,0.629727840423584,0.4326532781124115,-0.00781252235174179,0.5933233499526978,0.3814379870891571,-0.021172326058149338,0.5625050663948059,0.36263027787208557,-0.031255319714546204,0.5398808121681213,0.3572501242160797,-0.036982566118240356,0.6318992972373962,0.44335296750068665,-0.016377080231904984,0.5906010270118713,0.3852747678756714,-0.02950279414653778,0.5564413070678711,0.3676355481147766,-0.03777863830327988,0.5295285582542419,0.3625969886779785,-0.043519794940948486,0.6233983635902405,0.455247700214386,-0.02452467754483223,0.5858704447746277,0.3952573239803314,-0.035859253257513046,0.553759753704071,0.37552398443222046,-0.0380573533475399,0.5293717384338379,0.3689950704574585,-0.038548409938812256,0.6046211123466492,0.46663007140159607,-0.032127972692251205,0.5766143798828125,0.41533100605010986,-0.04064185172319412,0.553989589214325,0.39535096287727356,-0.041225120425224304,0.5351104736328125,0.38647282123565674,-0.04056893661618233
6,right,0.2528838813304901,0.48920726776123047,2.1046759002274484e-07,0.2891818881034851,0.42456990480422974,-0.002766768215224147,0.29518771171569824,0.37274032831192017,-0.00945842545479536,0.30212804675102234,0.32909417152404785,-0.019617455080151558,0.3054063320159912,0.2930225431919098,-0.02840394899249077,0.22586655616760254,0.3385131061077118,-0.0024406753946095705,0.26553747057914734,0.28457826375961304,-0.018163491040468216,0.2908727526664734,0.2638653814792633,-0.029804542660713196,0.30837973952293396,0.25027379393577576,-0.03782317042350769,0.21651571989059448,0.3493146002292633,-0.01048548985272646,0.2724529504776001,0.308580219745636,-0.03230125457048416,0.3091328740119934,0.3083263337612152,-0.041575249284505844,0.33623772859573364,0.31255632638931274,-0.04551184922456741,0.22003474831581116,0.3642921447753906,-0.02023954875767231,0.2762972116470337,0.32761403918266296,-0.04038678854703903,0.3110884130001068,0.3257676661014557,-0.04372905194759369,0.337469220161438,0.3283727169036865,-0.04297081008553505,0.2326064109802246,0.3813785910606384,-0.0308554507791996,0.27925553917884827,0.35470476746559143,-0.04339708015322685,0.3056863844394684,0.348125696182251,-0.0451214425265789,0.3274933695793152,0.34349003434181213,-0.04450397938489914
6,left,0.581445038318634,0.5285499095916748,-3.218312087938102e-07,0.5552203059196472,0.45367053151130676,0.005933681037276983,0.5578945875167847,0.4019429087638855,0.003316810354590416,0.5547990798950195,0.36711180210113525,-0.00278905569575727,0.5497432351112366,0.3412781357765198,-0.00973566621541977,0.6362341046333313,0.39639127254486084,0.0024695955216884613,0.5917893052101135,0.3422607183456421,-0.00748063437640667,0.5574638247489929,0.3256075084209442,-0.017451494932174683,0.5322471261024475,0.31950944662094116,-0.02410009130835533,0.6375656723976135,0.40476131439208984,-0.007943294011056423,0.592897355556488,0.3394143581390381,-0.016436340287327766,0.5568389892578125,0.3238542079925537,-0.024737901985645294,0.5288323760032654,0.3214786648750305,-0.031453102827072144,0.6272890567779541,0.41313186287879944,-0.018550317734479904,0.5887843370437622,0.3467213213443756,-0.027203915640711784,0.5555977821350098,0.3319811224937439,-0.03168541193008423,0.5309736132621765,0.3288608193397522,-0.03502350673079491,0.6068766117095947,0.42042291164398193,-0.02886311337351799,0.5773584842681885,0.3677313029766083,-0.038226258009672165,0.5544160604476929,0.350565642118454,-0.041789811104536057,0.5358273983001709,0.3426916003227234,-0.043528635054826736
7,right,0.2592545747756958,0.5096595287322998,1.0490844459809523e-07,0.2958453297615051,0.4484621584415436,-0.00018553253903519362,0.3067161440849304,0.4039400815963745,-0.005680857691913843,0.3179028034210205,0.370891273021698,-0.01402515359222889,0.3298371136188507,0.345164954662323,-0.02080543152987957,0.23299911618232727,0.36147215962409973,-0.0015530791133642197,0.28442612290382385,0.3229888677597046,-0.016376525163650513,0.31882578134536743,0.3199133574962616,-0.028664415702223778,0.3440592586994171,0.32264184951782227,-0.036613911390304565,0.2302182912826538,0.36737895011901855,-0.009719724766910076,0.2896089553833008,0.3265964388847351,-0.025706244632601738,0.324091374874115,0.3275662958621979,-0.03406059741973877,0.3490728735923767,0.3335564434528351,-0.038057807832956314,0.23952144384384155,0.37994930148124695,-0.018991602584719658,0.2954978346824646,0.342031329870224,-0.03371686488389969,0.32827845215797424,0.33836737275123596,-0.03830309212207794,0.3519447445869446,0.3399989902973175,-0.03885309770703316,0.2577859163284302,0.39387449622154236,-0.02865387313067913,0.3033200204372406,0.36554476618766785,-0.0373978391289711,0.3277495503425598,0.3600255846977234,-0.03864758834242821,0.3466719388961792,0.35731422901153564,-0.03777390345931053
7,left,0.5741324424743652,0.4991786479949951,-3.648826236712921e-07,0.5497322678565979,0.4306986629962921,0.002553593832999468,0.550759494304657,0.3807671368122101,-0.0016497751930728555,0.5495532155036926,0.3454365134239197,-0.008088555186986923,0.5484046339988708,0.32083120942115784,-0.015408951789140701,0.6320525407791138,0.3829701542854309,-0.004092576913535595,0.5914921164512634,0.32341939210891724,-0.017518699169158936,0.5576173663139343,0.3026495575904846,-0.03003387339413166,0.5317667722702026,0.2936165928840637,-0.03743348643183708,0.6317821145057678,0.3901704251766205,-0.01135458704084158,0.5909197926521301,0.3203132152557373,-0.021918436512351036,0.5545114278793335,0.30052483081817627,-0.030263159424066544,0.5257761478424072,0.29584676027297974,-0.036538854241371155,0.6206846237182617,0.394806832075119,-0.018904559314250946,0.5839536190032959,0.3284618556499481,-0.02917281538248062,0.5507767796516418,0.31391891837120056,-0.0341670848429203,0.5258905291557312,0.31272247433662415,-0.03717216104269028,0.601026177406311,0.39749181270599365,-0.026174956932663918,0.5718388557434082,0.347969651222229,-0.035293128341436386,0.5485438704490662,0.33295854926109314,-0.03856319934129715,0.5288894176483154,0.3266216814517975,-0.0398966483771801
8,right,0.2536128759384155,0.497001051902771,1.5351658078088803e-07,0.2901383936405182,0.4392549395561218,-0.002989370608702302,0.29813024401664734,0.39274531602859497,-0.009887829422950745,0.3062622547149658,0.3550761938095093,-0.019443048164248466,0.3128575086593628,0.3271734118461609,-0.027322933077812195,0.2288925051689148,0.3538632392883301,-0.006451694760471582,0.2800050377845764,0.3157099783420563,-0.02520502544939518,0.316474050283432,0.31806322932243347,-0.03927573189139366,0.34075993299484253,0.32462939620018005,-0.047912679612636566,0.22244472801685333,0.36262327432632446,-0.01382753811776638,0.280722439289093,0.3227960169315338,-0.03514215722680092,0.3184860050678253,0.32646846771240234,-0.04450655356049538,0.3448878526687622,0.33665868639945984,-0.04846891015768051,0.2276490032672882,0.3761782646179199,-0.022767595946788788,0.28380244970321655,0.34029150009155273,-0.04154226928949356,0.3188720941543579,0.3404376208782196,-0.045378971844911575,0.3437587320804596,0.3466808497905731,-0.04480447992682457,0.2423940896987915,0.3915097117424011,-0.03241664171218872,0.2888756990432739,0.3663231432437897,-0.043281156569719315,0.3136211037635803,0.36244773864746094,-0.04462003707885742,0.3332187235355377,0.3610744774341583,-0.043683961033821106
8,left,0.5365275740623474,0.49569785594940186,-4.448183403837902e-07,0.5199429392814636,0.43319129943847656,0.014366776682436466,0.5233915448188782,0.38716357946395874,0.015441199764609337,0.520989179611206,0.35158276557922363,0.012007143348455429,0.5156808495521545,0.32661667466163635,0.008352731354534626,0.5667335391044617,0.36352741718292236,0.006973558571189642,0.5383684039115906,0.30735889077186584,-0.0029711162205785513,0.5137155055999756,0.30523616075515747,-0.010119348764419556,0.4980832040309906,0.3172198534011841,-0.012734995223581791,0.5673559904098511,0.371494859457016,-0.004883944056928158,0.5345305800437927,0.3061649203300476,-0.01315965037792921,0.506597101688385,0.3039010465145111,-0.017915047705173492,0.48863518238067627,0.31936395168304443,-0.02031424641609192,0.5617544054985046,0.38200855255126953,-0.016299040988087654,0.5302373766899109,0.3199682831764221,-0.022247401997447014,0.5034881234169006,0.3151678740978241,-0.02342420071363449,0.4870893359184265,0.32683098316192627,-0.023557037115097046,0.5497349500656128,0.39344045519828796,-0.02645094506442547,0.5216107368469238,0.3473009467124939,-0.02851848304271698,0.5025080442428589,0.33755016326904297,-0.026198197156190872,0.48866409063339233,0.3384166657924652,-0.02408035285770893
9,right,0.26404842734336853,0.4929795265197754,2.9372688459261553e-07,0.2974950969219208,0.43628156185150146,-0.00012219361087772995,0.3060990273952484,0.3903641402721405,-0.004912693053483963,0.31559574604034424,0.35532376170158386,-0.012187894433736801,0.32311734557151794,0.32563531398773193,-0.017904240638017654,0.23308004438877106,0.35845670104026794,8.539058762835339e-05,0.28020957112312317,0.32339364290237427,-0.015326162800192833,0.31266534328460693,0.30985912680625916,-0.028913095593452454,0.33867985010147095,0.3021638095378876,-0.03796040266752243,0.22834065556526184,0.3636136054992676,-0.007831638678908348,0.2809206247329712,0.32129400968551636,-0.025050703436136246,0.3160296380519867,0.314420610666275,-0.034280113875865936,0.34265321493148804,0.3122220039367676,-0.03879320248961449,0.2354191094636917,0.37321147322654724,-0.016993766650557518,0.2869558036327362,0.33358991146087646,-0.03319050744175911,0.3210749626159668,0.32504671812057495,-0.03758697956800461,0.34643709659576416,0.3227537274360657,-0.03778894245624542,0.2521025240421295,0.38377153873443604,-0.026635142043232918,0.29551735520362854,0.3537670373916626,-0.03747153654694557,0.32070446014404297,0.34736496210098267,-0.03937487676739693,0.3405189514160156,0.3449210524559021,-0.038595348596572876
9,left,0.5583441853523254,0.5058602690696716,-3.7195891877672693e-07,0.5333863496780396,0.4433712065219879,0.002655898919329047,0.5321885943412781,0.3927304148674011,-0.002978806383907795,0.5273723602294922,0.3548023998737335,-0.010544254444539547,0.5204496383666992,0.3285898268222809,-0.018653878942131996,0.6095783710479736,0.3819246292114258,-0.009833233430981636,0.5634123086929321,0.3248205780982971,-0.024725954979658127,0.5290238261222839,0.3096482753753662,-0.03653636947274208,0.5045585632324219,0.30804136395454407,-0.04311065375804901,0.6061622500419617,0.3896673917770386,-0.017620084807276726,0.5611864924430847,0.321144700050354,-0.029130905866622925,0.5253573060035706,0.30914607644081116,-0.03593277186155319,0.4989055395126343,0.3110635578632355,-0.041245732456445694,0.5911067724227905,0.39725661277770996,-0.025362608954310417,0.550538182258606,0.33136776089668274,-0.0350923016667366,0.5178369879722595,0.32014259696006775,-0.03822909668087959,0.49540045857429504,0.3206475079059601,-0.040641237050294876,0.5666635036468506,0.4046782851219177,-0.03278818354010582,0.5353923439979553,0.3562505543231964,-0.04082154110074043,0.5122976303100586,0.3420664370059967,-0.043091148138046265,0.49488565325737,0.33564960956573486,-0.04438158869743347
10,right,0.2651122808456421,0.5009798407554626,2.2704944058205e-07,0.2964724600315094,0.44989609718322754,-0.0013257910031825304,0.3088315725326538,0.4050205945968628,-0.007150722201913595,0.3226296305656433,0.3698345422744751,-0.01517090667039156,0.3331807255744934,0.3446441888809204,-0.02178628370165825,0.23883701860904694,0.3657493591308594,-0.003248868277296424,0.2904689610004425,0.33153587579727173,-0.018822867423295975,0.3252898156642914,0.32421499490737915,-0.03168557956814766,0.3526935577392578,0.32412323355674744,-0.03967539966106415,0.23617510497570038,0.37168648838996887,-0.010731028392910957,0.2928968369960785,0.3335510790348053,-0.02704419568181038,0.3289177417755127,0.33278989791870117,-0.03531710058450699,0.35550764203071594,0.3367091715335846,-0.03901134431362152,0.24497252702713013,0.38299015164375305,-0.019247379153966904,0.2995593845844269,0.34698498249053955,-0.034816235303878784,0.333402544260025,0.3453778624534607,-0.03857439383864403,0.35742485523223877,0.34831011295318604,-0.03807274252176285,0.2624945640563965,0.3956146836280823,-0.028203286230564117,0.3076862692832947,0.36867931485176086,-0.03790859505534172,0.3332677185535431,0.3644857108592987,-0.03877048194408417,0.3526960611343384,0.3635745048522949,-0.037073466926813126
10,left,0.5640150904655457,0.4921194314956665,-3.3852595038297295e-07,0.543300211429596,0.4268391728401184,0.0036321834195405245,0.5449904203414917,0.3791247308254242,-0.0010019891196861863,0.5430625081062317,0.34423816204071045,-0.008068641647696495,0.5392380952835083,0.31784749031066895,-0.015764787793159485,0.6217498779296875,0.3777022659778595,-0.005219072103500366,0.5807099938392639,0.3183410167694092,-0.019313715398311615,0.5479071140289307,0.29679542779922485,-0.031617507338523865,0.5230160355567932,0.28893622756004333,-0.03884328529238701,0.6197413206100464,0.3854122459888458,-0.013720092363655567,0.5798410773277283,0.31415387988090515,-0.024565385654568672,0.5447343587875366,0.295354425907135,-0.03220691531896591,0.5175691246986389,0.2904908061027527,-0.03834810480475426,0.6066803336143494,0.3917897045612335,-0.022407786920666695,0.571114718914032,0.3228927552700043,-0.0330011211335659,0.5383440256118774,0.30900266766548157,-0.03689785301685333,0.514587938785553,0.30776432156562805,-0.03956834599375725,0.58363938331604,0.3957076668739319,-0.03070059046149254,0.5557546019554138,0.3429464101791382,-0.04023030027747154,0.53300940990448,0.3267587721347809,-0.04314154013991356,0.5154551863670349,0.3193870782852173,-0.04461017996072769
11,right,0.26088249683380127,0.5000877380371094,3.2516715009478503e-07,0.2925611734390259,0.44904187321662903,-0.0016671956982463598,0.3021109700202942,0.40109822154045105,-0.007323332596570253,0.31298571825027466,0.3654259741306305,-0.014731982722878456,0.324215292930603,0.33736518025398254,-0.02057170495390892,0.22984160482883453,0.36470305919647217,-0.0040621389634907246,0.2803455591201782,0.3304964303970337,-0.0200737826526165,0.31511402130126953,0.3229857385158539,-0.033772729337215424,0.34353727102279663,0.3223232626914978,-0.042608294636011124,0.22488433122634888,0.372699111700058,-0.011016031727194786,0.2811397314071655,0.3305467367172241,-0.028776446357369423,0.3180902302265167,0.3294134736061096,-0.038435421884059906,0.3456791043281555,0.33429083228111267,-0.042795564979314804,0.23266246914863586,0.3852677345275879,-0.018885858356952667,0.2858389616012573,0.3456404209136963,-0.03500216454267502,0.3210449516773224,0.340596079826355,-0.03971267491579056,0.3460472524166107,0.3416604697704315,-0.03991953283548355,0.24964477121829987,0.398122102022171,-0.02716219611465931,0.2942717969417572,0.368901789188385,-0.038245342671871185,0.32025933265686035,0.36333683133125305,-0.040431469678878784,0.34009960293769836,0.3618808090686798,-0.03953193128108978
11,left,0.5523068308830261,0.5016055107116699,-4.25894427280582e-07,0.5303778052330017,0.44095999002456665,0.01107452530413866,0.5310919284820557,0.3927711546421051,0.007892465218901634,0.526707112789154,0.3583783507347107,0.001207541674375534,0.5202887058258057,0.337597131729126,-0.006218717433512211,0.5965235233306885,0.374938040971756,-0.005190063267946243,0.5555121898651123,0.31562262773513794,-0.01673523522913456,0.5258012413978577,0.30972668528556824,-0.024416543543338776,0.5073843598365784,0.3153446614742279,-0.02771834284067154,0.5912583470344543,0.3831166625022888,-0.01610170491039753,0.5497796535491943,0.3100922107696533,-0.026015574112534523,0.5181524157524109,0.30614224076271057,-0.03182803839445114,0.49705633521080017,0.31531792879104614,-0.0356336273252964,0.5765924453735352,0.39221519231796265,-0.025590572506189346,0.5402733683586121,0.3219609558582306,-0.031499214470386505,0.5110204815864563,0.3148394823074341,-0.03260703757405281,0.49165603518486023,0.31918174028396606,-0.033517107367515564,0.5534660220146179,0.4014072120189667,-0.03389202430844307,0.5242382287979126,0.3494306802749634,-0.035580381751060486,0.5054970383644104,0.3360472619533539,-0.03316356614232063,0.4906686842441559,0.33153650164604187,-0.03164691478013992
12,right,0.26988527178764343,0.5005677342414856,2.4854634261828323e-07,0.30222511291503906,0.448971152305603,-0.0012275028275325894,0.3129502534866333,0.4023890793323517,-0.00638536224141717,0.3246298134326935,0.3674527406692505,-0.013678512535989285,0.333272248506546,0.3405154347419739,-0.019181786105036736,0.23864825069904327,0.36810004711151123,-0.0013228993630036712,0.29063427448272705,0.33003997802734375,-0.016472283750772476,0.3257535398006439,0.32179057598114014,-0.029129885137081146,0.35243305563926697,0.3209412395954132,-0.0369090661406517,0.23598609864711761,0.3736046254634857,-0.008565173484385014,0.29205775260925293,0.3308904767036438,-0.024632200598716736,0.3281271159648895,0.3275385797023773,-0.03272710740566254,0.35488635301589966,0.33088263869285583,-0.03610128536820412,0.24554987251758575,0.38346749544143677,-0.01698150485754013,0.30004119873046875,0.3433852195739746,-0.03232085332274437,0.3346094787120819,0.3394536077976227,-0.03570735454559326,0.3588012456893921,0.34247666597366333,-0.03475715592503548,0.2645646631717682,0.3940693736076355,-0.025860920548439026,0.30979207158088684,0.36408641934394836,-0.035721953958272934,0.33525514602661133,0.35991984605789185,-0.03645087033510208,0.3542158603668213,0.36054620146751404,-0.03442639485001564
12,left,0.5711687803268433,0.5024522542953491,-3.6872413033961493e-07,0.5456059575080872,0.43820345401763916,0.001685089897364378,0.5454212427139282,0.3881819546222687,-0.004145517013967037,0.5423524379730225,0.351767361164093,-0.01190141960978508,0.5380535125732422,0.3258742690086365,-0.020121419802308083,0.6249291896820068,0.3827059864997864,-0.00966613832861185,0.5811322927474976,0.32190343737602234,-0.025493429973721504,0.5463289022445679,0.3039214611053467,-0.038569290190935135,0.5208563208580017,0.3002236783504486,-0.04605703428387642,0.6224690675735474,0.38902539014816284,-0.01693035662174225,0.5800168514251709,0.31858158111572266,-0.02947705052793026,0.5433900356292725,0.3035030663013458,-0.03705210983753204,0.5160237550735474,0.30339866876602173,-0.0426580049097538,0.608760416507721,0.39493370056152344,-0.02438010275363922,0.5703465938568115,0.3275076746940613,-0.03528860583901405,0.5368250608444214,0.3142735958099365,-0.03869649022817612,0.5127752423286438,0.3138241767883301,-0.04091911390423775,0.5858038663864136,0.4001618027687073,-0.03168570250272751,0.5561848878860474,0.35149097442626953,-0.04094281792640686,0.5323153138160706,0.33508381247520447,-0.0439324788749218,0.5134873986244202,0.3261781632900238,-0.045401930809020996
13,right,0.2669834792613983,0.5123864412307739,2.942855132914701e-07,0.2982853353023529,0.45928674936294556,-0.0023441414814442396,0.30873873829841614,0.41496601700782776,-0.008666823618113995,0.32083839178085327,0.38124942779541016,-0.016922635957598686,0.33109721541404724,0.3551243543624878,-0.023611968383193016,0.23587584495544434,0.3772728741168976,-0.003487891284748912,0.28793516755104065,0.3428713381290436,-0.02035587467253208,0.3234144449234009,0.33543744683265686,-0.034715667366981506,0.35077351331710815,0.3335975408554077,-0.043894749134778976,0.2323783040046692,0.38415396213531494,-0.010875449515879154,0.28865647315979004,0.34353989362716675,-0.028882740065455437,0.3258766531944275,0.3399091362953186,-0.03816760703921318,0.3544653058052063,0.3417493999004364,-0.04234512150287628,0.24042126536369324,0.3951111435890198,-0.01959945447742939,0.2965547442436218,0.3576546907424927,-0.03658829256892204,0.331849068403244,0.3531906306743622,-0.041000671684741974,0.35735654830932617,0.3533399701118469,-0.04078568145632744,0.2580726742744446,0.407603919506073,-0.028896408155560493,0.3055837154388428,0.3809868395328522,-0.040268849581480026,0.3324805796146393,0.37683287262916565,-0.04193193092942238,0.3529045581817627,0.37497520446777344,-0.040523648262023926
13,left,0.5683895349502563,0.4948561191558838,-4.378121047921013e-07,0.5437659025192261,0.4397682845592499,0.009033279493451118,0.5459567308425903,0.388223797082901,0.005283744540065527,0.5472096800804138,0.35304057598114014,-0.001708827679976821,0.5512591600418091,0.33179518580436707,-0.008753457106649876,0.605449914932251,0.34837037324905396,-0.0007732704398222268,0.5651905536651611,0.29291924834251404,-0.013375215232372284,0.5344823598861694,0.28946906328201294,-0.022342639043927193,0.5173137187957764,0.2997422218322754,-0.026147587224841118,0.6056366562843323,0.35709673166275024,-0.010196611285209656,0.5602092742919922,0.3001704216003418,-0.019386596977710724,0.5297179222106934,0.29981717467308044,-0.02432306297123432,0.511146605014801,0.31202811002731323,-0.02757897973060608,0.5960879325866699,0.3694065511226654,-0.019095810130238533,0.550057590007782,0.31775403022766113,-0.02487126551568508,0.5218649506568909,0.313418984413147,-0.023063503205776215,0.5038647651672363,0.32124653458595276,-0.021452412009239197,0.5780313014984131,0.3831961750984192,-0.02727498672902584,0.5406402945518494,0.34216612577438354,-0.028154145926237106,0.5198489427566528,0.32955873012542725,-0.023305298760533333,0.504368782043457,0.32675570249557495,-0.01943245530128479
14,right,0.2678619623184204,0.5036832094192505,3.8991814221844834e-07,0.2993263006210327,0.4492459297180176,-0.0022547102998942137,0.30836230516433716,0.4030771553516388,-0.007863065227866173,0.31691235303878784,0.3686893880367279,-0.015239059925079346,0.3230742812156677,0.33930113911628723,-0.020943358540534973,0.23232264816761017,0.37364768981933594,-0.002728106454014778,0.28161925077438354,0.3353673815727234,-0.018841184675693512,0.315373033285141,0.32190772891044617,-0.03305085375905037,0.3439215421676636,0.3153945207595825,-0.0422012060880661,0.2277727872133255,0.37887102365493774,-0.009659637697041035,0.2815355062484741,0.3350551128387451,-0.026568014174699783,0.3171400725841522,0.325600266456604,-0.03584824502468109,0.34604665637016296,0.3221946358680725,-0.04033325985074043,0.2359102964401245,0.38857361674308777,-0.017885860055685043,0.2893711030483246,0.345486044883728,-0.033899325877428055,0.32372453808784485,0.3352702856063843,-0.038484249264001846,0.3493294417858124,0.3304556906223297,-0.038911767303943634,0.2542508542537689,0.39811697602272034,-0.026717228814959526,0.30065232515335083,0.36751025915145874,-0.0377543568611145,0.326698899269104,0.3607582449913025,-0.039234329015016556,0.3466692566871643,0.3575208783149719,-0.037958450615406036
14,left,0.5704723596572876,0.5099878311157227,-4.076160564636666e-07,0.5459518432617188,0.4450845718383789,0.002363129984587431,0.5437187552452087,0.3946358561515808,-0.004191283136606216,0.5375226736068726,0.35526371002197266,-0.012801511213183403,0.5280158519744873,0.3271563947200775,-0.022325892001390457,0.6192280650138855,0.3815775215625763,-0.00981398206204176,0.5707986950874329,0.32469168305397034,-0.026091642677783966,0.5357485413551331,0.30908453464508057,-0.03956183046102524,0.5122052431106567,0.30743667483329773,-0.04715878143906593,0.6142810583114624,0.39076370000839233,-0.017681635916233063,0.5666394233703613,0.3240729570388794,-0.030621303245425224,0.5308752655982971,0.31407928466796875,-0.03877962380647659,0.5048410296440125,0.31716611981391907,-0.04484890401363373,0.5987079739570618,0.39976945519447327,-0.025577645748853683,0.55655837059021,0.3375815451145172,-0.03569977730512619,0.5234094262123108,0.32712042331695557,-0.039341531693935394,0.5001676082611084,0.3276497423648834,-0.04205261170864105,0.5747045874595642,0.4083864092826843,-0.03319422900676727,0.5440137982368469,0.360919713973999,-0.04072710499167442,0.521382212638855,0.34741827845573425,-0.04266340658068657,0.503305196762085,0.3406190872192383,-0.04373709112405777
15,right,0.27264657616615295,0.509666919708252,2.3530488135747873e-07,0.30531108379364014,0.4567141532897949,-0.002321135951206088,0.3164309859275818,0.4112854599952698,-0.008617167361080647,0.3279649019241333,0.3763280212879181,-0.01686212606728077,0.3379330039024353,0.3513236343860626,-0.023550044745206833,0.24311858415603638,0.3763943016529083,-0.0043222010135650635,0.2937030494213104,0.33865922689437866,-0.020022965967655182,0.32817938923835754,0.3306520879268646,-0.03284713998436928,0.35513150691986084,0.33051225543022156,-0.04097244143486023,0.2402881681919098,0.38339558243751526,-0.011618989519774914,0.2950315773487091,0.3405548930168152,-0.028704674914479256,0.33093464374542236,0.3374583125114441,-0.03737336024641991,0.35796767473220825,0.3408028781414032,-0.041137199848890305,0.24967966973781586,0.395053893327713,-0.020036296918988228,0.3041294515132904,0.3555472493171692,-0.03620496392250061,0.33791327476501465,0.3519497811794281,-0.04024511203169823,0.36180150508880615,0.3538544774055481,-0.03984175994992256,0.26834216713905334,0.40740299224853516,-0.028946004807949066,0.31387850642204285,0.3776850700378418,-0.03945359215140343,0.339241087436676,0.37188518047332764,-0.040886279195547104,0.35843122005462646,0.36981895565986633,-0.039530202746391296
15,left,0.5780146718025208,0.4964696764945984,-3.263156145294488e-07,0.5574243068695068,0.4298819303512573,0.004557467065751553,0.5589141845703125,0.3809574246406555,0.00026753402198664844,0.5567094087600708,0.34582480788230896,-0.006692131981253624,0.554268479347229,0.3198118209838867,-0.014065075665712357,0.6353270411491394,0.37940922379493713,-0.005186345428228378,0.5966876149177551,0.3202069401741028,-0.01939547061920166,0.5630344152450562,0.2980477213859558,-0.031024310737848282,0.5377342104911804,0.29118984937667847,-0.03768015652894974,0.6332519054412842,0.3875857889652252,-0.014407766051590443,0.5954605340957642,0.3148862421512604,-0.026059141382575035,0.5597515106201172,0.29654282331466675,-0.03312021121382713,0.5329073071479797,0.29364192485809326,-0.03835565596818924,0.6203045845031738,0.395141065120697,-0.02376406639814377,0.5870205163955688,0.32354992628097534,-0.03463735058903694,0.5546809434890747,0.3095031678676605,-0.03763208165764809,0.531328022480011,0.3093108832836151,-0.03936351463198662,0.5978010892868042,0.4013057351112366,-0.032686423510313034,0.5717605352401733,0.34661102294921875,-0.04229201748967171,0.5493322610855103,0.3301323354244232,-0.044758159667253494,0.5314245223999023,0.3234845995903015,-0.04569612070918083
16,right,0.266988068819046,0.5122408866882324,3.043896583676542e-07,0.29860106110572815,0.45842617750167847,-0.0015713418833911419,0.30745935440063477,0.4096571207046509,-0.006951423827558756,0.31835582852363586,0.37353551387786865,-0.01417146623134613,0.3280496895313263,0.34407246112823486,-0.019755162298679352,0.23481617867946625,0.3760429918766022,-0.002280421555042267,0.2853466868400574,0.33945780992507935,-0.017640549689531326,0.319861501455307,0.33047178387641907,-0.03075246326625347,0.3476852774620056,0.3286503255367279,-0.03912287950515747,0.23031407594680786,0.38391318917274475,-0.008991251699626446,0.28656768798828125,0.3402308225631714,-0.026079440489411354,0.3229929208755493,0.338137149810791,-0.035131510347127914,0.3502146899700165,0.34258192777633667,-0.03906157240271568,0.23817290365695953,0.39581936597824097,-0.016790201887488365,0.2920878827571869,0.35452473163604736,-0.032323285937309265,0.3267722427845001,0.34951621294021606,-0.03666979447007179,0.3514914810657501,0.35107702016830444,-0.036525748670101166,0.2553524971008301,0.4080303907394409,-0.025041159242391586,0.2994496524333954,0.37728285789489746,-0.03551390394568443,0.32492488622665405,0.3711930215358734,-0.03759416192770004,0.34437045454978943,0.36932533979415894,-0.03662324324250221
16,left,0.5586504340171814,0.507788896560669,-4.00734052163898e-07,0.5474173426628113,0.44510579109191895,0.013189127668738365,0.5508034825325012,0.39548322558403015,0.01076657883822918,0.5439479351043701,0.3609045445919037,0.004653371404856443,0.5334303975105286,0.3402431905269623,-0.002172669395804405,0.6020276546478271,0.37822747230529785,-0.006956555414944887,0.5612884759902954,0.31850188970565796,-0.01864546164870262,0.5325421690940857,0.3129142224788666,-0.024975573644042015,0.5157110095024109,0.32087695598602295,-0.026848213747143745,0.5949349999427795,0.38700804114341736,-0.018752560019493103,0.5520610809326172,0.31508928537368774,-0.029494527727365494,0.5212386846542358,0.3108542859554291,-0.034074582159519196,0.5015011429786682,0.32154807448387146,-0.03663663938641548,0.5799040794372559,0.39710602164268494,-0.028728481382131577,0.541443943977356,0.32659173011779785,-0.034415800124406815,0.5138030052185059,0.3209436535835266,-0.03361572325229645,0.49607953429222107,0.328131765127182,-0.03297019749879837,0.5574930906295776,0.40809282660484314,-0.03727824240922928,0.5268956422805786,0.35454386472702026,-0.037633974105119705,0.5092566013336182,0.34203723073005676,-0.0334157757461071,0.49566659331321716,0.34088629484176636,-0.030635198578238487
17,right,0.27536189556121826,0.49697187542915344,2.3457913300717337e-07,0.3105139136314392,0.4439900815486908,-0.004146452061831951,0.3201363682746887,0.39734986424446106,-0.0107645932585001,0.3319096267223358,0.36278870701789856,-0.01941736973822117,0.33977991342544556,0.3350618779659271,-0.025933733209967613,0.24527813494205475,0.36534905433654785,-0.006148545537143946,0.297615647315979,0.3273518979549408,-0.02396046184003353,0.33225324749946594,0.32527029514312744,-0.037028681486845016,0.35799527168273926,0.32834354043006897,-0.04500976577401161,0.2407120317220688,0.3715484142303467,-0.012685340829193592,0.2987143397331238,0.32900872826576233,-0.03255198150873184,0.33269694447517395,0.3309862017631531,-0.040752559900283813,0.3579598665237427,0.33884942531585693,-0.04395733401179314,0.24854029715061188,0.38284868001937866,-0.02091827616095543,0.30424728989601135,0.3456931710243225,-0.03838852792978287,0.3367702066898346,0.34503331780433655,-0.04157818481326103,0.3602348566055298,0.3501734435558319,-0.04057977348566055,0.2664330005645752,0.3958504796028137,-0.030035266652703285,0.3130541741847992,0.36912065744400024,-0.04029221460223198,0.3370230197906494,0.3648744225502014,-0.041418470442295074,0.3558955788612366,0.36403191089630127,-0.04036004841327667
17,left,0.5740246772766113,0.5083876848220825,-3.5724048075280734e-07,0.5498391389846802,0.44325685501098633,0.0011048492742702365,0.5506719350814819,0.39268404245376587,-0.005314034875482321,0.5477474331855774,0.35483869910240173,-0.01342368870973587,0.5418000817298889,0.32782572507858276,-0.02203972451388836,0.6288427710533142,0.3854987323284149,-0.01204190868884325,0.5833017826080322,0.3240298628807068,-0.028061047196388245,0.5479300618171692,0.3060777187347412,-0.04062824323773384,0.5223639011383057,0.30235981941223145,-0.047681525349617004,0.6254533529281616,0.39406853914260864,-0.019278623163700104,0.5805047750473022,0.32199978828430176,-0.03235646337270737,0.5440176129341125,0.30713003873825073,-0.03942128270864487,0.5167570114135742,0.3075873553752899,-0.044607486575841904,0.6107701659202576,0.4017311930656433,-0.02660604752600193,0.5693866610527039,0.3337704539299011,-0.037457242608070374,0.5365063548088074,0.32005828619003296,-0.03993016481399536,0.5135183334350586,0.31908202171325684,-0.041591037064790726,0.5873743295669556,0.40808114409446716,-0.03385705500841141,0.5573015213012695,0.3579944372177124,-0.04279249161481857,0.5341079831123352,0.3414631485939026,-0.0450354665517807,0.516327440738678,0.33260831236839294,-0.04604257270693779
18,right,0.26609885692596436,0.5162740349769592,3.0546303264600283e-07,0.2994334399700165,0.4609048068523407,-0.0025393080431967974,0.30991360545158386,0.4150882065296173,-0.008548921905457973,0.32181596755981445,0.38124075531959534,-0.01651448756456375,0.33279991149902344,0.354798823595047,-0.022890344262123108,0.23671069741249084,0.3815934956073761,-0.002416453091427684,0.28869694471359253,0.3457140326499939,-0.019286591559648514,0.3239811658859253,0.3383772075176239,-0.033626899123191833,0.35163429379463196,0.3373129367828369,-0.04277242347598076,0.23224088549613953,0.38884785771369934,-0.009847588837146759,0.29001766443252563,0.34699296951293945,-0.028362378478050232,0.3286014795303345,0.3434608280658722,-0.038213301450014114,0.35786300897598267,0.3456456959247589,-0.04252283275127411,0.2396436631679535,0.4004971981048584,-0.01871109940111637,0.29688501358032227,0.3627336919307709,-0.035961780697107315,0.333139568567276,0.3579511046409607,-0.040641121566295624,0.3585681617259979,0.3575211763381958,-0.04040546342730522,0.2564179301261902,0.4135899245738983,-0.0281940046697855,0.3045039474964142,0.3866752088069916,-0.03943759948015213,0.33138489723205566,0.38210803270339966,-0.04107813909649849,0.3512601852416992,0.3802129030227661,-0.039638761430978775
18,left,0.5712294578552246,0.4992195963859558,-2.677469410627964e-07,0.5831880569458008,0.4471500515937805,0.004117076750844717,0.5891208052635193,0.3960951566696167,-0.0015174488071352243,0.5781337022781372,0.3570842146873474,-0.009282809682190418,0.5581136345863342,0.33633530139923096,-0.018896596506237984,0.6211837530136108,0.37837105989456177,-0.014206210151314735,0.5790764093399048,0.31830263137817383,-0.028858453035354614,0.5470070838928223,0.2996501624584198,-0.03831913322210312,0.5240201950073242,0.2948198914527893,-0.042537298053503036,0.6079811453819275,0.38601770997047424,-0.022088922560214996,0.5673487186431885,0.3229617774486542,-0.031624071300029755,0.5365692377090454,0.30748051404953003,-0.03522869572043419,0.5128157734870911,0.30516350269317627,-0.03812757134437561,0.5872611999511719,0.39396485686302185,-0.02926105633378029,0.552423894405365,0.335155725479126,-0.03732543811202049,0.5245128273963928,0.32062867283821106,-0.03834497183561325,0.5037017464637756,0.31925860047340393,-0.03884866461157799,0.5606484413146973,0.40106916427612305,-0.03569980710744858,0.5368291139602661,0.35164639353752136,-0.04267781972885132,0.5182934999465942,0.3339884877204895,-0.042800284922122955,0.5018259286880493,0.3262670636177063,-0.0416557677090168
19,right,0.2670600712299347,0.5053890347480774,2.709629427499749e-07,0.3027079403400421,0.44696497917175293,-0.0032618227414786816,0.3111113905906677,0.39686837792396545,-0.009184273891150951,0.32080796360969543,0.3597133457660675,-0.01762639917433262,0.3285653293132782,0.3313661217689514,-0.023947209119796753,0.23670914769172668,0.36742863059043884,-0.004065254703164101,0.2861284613609314,0.32774224877357483,-0.022985544055700302,0.3216836750507355,0.3229801058769226,-0.03755186125636101,0.3489013612270355,0.3237389028072357,-0.046537768095731735,0.23042406141757965,0.3746626675128937,-0.011598553508520126,0.28503966331481934,0.32959219813346863,-0.03264889493584633,0.3215499222278595,0.3275054693222046,-0.04204930365085602,0.3493212163448334,0.33135518431663513,-0.045982230454683304,0.23680204153060913,0.38685378432273865,-0.021073253825306892,0.28975698351860046,0.3460284173488617,-0.03986619412899017,0.32433536648750305,0.33826497197151184,-0.044263724237680435,0.35019463300704956,0.3368522524833679,-0.044008877128362656,0.25377559661865234,0.4007941782474518,-0.03147706389427185,0.29894959926605225,0.36955130100250244,-0.04311002418398857,0.3244675397872925,0.36323532462120056,-0.04498682916164398,0.3448156714439392,0.36067891120910645,-0.04432907700538635
19,left,0.5697646737098694,0.5067171454429626,-3.3667137699922023e-07,0.5510424375534058,0.44837915897369385,-0.0008985004387795925,0.5503982305526733,0.39713582396507263,-0.009383420459926128,0.5423572659492493,0.3580697476863861,-0.018742013722658157,0.5297203063964844,0.3313489258289337,-0.02900540456175804,0.618739902973175,0.3855622410774231,-0.018810663372278214,0.5732800960540771,0.32315096259117126,-0.03628889471292496,0.5384149551391602,0.3053578734397888,-0.048510048538446426,0.5130288600921631,0.30274730920791626,-0.05483498051762581,0.613418698310852,0.39585041999816895,-0.025432687252759933,0.5677518248558044,0.3246259391307831,-0.03911791741847992,0.5320201516151428,0.31011614203453064,-0.045489028096199036,0.5054258704185486,0.31033802032470703,-0.05018987879157066,0.5967899560928345,0.40539154410362244,-0.03196638450026512,0.5562723875045776,0.33661341667175293,-0.04403987154364586,0.5228068232536316,0.32509344816207886,-0.04623004049062729,0.5002686381340027,0.3259047269821167,-0.047312088310718536,0.57090824842453,0.412830114364624,-0.03821056708693504,0.5411365628242493,0.35992538928985596,-0.04872255027294159,0.5181939005851746,0.3443771004676819,-0.050846654921770096,0.5009281039237976,0.3376370668411255,-0.05126836523413658
20,right,0.2681702971458435,0.5172038674354553,2.2205298932931328e-07,0.30311980843544006,0.4609348177909851,-0.0021353201009333134,0.3153049945831299,0.41586780548095703,-0.008293512277305126,0.3285120129585266,0.38118505477905273,-0.016579654067754745,0.3389056622982025,0.3545915186405182,-0.023217247799038887,0.24217301607131958,0.3759402334690094,-0.0030359183438122272,0.2944340705871582,0.34194761514663696,-0.019071659073233604,0.3295993506908417,0.3365580439567566,-0.03218502551317215,0.35728007555007935,0.33634379506111145,-0.04063292220234871,0.2383025884628296,0.38270604610443115,-0.010784199461340904,0.29621461033821106,0.344035267829895,-0.028581496328115463,0.332859605550766,0.34358471632003784,-0.03739035502076149,0.3603283762931824,0.3463345170021057,-0.041130430996418,0.24634413421154022,0.3952392637729645,-0.019846586510539055,0.30391600728034973,0.3586362600326538,-0.03692297264933586,0.3392139971256256,0.35533297061920166,-0.04130582883954048,0.3644358515739441,0.355424165725708,-0.04099326953291893,0.26390641927719116,0.40952858328819275,-0.02943025529384613,0.31159526109695435,0.3820742964744568,-0.040527768433094025,0.33762502670288086,0.3782127797603607,-0.04198446869850159,0.35713663697242737,0.3764834403991699,-0.040564220398664474
20,left,0.5729436278343201,0.5017660856246948,-3.6435827155401057e-07,0.5503343343734741,0.4352824091911316,0.0038743135519325733,0.551936149597168,0.3863084316253662,-0.0010844421340152621,0.5489258766174316,0.35078635811805725,-0.008481060154736042,0.5439427495002747,0.3237987756729126,-0.01664438098669052,0.6303627490997314,0.38230186700820923,-0.006316485349088907,0.5887488722801208,0.3237994313240051,-0.020468179136514664,0.5546996593475342,0.30313774943351746,-0.03265434503555298,0.5285801887512207,0.29592829942703247,-0.03988759219646454,0.6291061639785767,0.39125820994377136,-0.015112508088350296,0.5879769921302795,0.3200051486492157,-0.02645840495824814,0.5510692000389099,0.30189386010169983,-0.034563858062028885,0.5228173732757568,0.2979309558868408,-0.041042301803827286,0.6161132454872131,0.3987365961074829,-0.023882130160927773,0.5796337127685547,0.32998520135879517,-0.03463475778698921,0.545813262462616,0.3164219260215759,-0.0391475148499012,0.5212711095809937,0.3159124255180359,-0.042342450469732285,0.5929054617881775,0.40396934747695923,-0.03218900039792061,0.5638483166694641,0.35177916288375854,-0.0420491099357605,0.5399385690689087,0.3342035114765167,-0.045585110783576965,0.5211742520332336,0.32598739862442017,-0.04751535505056381
21,right,0.2624829411506653,0.5032445192337036,2.218999952674494e-07,0.2980589270591736,0.4481177031993866,-0.003979872912168503,0.3072504699230194,0.39757484197616577,-0.010873254388570786,0.3182682991027832,0.3607311248779297,-0.020024051889777184,0.33015021681785583,0.33369746804237366,-0.027106203138828278,0.2328045815229416,0.36744505167007446,-0.0068194568157196045,0.2842850685119629,0.33164358139038086,-0.026131708174943924,0.3193834722042084,0.3307163715362549,-0.04051133617758751,0.344398558139801,0.33385103940963745,-0.049407485872507095,0.22691196203231812,0.37598150968551636,-0.014169322326779366,0.28224799036979675,0.3336939811706543,-0.03594501316547394,0.31834468245506287,0.33277249336242676,-0.045262034982442856,0.3457966446876526,0.33828356862068176,-0.04906994104385376,0.23333290219306946,0.38889408111572266,-0.023320410400629044,0.2851426899433136,0.34875956177711487,-0.04314407706260681,0.3193710744380951,0.3428134620189667,-0.047486498951911926,0.3450772762298584,0.34352830052375793,-0.047018345445394516,0.2499644160270691,0.4032247066497803,-0.033236514776945114,0.29450300335884094,0.37362271547317505,-0.04537542164325714,0.31977495551109314,0.36604970693588257,-0.04720285162329674,0.3402320146560669,0.36229801177978516,-0.04658951610326767
21,left,0.5641853213310242,0.5094404816627502,-3.7145451869946555e-07,0.5456160306930542,0.4480472803115845,0.009787815622985363,0.5450536012649536,0.3971453905105591,0.006107719149440527,0.5355340242385864,0.36101314425468445,-0.0007118558860383928,0.5261867046356201,0.3381803333759308,-0.008036096580326557,0.6023862361907959,0.3810868561267853,-0.007597277406603098,0.560201108455658,0.3243633210659027,-0.0210605226457119,0.529932975769043,0.31541314721107483,-0.029788613319396973,0.5091175436973572,0.31895893812179565,-0.033406566828489304,0.5979440212249756,0.3897324204444885,-0.018183380365371704,0.5539817214012146,0.3191908001899719,-0.03084886074066162,0.5221335887908936,0.3129435181617737,-0.03736689314246178,0.4993346929550171,0.32069098949432373,-0.04108757898211479,0.5843819975852966,0.3995742201805115,-0.027441829442977905,0.5443961024284363,0.3307836353778839,-0.03560540825128555,0.5158308148384094,0.32369619607925415,-0.036424025893211365,0.4958536922931671,0.32934629917144775,-0.03630731999874115,0.5622308254241943,0.4105164408683777,-0.035582534968853,0.5313194394111633,0.3582252860069275,-0.037995580583810806,0.5129806399345398,0.3458605408668518,-0.03508516773581505,0.4976595640182495,0.3443473279476166,-0.032958198338747025
22,right,0.2798405587673187,0.5077195167541504,2.5425322291994235e-07,0.3117455840110779,0.4539806544780731,-0.0014193578390404582,0.32220694422721863,0.41048192977905273,-0.007447277661412954,0.33420127630233765,0.376938134431839,-0.015812551602721214,0.3443773686885834,0.3518139719963074,-0.022453589364886284,0.24693751335144043,0.37822261452674866,-0.002933925949037075,0.29734572768211365,0.3379870653152466,-0.018576012924313545,0.3312934935092926,0.3301897943019867,-0.031321048736572266,0.3571122884750366,0.32966938614845276,-0.039311185479164124,0.24440662562847137,0.3832244575023651,-0.01071732584387064,0.2987799346446991,0.336983323097229,-0.02776327170431614,0.33416956663131714,0.33370158076286316,-0.03655880689620972,0.36095812916755676,0.337872177362442,-0.0402490571141243,0.2540077567100525,0.3925521969795227,-0.019579414278268814,0.3078157603740692,0.35061219334602356,-0.035092275589704514,0.34148648381233215,0.34684908390045166,-0.03904113173484802,0.36529842019081116,0.34975120425224304,-0.038631193339824677,0.2728232145309448,0.4031010568141937,-0.028919465839862823,0.3181724548339844,0.3737078011035919,-0.03894781693816185,0.34348344802856445,0.36826154589653015,-0.040157195180654526,0.3626057207584381,0.3671482801437378,-0.038657814264297485
22,left,0.5737942457199097,0.5044143199920654,-3.350044153194176e-07,0.5528724789619446,0.4402846097946167,0.0041109491139650345,0.5552380084991455,0.39208367466926575,-0.0008647807990200818,0.5528910160064697,0.3555634915828705,-0.007997368462383747,0.5481908917427063,0.33013248443603516,-0.015524869784712791,0.6314219236373901,0.3879189193248749,-0.008333702571690083,0.5893901586532593,0.32545363903045654,-0.0219193696975708,0.5552115440368652,0.30540671944618225,-0.03229654207825661,0.5306413769721985,0.3002203404903412,-0.03803518787026405,0.629603385925293,0.39589136838912964,-0.0165049247443676,0.587827742099762,0.3212607204914093,-0.027722598984837532,0.5514087080955505,0.3046201467514038,-0.03362859785556793,0.5239974856376648,0.3031870424747467,-0.03814384713768959,0.6160945296287537,0.4025670886039734,-0.024423351511359215,0.5794176459312439,0.33069655299186707,-0.034095924347639084,0.5464962720870972,0.3164248466491699,-0.03595932945609093,0.5228310823440552,0.3159315586090088,-0.03717544302344322,0.5932206511497498,0.4069126844406128,-0.03190457820892334,0.5657325983047485,0.35294315218925476,-0.03995990380644798,0.5435627102851868,0.33625248074531555,-0.0414699949324131,0.5260117053985596,0.3286289572715759,-0.04198071360588074
23,right,0.2728310525417328,0.5127861499786377,2.940055026101618e-07,0.30381664633750916,0.45890045166015625,-0.002382772509008646,0.3112391531467438,0.4102264642715454,-0.0076361470855772495,0.32021981477737427,0.374204158782959,-0.01451832614839077,0.3277011215686798,0.3454771041870117,-0.019781483337283134,0.2381693720817566,0.3772681951522827,-0.0020823152735829353,0.288986474275589,0.340015709400177,-0.01806647703051567,0.3245214521884918,0.3314535617828369,-0.03192875534296036,0.35326841473579407,0.3302273452281952,-0.04059767723083496,0.233866348862648,0.38466256856918335,-0.00845467671751976,0.28989288210868835,0.3406355679035187,-0.025697892531752586,0.32716792821884155,0.33781519532203674,-0.035106100142002106,0.3553886413574219,0.341549277305603,-0.03917452692985535,0.24179774522781372,0.39602139592170715,-0.016095096245408058,0.29585835337638855,0.3547933101654053,-0.03213503211736679,0.3311691880226135,0.34987494349479675,-0.03678501024842262,0.3566299080848694,0.3514029383659363,-0.0366138219833374,0.2592087984085083,0.40767303109169006,-0.024247080087661743,0.3029143512248993,0.37761300802230835,-0.03509322926402092,0.32865917682647705,0.37217628955841064,-0.03706006705760956,0.34828877449035645,0.3704516887664795,-0.035802021622657776
23,left,0.5577622652053833,0.502858579158783,-4.3488097389854374e-07,0.5510097742080688,0.44392460584640503,0.010773546062409878,0.560512363910675,0.39321446418762207,0.006623375695198774,0.5579551458358765,0.35400837659835815,-0.0005231766263023019,0.5524356365203857,0.3315695822238922,-0.008266660384833813,0.6058768630027771,0.36725983023643494,-0.007550019770860672,0.5642150640487671,0.30775710940361023,-0.02074521780014038,0.5343718528747559,0.3056963384151459,-0.02905281074345112,0.5181962251663208,0.3171970248222351,-0.032287124544382095,0.5976047515869141,0.37554803490638733,-0.018063202500343323,0.556084156036377,0.3077278137207031,-0.027491606771945953,0.527023434638977,0.307400107383728,-0.03161916136741638,0.5093725323677063,0.3211963176727295,-0.03462538495659828,0.5818573236465454,0.38649922609329224,-0.0272317286580801,0.5436307191848755,0.3235255181789398,-0.03128071501851082,0.5174142718315125,0.3192518651485443,-0.028738724067807198,0.50041264295578,0.32757532596588135,-0.02795700915157795,0.5587841272354126,0.39851051568984985,-0.0354129821062088,0.5281215310096741,0.3517466187477112,-0.034604091197252274,0.5104978680610657,0.3379552364349365,-0.02935195527970791,0.4962007999420166,0.33328700065612793,-0.026249730959534645
24,right,0.27908727526664734,0.5062233209609985,2.3900204837445926e-07,0.3121240437030792,0.4529871344566345,-0.0016142657259479165,0.3240714371204376,0.4072113335132599,-0.007689847145229578,0.3371928930282593,0.37074995040893555,-0.015872623771429062,0.3464968800544739,0.34144508838653564,-0.02225063368678093,0.24684961140155792,0.3723278045654297,-0.0013619211968034506,0.29704979062080383,0.333423376083374,-0.016018757596611977,0.3305934965610504,0.3248050808906555,-0.028376081958413124,0.3567154109477997,0.324398934841156,-0.03595360368490219,0.24337983131408691,0.37819647789001465,-0.008190948516130447,0.2987295687198639,0.33546051383018494,-0.023874463513493538,0.3335857391357422,0.3330627679824829,-0.03207461163401604,0.3604623079299927,0.33729296922683716,-0.03547513484954834,0.25259894132614136,0.38872161507606506,-0.01613926887512207,0.30667248368263245,0.3485524654388428,-0.03122584894299507,0.34070780873298645,0.34488505125045776,-0.034599240869283676,0.3653947114944458,0.3482684791088104,-0.03365609422326088,0.2716427445411682,0.3994644284248352,-0.024534549564123154,0.3159421384334564,0.369795560836792,-0.03399061784148216,0.3407121002674103,0.3648417890071869,-0.03461344540119171,0.35960105061531067,0.3646926283836365,-0.032587651163339615
24,left,0.5711069703102112,0.5104714035987854,-3.945806952287967e-07,0.5442662835121155,0.44541582465171814,0.002304968424141407,0.5448453426361084,0.3959093987941742,-0.003942212089896202,0.5417305827140808,0.3586081266403198,-0.012069914489984512,0.5361694693565369,0.33154940605163574,-0.02097521349787712,0.6225454807281494,0.3867514729499817,-0.012306625954806805,0.5766763687133789,0.32395434379577637,-0.02816515974700451,0.5420435667037964,0.30745118856430054,-0.040476784110069275,0.5174960494041443,0.3055497109889984,-0.04729723930358887,0.6207444071769714,0.3955959975719452,-0.019983701407909393,0.5748691558837891,0.3236205279827118,-0.031350672245025635,0.5385650992393494,0.3087445795536041,-0.03788762539625168,0.512131929397583,0.3087347447872162,-0.04363653436303139,0.6069626808166504,0.40391772985458374,-0.02761366218328476,0.5665282607078552,0.33374202251434326,-0.037841636687517166,0.5320550203323364,0.3206748068332672,-0.04086540266871452,0.5086496472358704,0.3201875686645508,-0.04364156350493431,0.5831372737884521,0.4108027219772339,-0.03489256277680397,0.5512741208076477,0.35908952355384827,-0.04409610852599144,0.5259365439414978,0.3437603712081909,-0.046665988862514496,0.506721019744873,0.3366472125053406,-0.04822532832622528
25,right,0.27481919527053833,0.5163394212722778,2.862689143512398e-07,0.30730825662612915,0.46028774976730347,-0.0022574206814169884,0.3178011476993561,0.41504842042922974,-0.008364222943782806,0.32916828989982605,0.3820255398750305,-0.016434870660305023,0.33923792839050293,0.3562389016151428,-0.0228425245732069,0.24379859864711761,0.37730318307876587,-0.0022770052310079336,0.2958732545375824,0.3428688645362854,-0.01953684352338314,0.331798791885376,0.3368380665779114,-0.03451400250196457,0.3593587875366211,0.33626478910446167,-0.04407118260860443,0.2394562065601349,0.3845829665660858,-0.009847343899309635,0.2967921793460846,0.3452132046222687,-0.028392426669597626,0.33527565002441406,0.3427199423313141,-0.03838270902633667,0.364723265171051,0.34522953629493713,-0.04288206622004509,0.2470131665468216,0.3962227404117584,-0.018864303827285767,0.30408158898353577,0.3601686656475067,-0.03635350614786148,0.34047093987464905,0.3566373586654663,-0.041108421981334686,0.3667301833629608,0.3573038876056671,-0.0409056730568409,0.26404711604118347,0.4095309376716614,-0.028481297194957733,0.31191179156303406,0.38364750146865845,-0.04020790383219719,0.33934667706489563,0.3799271285533905,-0.04207620024681091,0.360153466463089,0.37815189361572266,-0.040672022849321365
25,left,0.5741614699363708,0.49859532713890076,-3.602744413910841e-07,0.55084627866745,0.43452560901641846,0.001960334600880742,0.5514764785766602,0.3881164789199829,-0.00414913147687912,0.5488669872283936,0.35282766819000244,-0.012172047980129719,0.5440778732299805,0.3260623514652252,-0.02105146087706089,0.6299068331718445,0.3849937617778778,-0.009571683593094349,0.5875359773635864,0.32392698526382446,-0.023480858653783798,0.5535364151000977,0.3060060441493988,-0.035432469099760056,0.5294865965843201,0.302156537771225,-0.04260946065187454,0.6285108923912048,0.3916580379009247,-0.016731049865484238,0.5871327519416809,0.320320725440979,-0.027489127591252327,0.5516372323036194,0.30214983224868774,-0.0350024588406086,0.5242007970809937,0.29989391565322876,-0.04141413792967796,0.6157386302947998,0.3969452679157257,-0.023802639916539192,0.5791309475898743,0.32884570956230164,-0.033852655440568924,0.5459387898445129,0.31385302543640137,-0.03822670131921768,0.5217709541320801,0.3131133019924164,-0.041766028851270676,0.5937907695770264,0.4000849425792694,-0.030511537566781044,0.5648269057273865,0.3495717942714691,-0.0399646982550621,0.5409025549888611,0.3315030336380005,-0.04367674142122269,0.5219812989234924,0.32247036695480347,-0.046007487922906876
26,right,0.27533841133117676,0.5059314370155334,3.8471833363473706e-07,0.3075573742389679,0.4515097141265869,-0.0017188669880852103,0.3175632059574127,0.405026912689209,-0.006899228319525719,0.3275563418865204,0.3701147437095642,-0.014151375740766525,0.3358062207698822,0.34078866243362427,-0.019591324031352997,0.23951266705989838,0.3740783631801605,-7.286181789822876e-05,0.28624942898750305,0.3354038596153259,-0.015129992738366127,0.3192325830459595,0.32172471284866333,-0.02870616875588894,0.34691914916038513,0.3146357834339142,-0.03754955902695656,0.23534853756427765,0.3786826729774475,-0.007108306046575308,0.2869648039340973,0.33499211072921753,-0.0228294525295496,0.3215968608856201,0.3252098262310028,-0.03175187483429909,0.3498252034187317,0.3209480941295624,-0.03615903481841087,0.2437238246202469,0.38769853115081787,-0.015532679855823517,0.2965300977230072,0.34526997804641724,-0.030451197177171707,0.330331951379776,0.33468908071517944,-0.03490569815039635,0.35566169023513794,0.3295811116695404,-0.03542601689696312,0.26246124505996704,0.3971324563026428,-0.024619242176413536,0.30863550305366516,0.36681288480758667,-0.034744083881378174,0.3344757854938507,0.3595704138278961,-0.03615745157003403,0.3545185327529907,0.35585272312164307,-0.03496873751282692
26,left,0.5604763627052307,0.5112671852111816,-4.372742807845498e-07,0.5312761664390564,0.45015132427215576,0.011834373697638512,0.5301007032394409,0.3988363444805145,0.009352510794997215,0.5259682536125183,0.3615868091583252,0.003282716032117605,0.5226395726203918,0.3369358777999878,-0.0035438043996691704,0.6020543575286865,0.378985196352005,-0.004418392665684223,0.5611653327941895,0.3213646411895752,-0.015845872461795807,0.5310866236686707,0.3157750964164734,-0.023273469880223274,0.5118832588195801,0.3223162293434143,-0.026340484619140625,0.6007184386253357,0.38753581047058105,-0.015557212755084038,0.5574738383293152,0.31627920269966125,-0.025648772716522217,0.5244231224060059,0.31167009472846985,-0.031123489141464233,0.5015549063682556,0.3204147219657898,-0.03482336923480034,0.5892682075500488,0.397848516702652,-0.025325393304228783,0.5499299764633179,0.32767215371131897,-0.03236966207623482,0.5185031294822693,0.3192557692527771,-0.03345625847578049,0.4966217279434204,0.32356593012809753,-0.03407501056790352,0.5676392912864685,0.4087374210357666,-0.03373413160443306,0.5354409217834473,0.3587814271450043,-0.03615236654877663,0.5136672854423523,0.3444717228412628,-0.033992599695920944,0.49561959505081177,0.34029847383499146,-0.03264160081744194
27,right,0.27502578496932983,0.5173074007034302,2.1287173979089857e-07,0.30817291140556335,0.46277740597724915,-0.002426205202937126,0.3206433057785034,0.41838183999061584,-0.009122478775680065,0.33456477522850037,0.38419392704963684,-0.017800863832235336,0.3466475009918213,0.3581448793411255,-0.024806804955005646,0.24780237674713135,0.3791787624359131,-0.0037477610167115927,0.2980143129825592,0.3437138795852661,-0.019568167626857758,0.33361124992370605,0.33893072605133057,-0.03248082846403122,0.3613954186439514,0.34018975496292114,-0.04075131565332413,0.2440708577632904,0.3864743113517761,-0.011235463432967663,0.3003717064857483,0.34517234563827515,-0.028795048594474792,0.33745843172073364,0.3448697030544281,-0.037529271095991135,0.3650354743003845,0.34904882311820984,-0.04111391678452492,0.2524597644805908,0.39899328351020813,-0.01998618058860302,0.30861619114875793,0.36021530628204346,-0.037076566368341446,0.34401175379753113,0.35678160190582275,-0.041600167751312256,0.3692469000816345,0.3574051260948181,-0.04127665236592293,0.27049922943115234,0.4130215644836426,-0.02919071353971958,0.3171286880970001,0.38473328948020935,-0.040453191846609116,0.34340453147888184,0.3805748224258423,-0.042139530181884766,0.36304721236228943,0.37899863719940186,-0.04082045331597328
27,left,0.5716128945350647,0.5010049343109131,-3.4390882319712546e-07,0.5506824254989624,0.4342447817325592,0.006817368790507317,0.5536389946937561,0.38623660802841187,0.0031571672298014164,0.5511992573738098,0.3502907156944275,-0.003641424933448434,0.5469157099723816,0.3235623240470886,-0.011151826940476894,0.6297332644462585,0.3830559551715851,-0.0020204144529998302,0.5886349081993103,0.32312580943107605,-0.015130165033042431,0.5556715726852417,0.3028929531574249,-0.02642652951180935,0.5312208533287048,0.2962328791618347,-0.03309720382094383,0.627498209476471,0.39026471972465515,-0.011954004876315594,0.5877211689949036,0.31637176871299744,-0.022945061326026917,0.5519413352012634,0.30029061436653137,-0.030537499114871025,0.525459349155426,0.29711025953292847,-0.0363730788230896,0.61420077085495,0.39704760909080505,-0.02172187715768814,0.5798170566558838,0.32449936866760254,-0.032352931797504425,0.5469445586204529,0.31039294600486755,-0.035974081605672836,0.523651123046875,0.3087118864059448,-0.038240429013967514,0.5912926197052002,0.4016357958316803,-0.030742287635803223,0.5653891563415527,0.34729525446891785,-0.03944312036037445,0.5433652997016907,0.33156105875968933,-0.04153323546051979,0.5260301828384399,0.3242642283439636,-0.042478859424591064
28,right,0.26425957679748535,0.5091168880462646,1.6523809165391867e-07,0.29948216676712036,0.4490780234336853,-0.0017105286242440343,0.30751949548721313,0.40083518624305725,-0.008355578407645226,0.31788548827171326,0.3629560172557831,-0.017940504476428032,0.3289714455604553,0.33465251326560974,-0.025566603988409042,0.23150846362113953,0.3698928952217102,-0.004279071930795908,0.28221994638442993,0.32767269015312195,-0.022400187328457832,0.31815072894096375,0.3251633644104004,-0.03628208860754967,0.34345874190330505,0.32709479331970215,-0.04516874626278877,0.22642306983470917,0.37828272581100464,-0.012833891436457634,0.28191322088241577,0.3298754394054413,-0.033293865621089935,0.31826144456863403,0.32853981852531433,-0.04220200330018997,0.3451888859272003,0.33373215794563293,-0.04611135646700859,0.23374223709106445,0.39072033762931824,-0.02299577184021473,0.28548210859298706,0.345718115568161,-0.04194946214556694,0.3202494978904724,0.3401271402835846,-0.04588104784488678,0.3461749851703644,0.34164920449256897,-0.045498427003622055,0.2512972056865692,0.40363550186157227,-0.03370661288499832,0.29634007811546326,0.37148839235305786,-0.04476397484540939,0.32117101550102234,0.3655302822589874,-0.045738786458969116,0.34125596284866333,0.36304569244384766,-0.04476677253842354
28,left,0.5616575479507446,0.50362628698349,-3.9233938764482446e-07,0.5343269109725952,0.44518977403640747,0.00849946029484272,0.5351831912994385,0.399623304605484,0.004006720148026943,0.5319143533706665,0.366133451461792,-0.0033930253703147173,0.5295793414115906,0.3424454629421234,-0.011331522837281227,0.6070109009742737,0.3801082372665405,-0.008519768714904785,0.5688602328300476,0.3236730396747589,-0.019882092252373695,0.5382310152053833,0.315643310546875,-0.027229662984609604,0.5179526805877686,0.3190268278121948,-0.0306533295661211,0.6046055555343628,0.38771069049835205,-0.01788097433745861,0.5620677471160889,0.3156723082065582,-0.029180312529206276,0.5296157598495483,0.3103356659412384,-0.03572304546833038,0.5073878765106201,0.3170938193798065,-0.04019825533032417,0.592128336429596,0.39654862880706787,-0.02574271894991398,0.5528573989868164,0.32630497217178345,-0.03368831425905228,0.5228654742240906,0.3203141987323761,-0.03540312871336937,0.5033664107322693,0.3266991972923279,-0.03637997806072235,0.5699853897094727,0.404784232378006,-0.0324837863445282,0.5388035774230957,0.35314908623695374,-0.03586598113179207,0.5181562304496765,0.34133803844451904,-0.03454609215259552,0.5023461580276489,0.3394021689891815,-0.033747851848602295
29,right,0.2799910306930542,0.5131966471672058,2.0340860373835312e-07,0.3134637773036957,0.45606663823127747,-0.001227208529599011,0.3246135413646698,0.40946170687675476,-0.007401477545499802,0.3377208709716797,0.3722946345806122,-0.016039617359638214,0.3486310839653015,0.34324774146080017,-0.022791344672441483,0.24774861335754395,0.3786334991455078,-0.0022711073979735374,0.2966011166572571,0.3392280042171478,-0.016914211213588715,0.32930099964141846,0.33225518465042114,-0.02890833094716072,0.3533937931060791,0.3315971791744232,-0.03669072315096855,0.24563588201999664,0.3849656283855438,-0.010093603283166885,0.29886990785598755,0.33997562527656555,-0.026443149894475937,0.3326556086540222,0.3362869918346405,-0.03477685898542404,0.35791152715682983,0.33901697397232056,-0.038419459015131,0.25550925731658936,0.3958249092102051,-0.018957601860165596,0.3071874976158142,0.35325056314468384,-0.03354322537779808,0.34013640880584717,0.3469378352165222,-0.03692120686173439,0.3638637065887451,0.34731751680374146,-0.036505963653326035,0.2742227017879486,0.4076770842075348,-0.028345953673124313,0.3183131217956543,0.376595675945282,-0.037273749709129333,0.3425452709197998,0.3690433204174042,-0.03790110722184181,0.36126428842544556,0.36604270339012146,-0.036364879459142685
29,left,0.5723773837089539,0.506229043006897,-3.5670953479893797e-07,0.5486477613449097,0.4403013288974762,0.0032166088931262493,0.5503450036048889,0.39106351137161255,-0.002132329624146223,0.5478556752204895,0.35519087314605713,-0.009729327633976936,0.5432673096656799,0.3276554346084595,-0.018067480996251106,0.629518449306488,0.38644424080848694,-0.008906063623726368,0.5865093469619751,0.32649579644203186,-0.02281278558075428,0.5528019070625305,0.30743253231048584,-0.03417191281914711,0.5280736684799194,0.30201688408851624,-0.04093923792243004,0.6278161406517029,0.39402467012405396,-0.017327172681689262,0.5857449173927307,0.32175713777542114,-0.029008138924837112,0.5504071116447449,0.30541419982910156,-0.03651908412575722,0.5238560438156128,0.3028566241264343,-0.04235542193055153,0.6146272420883179,0.40101680159568787,-0.025576364248991013,0.5763911008834839,0.33109375834465027,-0.036333419382572174,0.5440185070037842,0.316493421792984,-0.04021560028195381,0.5209193825721741,0.31472688913345337,-0.043009527027606964,0.5916987061500549,0.4062914252281189,-0.03339212015271187,0.5616782903671265,0.35486751794815063,-0.042826421558856964,0.5383147597312927,0.3380239009857178,-0.04589811712503433,0.520393967628479,0.32984232902526855,-0.04758619889616966
30,right,0.2754741907119751,0.524642825126648,3.0157838182276464e-07,0.3072870373725891,0.4676626920700073,-0.0031990953721106052,0.31663814187049866,0.419026255607605,-0.009404181502759457,0.32832199335098267,0.3823557198047638,-0.017377538606524467,0.3385915160179138,0.35363155603408813,-0.02340792305767536,0.2424575686454773,0.38588160276412964,-0.002716818591579795,0.294611394405365,0.347464919090271,-0.020358212292194366,0.3307472765445709,0.34237074851989746,-0.034987952560186386,0.35792455077171326,0.34380465745925903,-0.04388047009706497,0.2375326305627823,0.39361903071403503,-0.009490277618169785,0.29551246762275696,0.35185378789901733,-0.028526671230793,0.3345298171043396,0.3496771454811096,-0.03824843093752861,0.36381956934928894,0.35317546129226685,-0.042293086647987366,0.24446707963943481,0.40527260303497314,-0.01783464476466179,0.3020424544811249,0.36767974495887756,-0.03542619198560715,0.3378165662288666,0.3660088777542114,-0.039364349097013474,0.3628317415714264,0.3691085875034332,-0.038298334926366806,0.26044321060180664,0.4175261855125427,-0.026893865317106247,0.30737853050231934,0.39030757546424866,-0.038054853677749634,0.33358034491539,0.3860771656036377,-0.03933246061205864,0.3530975580215454,0.3848131000995636,-0.03740895539522171
30,left,0.5591236352920532,0.5076590776443481,-4.466056680030306e-07,0.5472543239593506,0.4457206130027771,0.01136279571801424,0.5532596707344055,0.3958510160446167,0.00789955910295248,0.5489776134490967,0.35667684674263,0.0010908209951594472,0.5426039695739746,0.3340931534767151,-0.0063947527669370174,0.6073286533355713,0.37644505500793457,-0.0062926034443080425,0.565613329410553,0.3149074614048004,-0.01930776797235012,0.5350683927536011,0.3108423948287964,-0.027577603235840797,0.5175114870071411,0.32030314207077026,-0.030928166583180428,0.6009277701377869,0.3862997591495514,-0.01725810207426548,0.5585314035415649,0.3152954578399658,-0.027477430179715157,0.5286799669265747,0.3138996660709381,-0.032417356967926025,0.5100167393684387,0.3256915807723999,-0.03594090789556503,0.5858688354492188,0.397996723651886,-0.026878511533141136,0.5471739172935486,0.3303080201148987,-0.032925043255090714,0.5203844308853149,0.32690390944480896,-0.0316559299826622,0.5031777024269104,0.3355430066585541,-0.031237361952662468,0.5623039603233337,0.40957561135292053,-0.03532174229621887,0.5314929485321045,0.3601304888725281,-0.03670739382505417,0.5133889317512512,0.34546777606010437,-0.032994888722896576,0.4986633062362671,0.3388291299343109,-0.03073175996541977
31,right,0.2747991979122162,0.5128818154335022,3.41854843100009e-07,0.30704402923583984,0.4573875069618225,-0.00262883841060102,0.31875574588775635,0.41213685274124146,-0.009074538946151733,0.3315746784210205,0.3760547935962677,-0.017538249492645264,0.33889326453208923,0.34479421377182007,-0.023998213931918144,0.23846828937530518,0.3833602964878082,-0.0007679788395762444,0.2844347357749939,0.3435674011707306,-0.016401007771492004,0.31772148609161377,0.3314764201641083,-0.0304787028580904,0.34455570578575134,0.3266482353210449,-0.039505135267972946,0.2352796196937561,0.3879531919956207,-0.007368207443505526,0.28562799096107483,0.3438167870044708,-0.023783713579177856,0.3202977776527405,0.33550137281417847,-0.03309069573879242,0.3479493260383606,0.33376920223236084,-0.03754908964037895,0.24402812123298645,0.3962893486022949,-0.015451909974217415,0.2951323688030243,0.3543897867202759,-0.03064524196088314,0.328138530254364,0.34428101778030396,-0.034721288830041885,0.352920264005661,0.34125229716300964,-0.03477051109075546,0.26297712326049805,0.404092937707901,-0.024303646758198738,0.30787989497184753,0.37384188175201416,-0.03426922485232353,0.3327179253101349,0.3665527105331421,-0.03551719710230827,0.3522433936595917,0.3635585606098175,-0.03411951661109924
31,left,0.5703787803649902,0.5174233913421631,-3.9332829260274593e-07,0.5445375442504883,0.45055434107780457,0.0019368574721738696,0.5461748838424683,0.4017401933670044,-0.004443483892828226,0.544544517993927,0.3650030493736267,-0.012658396735787392,0.5399587750434875,0.3374866545200348,-0.021612050011754036,0.6233257055282593,0.39369481801986694,-0.012212146073579788,0.578523576259613,0.3311043977737427,-0.028376489877700806,0.5443321466445923,0.3136972188949585,-0.04088423773646355,0.5196526050567627,0.31069719791412354,-0.04774533212184906,0.6213975548744202,0.40393272042274475,-0.01985228806734085,0.5759500861167908,0.33194074034690857,-0.03139185532927513,0.540325939655304,0.3160052001476288,-0.0378827266395092,0.5135267972946167,0.3148389458656311,-0.04347679391503334,0.6076242923736572,0.41297072172164917,-0.027579180896282196,0.5668774843215942,0.34327927231788635,-0.03791830688714981,0.533271849155426,0.32949894666671753,-0.040654126554727554,0.509894073009491,0.3281126618385315,-0.04313792288303375,0.5840529203414917,0.4200786352157593,-0.03504548221826553,0.551496684551239,0.36799412965774536,-0.044498033821582794,0.5266876816749573,0.3521096706390381,-0.04706653580069542,0.507493257522583,0.34404420852661133,-0.048481497913599014
32,right,0.27573683857917786,0.5220947861671448,2.4622298155918543e-07,0.3072214722633362,0.4680613875389099,-0.0015996397705748677,0.31844180822372437,0.42407146096229553,-0.007666962221264839,0.33180105686187744,0.39078694581985474,-0.0159141942858696,0.3438597321510315,0.36583763360977173,-0.022694330662488937,0.24541804194450378,0.386531263589859,-0.0021704628597944975,0.29548612236976624,0.34994634985923767,-0.018257971853017807,0.3309117555618286,0.3427765667438507,-0.03178735077381134,0.3583623170852661,0.3425006568431854,-0.040387898683547974,0.24248053133487701,0.39320215582847595,-0.009972143918275833,0.2977025508880615,0.35050341486930847,-0.02767251804471016,0.3353278934955597,0.34731119871139526,-0.037097811698913574,0.3638548254966736,0.3502771258354187,-0.041161540895700455,0.25093868374824524,0.4042396545410156,-0.01903003826737404,0.3062101900577545,0.3650270998477936,-0.035932693630456924,0.3416059613227844,0.3603779077529907,-0.04096679389476776,0.3669598400592804,0.3608671724796295,-0.0410320945084095,0.2688811719417572,0.4168565273284912,-0.02852298691868782,0.3156062662601471,0.38880351185798645,-0.039703015238046646,0.34235653281211853,0.383762389421463,-0.041741546243429184,0.362792432308197,0.38163575530052185,-0.040667638182640076
32,left,0.5737798810005188,0.5025866031646729,-3.462088500327809e-07,0.5540667772293091,0.4347417950630188,0.003604795318096876,0.5560434460639954,0.386898398399353,-0.0014045849675312638,0.5537765026092529,0.35132473707199097,-0.008816980756819248,0.5489636063575745,0.3244789242744446,-0.016883820295333862,0.6340029835700989,0.39151689410209656,-0.0063615236431360245,0.5945358872413635,0.32848578691482544,-0.01968718133866787,0.5611697435379028,0.30674317479133606,-0.031161997467279434,0.5368010401725769,0.29977136850357056,-0.038059063255786896,0.6317545771598816,0.39952078461647034,-0.014701181091368198,0.5931164622306824,0.32376763224601746,-0.02536195144057274,0.557797908782959,0.30327922105789185,-0.0326152965426445,0.5306562781333923,0.29909372329711914,-0.038644760847091675,0.6186844110488892,0.40522927045822144,-0.02303408272564411,0.5845687985420227,0.33340439200401306,-0.03314483165740967,0.551984429359436,0.31842344999313354,-0.03676993027329445,0.5284826755523682,0.31813567876815796,-0.03948422521352768,0.5966295599937439,0.40782901644706726,-0.030975928530097008,0.5703627467155457,0.353339821100235,-0.04053117707371712,0.5476608276367188,0.33469682931900024,-0.04369219392538071,0.5296017527580261,0.3260993957519531,-0.04545977711677551
33,right,0.2722858786582947,0.5120956897735596,3.7510250194827677e-07,0.30017906427383423,0.4567941725254059,-0.00021369714522734284,0.30577826499938965,0.4104931950569153,-0.0045128255151212215,0.31190255284309387,0.37573492527008057,-0.011146686039865017,0.318967342376709,0.3458232283592224,-0.016286110505461693,0.23366959393024445,0.3823072612285614,0.0007801663596183062,0.28057169914245605,0.3425601124763489,-0.01467051263898611,0.3145477771759033,0.33084309101104736,-0.028461463749408722,0.3422287404537201,0.3263160288333893,-0.037193555384874344,0.22839981317520142,0.3875945508480072,-0.006797261070460081,0.27972230315208435,0.34172695875167847,-0.02378319762647152,0.3168553411960602,0.33380624651908875,-0.033536821603775024,0.3456285893917084,0.33344149589538574,-0.037867914885282516,0.23565475642681122,0.39694586396217346,-0.015542459674179554,0.2857583463191986,0.3519088923931122,-0.0314706414937973,0.32076144218444824,0.3427257537841797,-0.03633436560630798,0.3457242548465729,0.34054553508758545,-0.03640178218483925,0.25236037373542786,0.40611743927001953,-0.02467171661555767,0.29530152678489685,0.37248528003692627,-0.035329416394233704,0.32072117924690247,0.3642759919166565,-0.03671322017908096,0.33953195810317993,0.3614792823791504,-0.035108782351017
33,left,0.5623283982276917,0.5158822536468506,-3.570551712073211e-07,0.5353761911392212,0.4564339518547058,0.005646721925586462,0.5318894386291504,0.406132310628891,0.0005795455072075129,0.5229420065879822,0.36821886897087097,-0.006913209334015846,0.515108048915863,0.34292399883270264,-0.014430862851440907,0.6055088639259338,0.39296776056289673,-0.010525781661272049,0.5649784207344055,0.3343750834465027,-0.02462914027273655,0.5322819948196411,0.32225000858306885,-0.03401775285601616,0.5093299150466919,0.3219429850578308,-0.03851604461669922,0.6028735637664795,0.40347880125045776,-0.019242126494646072,0.5604203343391418,0.3285396695137024,-0.03351382538676262,0.5268955826759338,0.3194564878940582,-0.04093931242823601,0.5024486780166626,0.325893759727478,-0.04513039067387581,0.5895642638206482,0.41216063499450684,-0.026972532272338867,0.5500625371932983,0.34114158153533936,-0.036835912615060806,0.5203500986099243,0.33149954676628113,-0.038523633033037186,0.49927735328674316,0.33523809909820557,-0.03874296694993973,0.5672594904899597,0.41878974437713623,-0.03402308374643326,0.5365827679634094,0.36647945642471313,-0.03888442739844322,0.5162793397903442,0.35288283228874207,-0.03796391561627388,0.4993343949317932,0.3492652177810669,-0.03696374222636223
34,right,0.2793414294719696,0.5148353576660156,2.2495477480788395e-07,0.31101369857788086,0.45930051803588867,-0.00020399325876496732,0.320507287979126,0.4135090410709381,-0.005388379562646151,0.331246942281723,0.37959498167037964,-0.012851927429437637,0.3412560820579529,0.35438090562820435,-0.018786657601594925,0.24696138501167297,0.38149312138557434,-0.0010703314328566194,0.2961823642253876,0.34271103143692017,-0.015512598678469658,0.3289984464645386,0.33152490854263306,-0.02803380787372589,0.35450705885887146,0.32815220952033997,-0.036126844584941864,0.2435593456029892,0.3873049318790436,-0.009035213850438595,0.2955654561519623,0.34161123633384705,-0.024553438648581505,0.33035486936569214,0.33475443720817566,-0.032718539237976074,0.35695505142211914,0.3350222408771515,-0.03634989261627197,0.2527056932449341,0.3966955542564392,-0.017983239144086838,0.30402639508247375,0.35282835364341736,-0.03325789421796799,0.3379480242729187,0.34679409861564636,-0.03670878708362579,0.3619975447654724,0.3477433919906616,-0.03592276945710182,0.2715471684932709,0.4065289795398712,-0.027287114411592484,0.31518131494522095,0.37372681498527527,-0.037715502083301544,0.34054380655288696,0.36662557721138,-0.03880457207560539,0.35932791233062744,0.3635992407798767,-0.037075433880090714
34,left,0.5714437365531921,0.5090605616569519,-3.3844489166767744e-07,0.5507687926292419,0.4456237852573395,0.0024116754066199064,0.5533196926116943,0.3966449797153473,-0.003194693708792329,0.5511459708213806,0.359843373298645,-0.010619605891406536,0.5458543300628662,0.3333953619003296,-0.018391713500022888,0.6299471259117126,0.3943080008029938,-0.009839332662522793,0.5887745022773743,0.3309398293495178,-0.024535013362765312,0.5550639033317566,0.3097335994243622,-0.0357830636203289,0.5304197072982788,0.303861528635025,-0.042078521102666855,0.6276637315750122,0.40287452936172485,-0.01752869039773941,0.5879742503166199,0.3278888165950775,-0.029726918786764145,0.5523720979690552,0.31058627367019653,-0.03604959696531296,0.5255821943283081,0.30906224250793457,-0.04075794294476509,0.613787055015564,0.40987086296081543,-0.02523278072476387,0.5788477659225464,0.33820465207099915,-0.036263175308704376,0.5464881658554077,0.32316067814826965,-0.038548793643713,0.5233070850372314,0.3220311105251312,-0.03979022428393364,0.5904589891433716,0.4144061803817749,-0.03259100764989853,0.5638363361358643,0.36072206497192383,-0.04195280000567436,0.5420474410057068,0.34248390793800354,-0.04416545853018761,0.5249770283699036,0.3328058123588562,-0.04498282074928284
35,right,0.2745676040649414,0.5127142071723938,3.3473605753897573e-07,0.30263596773147583,0.45838940143585205,-0.0018099525477737188,0.3074776530265808,0.408203125,-0.007122471928596497,0.3141493797302246,0.371286541223526,-0.014183150604367256,0.32312291860580444,0.34121739864349365,-0.019781984388828278,0.23400647938251495,0.3806454539299011,-0.004052702337503433,0.28132304549217224,0.3395296633243561,-0.02102108858525753,0.31580057740211487,0.3284659683704376,-0.03507855907082558,0.34440577030181885,0.32671958208084106,-0.043808165937662125,0.22810615599155426,0.3887951374053955,-0.011099002324044704,0.28133508563041687,0.34055081009864807,-0.030321821570396423,0.3194372057914734,0.335219144821167,-0.04069480299949646,0.3482045531272888,0.33866435289382935,-0.045086175203323364,0.23522649705410004,0.4005621075630188,-0.01914435625076294,0.2860161364078522,0.35509106516838074,-0.0371926985681057,0.3223000764846802,0.3478069007396698,-0.042548514902591705,0.34782707691192627,0.348702609539032,-0.042590539902448654,0.2515959143638611,0.4117366373538971,-0.027488311752676964,0.2936893105506897,0.3769664764404297,-0.04036754369735718,0.31997162103652954,0.36882320046424866,-0.042996007949113846,0.33973193168640137,0.3664925992488861,-0.04204139858484268
35,left,0.5653218030929565,0.5072792172431946,-4.157117245995323e-07,0.5525895357131958,0.45197793841362,0.008091929368674755,0.559830367565155,0.4026726484298706,0.0031367528717964888,0.560086727142334,0.3659482002258301,-0.004428873769938946,0.5582735538482666,0.3439953625202179,-0.01196563895791769,0.6115466952323914,0.37480148673057556,-0.009038104675710201,0.573981523513794,0.30913063883781433,-0.023441392928361893,0.5430377721786499,0.30352500081062317,-0.03192728012800217,0.5254101157188416,0.3136903941631317,-0.03512170538306236,0.6075581908226013,0.3837338089942932,-0.018252454698085785,0.5662643313407898,0.31562352180480957,-0.028925202786922455,0.5369460582733154,0.31394168734550476,-0.03271418809890747,0.5199021100997925,0.32637980580329895,-0.03523176163434982,0.5948299169540405,0.39440372586250305,-0.026648230850696564,0.5543974041938782,0.3335915803909302,-0.03283265233039856,0.5275929570198059,0.3278834819793701,-0.03030441142618656,0.5109636187553406,0.33524999022483826,-0.028734322637319565,0.5749251842498779,0.4050833582878113,-0.03433630242943764,0.5425790548324585,0.35823968052864075,-0.036182671785354614,0.522979199886322,0.3434254229068756,-0.03218252211809158,0.5082208514213562,0.33829882740974426,-0.029274404048919678
36,right,0.28486543893814087,0.5148242115974426,2.2042826230972423e-07,0.3151910603046417,0.4604797959327698,-0.002213463420048356,0.3238561451435089,0.41488775610923767,-0.008714994415640831,0.33366256952285767,0.37888646125793457,-0.017227688804268837,0.34209561347961426,0.3510918915271759,-0.024229751899838448,0.24872595071792603,0.38663583993911743,-0.0040174066089093685,0.2956244945526123,0.34400928020477295,-0.01920611970126629,0.32826489210128784,0.33085307478904724,-0.031810346990823746,0.3540993630886078,0.3267216682434082,-0.03979000821709633,0.24544230103492737,0.39205241203308105,-0.011064321734011173,0.2956531047821045,0.34334811568260193,-0.027399344369769096,0.3304339051246643,0.3355158567428589,-0.03584364801645279,0.35739201307296753,0.3362535238265991,-0.039534639567136765,0.2544921338558197,0.4009808301925659,-0.019114011898636818,0.30540478229522705,0.3552333116531372,-0.03491097316145897,0.33963415026664734,0.3488464951515198,-0.03844112157821655,0.3644005060195923,0.3504405915737152,-0.03765737637877464,0.2731529772281647,0.4097892940044403,-0.02762502245604992,0.3156066834926605,0.3760570287704468,-0.03813663870096207,0.34048253297805786,0.3684317171573639,-0.03922247886657715,0.3594360947608948,0.3656911253929138,-0.03755520284175873
36,left,0.5696717500686646,0.5193069577217102,-4.2171356540166016e-07,0.5418670773506165,0.4490855932235718,0.00259745423682034,0.5422033071517944,0.40022921562194824,-0.003918361384421587,0.5401298403739929,0.36227473616600037,-0.01268664188683033,0.5353601574897766,0.3329174220561981,-0.02241845242679119,0.6224016547203064,0.3936212956905365,-0.009841825813055038,0.576911211013794,0.3335411250591278,-0.026414183899760246,0.5422061085700989,0.31667360663414,-0.0400981642305851,0.5180758833885193,0.3142958879470825,-0.04791782796382904,0.6194219589233398,0.4037768244743347,-0.017888816073536873,0.5729148983955383,0.3335682451725006,-0.031135033816099167,0.5372909307479858,0.32142573595046997,-0.039409033954143524,0.5112041234970093,0.3230806291103363,-0.04575227573513985,0.6055442690849304,0.4127810597419739,-0.02601810358464718,0.5624164342880249,0.3469226658344269,-0.0369747057557106,0.5293759107589722,0.3350289762020111,-0.040394026786088943,0.506170392036438,0.33517664670944214,-0.042980875819921494,0.582785964012146,0.42019516229629517,-0.033885035663843155,0.5490493178367615,0.3711422383785248,-0.042501963675022125,0.5253653526306152,0.3558230698108673,-0.04498663544654846,0.5066730976104736,0.34742221236228943,-0.046415794640779495
